-2.73497019911e-07
-3.32905459571e-07
-3.78222913734e-07
-4.19765563691e-07
-4.5156921119e-07
-4.55524621359e-07
-4.40061546233e-07
-4.19942559542e-07
-3.85186188573e-07
-3.36985384876e-07
-2.93938997861e-07
-2.54837839113e-07
-2.27785293053e-07
-2.11735670862e-07
-1.94935436039e-07
-1.92969081676e-07
-1.91774326422e-07
-1.91478925815e-07
-2.08976544204e-07
-2.1488428272e-07
-2.2000837575e-07
-2.32434953483e-07
-2.32859339968e-07
-2.32189089049e-07
-2.20469094333e-07
-1.98297842953e-07
-1.74070975125e-07
-1.45176710402e-07
-1.2545364758e-07
-1.16376081149e-07
-1.16326104377e-07
-1.16689815879e-07
-1.13041287536e-07
-1.14739184456e-07
-1.15392089459e-07
-1.15485897529e-07
-1.17964826686e-07
-1.20422073585e-07
-1.21672246845e-07
-1.23358670859e-07
-1.4070707289e-07
-1.69856639211e-07
-2.00720395485e-07
-2.32210824449e-07
-2.496919084e-07
-2.51104222892e-07
-2.46435050557e-07
-2.36580171852e-07
-2.23380600716e-07
-2.12976549131e-07
-2.06617402404e-07
-2.03083830054e-07
-2.01686033478e-07
-2.0660585472e-07
-2.21146482592e-07
-2.3308339575e-07
-2.38933827627e-07
-2.38716369359e-07
-2.37207702414e-07
-2.46853169034e-07
-2.5199392003e-07
-2.50533793245e-07
-2.5135552339e-07
-2.48338011313e-07
-2.48326216431e-07
-2.46241093534e-07
-2.35577732225e-07
-2.2474794208e-07
-2.1731261509e-07
-2.12540151933e-07
-2.11430586515e-07
-2.21120045108e-07
-2.41740453798e-07
-2.68274956967e-07
-2.96425555035e-07
-3.1600732395e-07
-3.15458844687e-07
-3.00957179825e-07
-2.80357661578e-07
-2.43792481983e-07
-2.01629257675e-07
-1.59925638493e-07
-1.11792161715e-07
-7.74530405334e-08
-6.07746720139e-08
-4.38147984077e-08
-2.8870170286e-08
-3.06248952341e-08
-4.86813712528e-08
-7.7194176648e-08
-1.2017913542e-07
-1.68098407655e-07
-2.16326227706e-07
-2.66331654916e-07
-3.01697061811e-07
-3.21101520753e-07
-3.29431206723e-07
-3.20817757938e-07
-2.98533693837e-07
-2.68231286802e-07
-2.36531330934e-07
-2.10186651183e-07
-1.87837098626e-07
-1.74240029126e-07
-1.71376260402e-07
-1.70068617246e-07
-1.77323067387e-07
-1.86104232638e-07
-1.86734753861e-07
-2.01589558515e-07
-2.14871519668e-07
-2.15284738039e-07
-2.27364521276e-07
-2.38326696751e-07
-2.43514375414e-07
-2.47566038226e-07
-2.45786379794e-07
-2.50831380457e-07
-2.59624484719e-07
-2.66492256151e-07
-2.70932613278e-07
-2.73155148074e-07
-2.75937549333e-07
-2.72027123768e-07
-2.65392924214e-07
-2.56463879472e-07
-2.41059545417e-07
-2.2146157133e-07
-1.94614139724e-07
-1.60588905286e-07
-1.25181528059e-07
-9.90511580971e-08
-7.72956241506e-08
-6.06855805691e-08
-6.04988539152e-08
-6.33043838117e-08
-7.39219037919e-08
-9.83279242763e-08
-1.22255052755e-07
-1.56551888611e-07
-2.01197305763e-07
-2.36877930161e-07
-2.67280455793e-07
-2.84718906392e-07
-2.8166292408e-07
-2.85726901218e-07
-2.8731296549e-07
-2.78032946923e-07
-2.82468091772e-07
-2.7990758876e-07
-2.67159168291e-07
-2.55204643977e-07
-2.27100286075e-07
-1.99097188543e-07
-1.79393668014e-07
-1.55675113595e-07
-1.44014186268e-07
-1.50623961527e-07
-1.57047280645e-07
-1.63058211838e-07
-1.77557942476e-07
-1.9036141388e-07
-2.01115892053e-07
-2.25265311682e-07
-2.5765492039e-07
-2.8375135219e-07
-3.02930330313e-07
-3.12473462528e-07
-3.03736147384e-07
-2.84810736806e-07
-2.68916946785e-07
-2.4205917228e-07
-2.04380691775e-07
-1.79963455797e-07
-1.59541653254e-07
-1.36567011725e-07
-1.16940010982e-07
-9.12469231444e-08
-7.46919495124e-08
-7.60184162523e-08
-8.00100969057e-08
-9.3878341524e-08
-1.26497235339e-07
-1.70350273193e-07
-2.15040072611e-07
-2.56060422479e-07
-2.93394020274e-07
-3.1524416139e-07
-3.21272605241e-07
-3.28162462974e-07
-3.31917527875e-07
-3.34444485379e-07
-3.43999663927e-07
-3.48711712928e-07
-3.49876757796e-07
-3.36940709514e-07
-3.0224662178e-07
-2.66703279144e-07
-2.24134901262e-07
-1.8161661967e-07
-1.58123248148e-07
-1.4989797944e-07
-1.51021328187e-07
-1.52028095206e-07
-1.61017753999e-07
-1.70181347477e-07
-1.72173443511e-07
-1.83072913904e-07
-1.93237461389e-07
-1.98481716244e-07
-2.05282245556e-07
-2.11419680595e-07
-2.09738891586e-07
-1.98115407369e-07
-1.83326498751e-07
-1.6752400285e-07
-1.55615679685e-07
-1.47545029058e-07
-1.41866251673e-07
-1.37758945195e-07
-1.43603045178e-07
-1.63618235932e-07
-1.88579102574e-07
-2.2597607243e-07
-2.58762385868e-07
-2.81422652489e-07
-3.0176901235e-07
-2.9387491667e-07
-2.66154349517e-07
-2.29318744757e-07
-1.86219947133e-07
-1.57014433865e-07
-1.43113998166e-07
-1.36548189698e-07
-1.35646939121e-07
-1.4866525136e-07
-1.63966247436e-07
-1.73212526223e-07
-1.87007110881e-07
-2.06565586213e-07
-2.3405263549e-07
-2.59044708068e-07
-2.81008759525e-07
-3.06743400914e-07
-3.30866462986e-07
-3.51344537023e-07
-3.59213825211e-07
-3.5416103903e-07
-3.41592956622e-07
-3.22814535038e-07
-2.98456265379e-07
-2.72414905866e-07
-2.44050500338e-07
-2.0972625332e-07
-1.799616497e-07
-1.43165294061e-07
-9.9029865852e-08
-6.6996419021e-08
-4.0847612484e-08
-1.96386351938e-08
-7.83896821623e-09
-6.86672266099e-09
-1.74079099935e-08
-4.55285777278e-08
-9.13575822345e-08
-1.48089639054e-07
-2.09407597293e-07
-2.58412399598e-07
-3.0448783127e-07
-3.43525228266e-07
-3.6375831677e-07
-3.85658748977e-07
-3.99655211786e-07
-4.04897561491e-07
-3.9553023935e-07
-3.54773195724e-07
-3.06467410292e-07
-2.48923997644e-07
-1.88131845601e-07
-1.46090649264e-07
-1.11993155786e-07
-8.52202352726e-08
-7.00044051428e-08
-6.14696638287e-08
-5.87884759724e-08
-6.36563479473e-08
-7.8607259954e-08
-1.03972600672e-07
-1.3515418482e-07
-1.78362990904e-07
-2.30175318131e-07
-2.71022705567e-07
-3.13179369831e-07
-3.53226441784e-07
-3.72017855534e-07
-3.82142597968e-07
-3.70665589687e-07
-3.35790534905e-07
-3.00083055477e-07
-2.57049860995e-07
-2.19641022899e-07
-1.92936664347e-07
-1.71078374222e-07
-1.59964515957e-07
-1.4217561147e-07
-1.29431812226e-07
-1.2912350775e-07
-1.30519209246e-07
-1.49827552362e-07
-1.81265096676e-07
-2.20156236336e-07
-2.63688579734e-07
-2.9915380949e-07
-3.26102007686e-07
-3.41006416521e-07
-3.48016861519e-07
-3.46833045438e-07
-3.39877735524e-07
-3.24861524918e-07
-2.90150166573e-07
-2.52360600552e-07
-2.13790214823e-07
-1.67258819854e-07
-1.27906842081e-07
-1.01841591393e-07
-8.27473155513e-08
-6.39522458759e-08
-4.97732157059e-08
-4.05955629013e-08
-4.24527169747e-08
-5.97890847395e-08
-7.45934524651e-08
-9.47143041936e-08
-1.21148109361e-07
-1.43073265939e-07
-1.67495605576e-07
-1.87309311144e-07
-2.08080026444e-07
-2.25117202378e-07
-2.33254147085e-07
-2.52601141032e-07
-2.73371404581e-07
-2.9143029298e-07
-3.14292159248e-07
-3.3220844173e-07
-3.3895486137e-07
-3.39091638056e-07
-3.37445985986e-07
-3.25074987512e-07
-3.12611771359e-07
-3.11641090675e-07
-3.08838619037e-07
-3.00373282001e-07
-2.9145708165e-07
-2.80090416064e-07
-2.58876320597e-07
-2.39187845737e-07
-2.2349926877e-07
-2.06110123405e-07
-1.97021832354e-07
-1.87971589454e-07
-1.74366977986e-07
-1.57704729712e-07
-1.42354456703e-07
-1.33121289397e-07
-1.23571230103e-07
-1.20012875149e-07
-1.19160645996e-07
-1.17328737827e-07
-1.09239495785e-07
-9.35678038099e-08
-8.57455815988e-08
-8.49639219921e-08
-9.27829058825e-08
-1.11175711708e-07
-1.44786488036e-07
-1.89723749917e-07
-2.30136037219e-07
-2.70589109512e-07
-3.08298633829e-07
-3.33522652392e-07
-3.45972419817e-07
-3.42831293589e-07
-3.24099112742e-07
-3.01147042928e-07
-2.74312306584e-07
-2.40235697038e-07
-2.08900595512e-07
-1.77225395005e-07
-1.46755087048e-07
-1.24929656105e-07
-1.12995382828e-07
-1.19973060289e-07
-1.38653191892e-07
-1.68320011828e-07
-2.14104293243e-07
-2.56282645078e-07
-2.9071462532e-07
-3.13071925484e-07
-3.14367890477e-07
-3.01466855986e-07
-2.7929987316e-07
-2.60202749781e-07
-2.41109563777e-07
-2.20115563545e-07
-2.04224530788e-07
-1.84773310659e-07
-1.73642893348e-07
-1.65277867304e-07
-1.44656824608e-07
-1.31503282391e-07
-1.29744596693e-07
-1.36764911483e-07
-1.56299975526e-07
-1.8893223006e-07
-2.27397270086e-07
-2.5951292463e-07
-2.89198244896e-07
-2.99316325492e-07
-2.89465843538e-07
-2.79120610651e-07
-2.49825120307e-07
-2.1119135757e-07
-1.83809658153e-07
-1.65211609433e-07
-1.63661250438e-07
-1.78653694853e-07
-1.97129227088e-07
-2.09637397464e-07
-2.18764485519e-07
-2.21771330111e-07
-2.16063657094e-07
-2.083994708e-07
-1.96486465264e-07
-1.91371782722e-07
-1.95642145646e-07
-1.95884905641e-07
-2.01044525026e-07
-2.10710795262e-07
-2.16310429812e-07
-2.23250401899e-07
-2.35473846169e-07
-2.50289262827e-07
-2.57988465425e-07
-2.54141433154e-07
-2.40526020773e-07
-2.22979163695e-07
-1.99350221434e-07
-1.73863179339e-07
-1.67740970458e-07
-1.70414316393e-07
-1.7481049925e-07
-1.9118967759e-07
-2.05393372028e-07
-2.19154164822e-07
-2.36735555295e-07
-2.3950822476e-07
-2.25095438822e-07
-2.06527099804e-07
-1.89533635069e-07
-1.70335299121e-07
-1.56348992757e-07
-1.64278529787e-07
-1.90441979183e-07
-2.14054809282e-07
-2.26336050909e-07
-2.32917136091e-07
-2.28346280286e-07
-2.1838394976e-07
-2.19238858037e-07
-2.20231199682e-07
-2.18393028176e-07
-2.18349817644e-07
-2.19549101538e-07
-2.26265332051e-07
-2.24372954065e-07
-2.13271413141e-07
-2.08163979792e-07
-2.01502213905e-07
-1.85752187393e-07
-1.68564457424e-07
-1.50970439774e-07
-1.3251720057e-07
-1.31267992268e-07
-1.53741951028e-07
-1.87518238081e-07
-2.23890029941e-07
-2.59043812554e-07
-2.9485479175e-07
-3.22485749851e-07
-3.31991734502e-07
-3.30948002705e-07
-3.22804087923e-07
-3.11062999702e-07
-3.04838459785e-07
-2.94780157407e-07
-2.77006488912e-07
-2.67224305268e-07
-2.58054712363e-07
-2.40136630645e-07
-2.21333190109e-07
-1.90850003998e-07
-1.54941294941e-07
-1.32208188716e-07
-1.10481459304e-07
-9.24322368549e-08
-7.84537125596e-08
-6.35401198445e-08
-6.28206949799e-08
-7.18072192796e-08
-8.95323830949e-08
-1.12139180965e-07
-1.35384828656e-07
-1.67797309454e-07
-1.98082634554e-07
-2.25665476895e-07
-2.44089439428e-07
-2.51933993774e-07
-2.59530420284e-07
-2.51108860492e-07
-2.34602244812e-07
-2.18107288682e-07
-2.04847795364e-07
-2.04754996923e-07
-1.99771182504e-07
-1.92706902377e-07
-1.91132987219e-07
-1.90230915809e-07
-1.99861087805e-07
-2.21154270033e-07
-2.43435382229e-07
-2.64942550461e-07
-2.91381430752e-07
-3.08227592716e-07
-3.16063769945e-07
-3.22672816791e-07
-3.13468443102e-07
-3.03310737978e-07
-2.93315321175e-07
-2.74415850573e-07
-2.63297802883e-07
-2.51499872742e-07
-2.35447794386e-07
-2.31780880345e-07
-2.37221619584e-07
-2.41187154784e-07
-2.47597753836e-07
-2.4988680999e-07
-2.50907397343e-07
-2.59843443204e-07
-2.55005305127e-07
-2.46369965596e-07
-2.38657586462e-07
-2.1803787167e-07
-2.01216674624e-07
-1.76261420368e-07
-1.42221465903e-07
-1.11971325016e-07
-7.78848160898e-08
-5.21027514378e-08
-3.8599598145e-08
-3.20911646575e-08
-3.40450605099e-08
-4.55688140221e-08
-6.93023019191e-08
-9.93215946108e-08
-1.30636595271e-07
-1.73395819586e-07
-2.22024544287e-07
-2.59794455456e-07
-3.0049296829e-07
-3.35279616573e-07
-3.48938690666e-07
-3.60176927977e-07
-3.59927573118e-07
-3.47743868477e-07
-3.24917205344e-07
-2.88642105865e-07
-2.72960247929e-07
-2.7035829217e-07
-2.59025397311e-07
-2.43542396205e-07
-2.27299432885e-07
-2.1968560137e-07
-2.20027085873e-07
-2.29360740884e-07
-2.41740554413e-07
-2.50713196267e-07
-2.61247716698e-07
-2.6116550981e-07
-2.48971814432e-07
-2.37175927968e-07
-2.33919092839e-07
-2.45001544004e-07
-2.59391106634e-07
-2.7178434967e-07
-2.80510101869e-07
-2.79220778907e-07
-2.67210235645e-07
-2.30342145661e-07
-1.77248028634e-07
-1.2903667124e-07
-8.43829538193e-08
-5.71910955519e-08
-5.4529366107e-08
-6.22916279237e-08
-8.02960146077e-08
-1.07378846835e-07
-1.30458363566e-07
-1.53559465971e-07
-1.78898832147e-07
-2.03347547989e-07
-2.38950297231e-07
-2.74662259389e-07
-2.98257737943e-07
-3.18703713075e-07
-3.38710661018e-07
-3.46079208198e-07
-3.36260653364e-07
-3.21823930599e-07
-2.95177632473e-07
-2.70147892391e-07
-2.57082997097e-07
-2.37371893232e-07
-2.29516370853e-07
-2.30880208106e-07
-2.34099719747e-07
-2.46392559619e-07
-2.44086386667e-07
-2.37794838083e-07
-2.3936213718e-07
-2.37307545472e-07
-2.34752664343e-07
-2.2394618888e-07
-2.12378577814e-07
-1.98738489228e-07
-1.72183066272e-07
-1.50378468687e-07
-1.3852817267e-07
-1.38805537235e-07
-1.48588253534e-07
-1.59338087716e-07
-1.69463199641e-07
-1.75577621801e-07
-1.79461817684e-07
-1.79409792267e-07
-1.88587138215e-07
-2.08130757919e-07
-2.15351085117e-07
-2.11413639618e-07
-2.03646100065e-07
-1.90723734669e-07
-1.67433512633e-07
-1.4279255465e-07
-1.29288602315e-07
-1.21744215916e-07
-1.23452024439e-07
-1.40990850846e-07
-1.72816534557e-07
-2.08957419285e-07
-2.50976592689e-07
-2.98580991352e-07
-3.35009827678e-07
-3.63238397227e-07
-3.82541306939e-07
-3.92842364635e-07
-3.98764131487e-07
-3.92980356227e-07
-3.84270560524e-07
-3.69337397601e-07
-3.47502228176e-07
-3.2611033093e-07
-2.87526364069e-07
-2.39553814003e-07
-1.85744359409e-07
-1.25255581914e-07
-8.57635644071e-08
-6.08539236615e-08
-4.09426784678e-08
-3.24579199852e-08
-3.35884529732e-08
-4.41257504958e-08
-5.1875585923e-08
-6.11020697732e-08
-8.36643452931e-08
-1.15181983106e-07
-1.51182471912e-07
-1.83901349059e-07
-2.23094141118e-07
-2.69488140568e-07
-3.0716365219e-07
-3.35622190977e-07
-3.53730501628e-07
-3.69529023164e-07
-3.75601912662e-07
-3.65286329844e-07
-3.5661830001e-07
-3.41545811922e-07
-3.2205060141e-07
-2.98700473582e-07
-2.56226683351e-07
-2.14914406293e-07
-1.7965468125e-07
-1.44725058165e-07
-1.24612714473e-07
-1.13918527522e-07
-1.07166615699e-07
-1.13869215472e-07
-1.31969178285e-07
-1.57557052498e-07
-1.92385214221e-07
-2.33209474792e-07
-2.84211772775e-07
-3.38558706609e-07
-3.7814653012e-07
-4.05066769576e-07
-4.1953555592e-07
-4.1342753357e-07
-3.95315070707e-07
-3.74176847249e-07
-3.38109737308e-07
-2.92760137255e-07
-2.49340372958e-07
-2.05385656236e-07
-1.73186644158e-07
-1.51559352544e-07
-1.37522514044e-07
-1.33583009878e-07
-1.35003985646e-07
-1.35763266502e-07
-1.34348550702e-07
-1.42465009452e-07
-1.51092210601e-07
-1.64514258217e-07
-1.81410402325e-07
-1.84766699745e-07
-1.89857588781e-07
-1.89461567822e-07
-1.88560571854e-07
-1.90025283362e-07
-1.90643726336e-07
-2.13451425757e-07
-2.35622863507e-07
-2.55651140358e-07
-2.76907215921e-07
-2.78673624768e-07
-2.74321597395e-07
-2.5938562931e-07
-2.39652105523e-07
-2.25601835698e-07
-2.11558445572e-07
-2.02690612484e-07
-1.94155781688e-07
-1.89419551666e-07
-1.84140771327e-07
-1.77767323187e-07
-1.80346520986e-07
-1.83865940276e-07
-1.90804484466e-07
-2.08114230176e-07
-2.38173401899e-07
-2.77608915777e-07
-3.16168495653e-07
-3.45708907534e-07
-3.65410911609e-07
-3.71254417784e-07
-3.62846432097e-07
-3.49118229724e-07
-3.25000604752e-07
-3.03513092434e-07
-2.83830428037e-07
-2.55094340083e-07
-2.38773487094e-07
-2.27426364816e-07
-2.14838323647e-07
-2.0793911676e-07
-2.0155392714e-07
-1.93423228893e-07
-1.82183746139e-07
-1.81126187847e-07
-1.79502541813e-07
-1.67625738346e-07
-1.6783057922e-07
-1.72340133277e-07
-1.7705181752e-07
-1.97273957762e-07
-2.21266061563e-07
-2.45048312828e-07
-2.81925834196e-07
-3.17673107499e-07
-3.41067693488e-07
-3.61007193938e-07
-3.70045065022e-07
-3.63137892562e-07
-3.41822768288e-07
-3.06006930712e-07
-2.56905384286e-07
-2.00585075698e-07
-1.6027363539e-07
-1.35452401234e-07
-1.18135578696e-07
-1.21486420301e-07
-1.36676888355e-07
-1.5565452384e-07
-1.79059946701e-07
-2.00625719649e-07
-2.27222731849e-07
-2.63536139732e-07
-3.01827386316e-07
-3.29280617352e-07
-3.42505566745e-07
-3.43381900704e-07
-3.217354351e-07
-2.815691949e-07
-2.31203479011e-07
-1.66982659826e-07
-1.08779003029e-07
-7.02058660152e-08
-4.42685086562e-08
-4.9189850058e-08
-7.89425543447e-08
-1.0891405766e-07
-1.54388917848e-07
-2.0470449914e-07
-2.39957477249e-07
-2.72091340409e-07
-2.9701031936e-07
-3.12986043047e-07
-3.31187985435e-07
-3.47457361827e-07
-3.48744070359e-07
-3.49399880327e-07
-3.65920045403e-07
-3.72257724015e-07
-3.59799136202e-07
-3.42977633601e-07
-3.10286131197e-07
-2.70902021308e-07
-2.4379056956e-07
-2.16382768719e-07
-1.91023930894e-07
-1.75469734317e-07
-1.6554061645e-07
-1.57262371659e-07
-1.54229950969e-07
-1.64507300796e-07
-1.72669628116e-07
-1.81957866339e-07
-1.95102979688e-07
-1.95273727941e-07
-1.94151414613e-07
-1.9062480478e-07
-1.89598518431e-07
-1.95995692512e-07
-1.97253783953e-07
-2.05976779749e-07
-2.1811282548e-07
-2.28023806508e-07
-2.31553657953e-07
-2.23312098135e-07
-2.22703913205e-07
-2.25581794024e-07
-2.25006372173e-07
-2.19942441787e-07
-2.11746680282e-07
-2.13141605895e-07
-2.12794155228e-07
-2.09380856935e-07
-2.1611557385e-07
-2.26996912421e-07
-2.34237842151e-07
-2.45926098766e-07
-2.58250751541e-07
-2.58054608488e-07
-2.68922589921e-07
-2.91133619426e-07
-3.04158131794e-07
-3.30768113341e-07
-3.65198843964e-07
-3.81248976668e-07
-3.7961744239e-07
-3.61502028924e-07
-3.39561958443e-07
-3.1147905399e-07
-2.78034335853e-07
-2.59825558438e-07
-2.37180320495e-07
-2.06966943325e-07
-1.8558860519e-07
-1.62075861085e-07
-1.4777704056e-07
-1.45999032161e-07
-1.50790199901e-07
-1.73060524735e-07
-1.97655640146e-07
-2.17773010929e-07
-2.40694530928e-07
-2.61342733272e-07
-2.84748011897e-07
-3.11259937952e-07
-3.36514368322e-07
-3.49468944183e-07
-3.44241193897e-07
-3.32172412182e-07
-3.01765766521e-07
-2.58711936608e-07
-2.18865444963e-07
-1.72226349621e-07
-1.31872484525e-07
-1.00025476425e-07
-7.27360572145e-08
-6.70301724836e-08
-8.27056178465e-08
-1.1297790964e-07
-1.49614901595e-07
-1.84204269667e-07
-2.14932332505e-07
-2.42509640226e-07
-2.64352194854e-07
-2.84647861155e-07
-3.05986054261e-07
-3.20659995607e-07
-3.37924832089e-07
-3.49540777814e-07
-3.50384674543e-07
-3.59547534294e-07
-3.65047044774e-07
-3.60999254395e-07
-3.53734678627e-07
-3.3708313566e-07
-3.05791696767e-07
-2.67253251935e-07
-2.29361707703e-07
-1.81613112642e-07
-1.41893579033e-07
-1.21562795209e-07
-1.01533729359e-07
-8.6857878922e-08
-9.03579528974e-08
-1.0967013832e-07
-1.28093816754e-07
-1.53362604087e-07
-1.94962343532e-07
-2.33874724219e-07
-2.69435560263e-07
-3.05024737934e-07
-3.34213443841e-07
-3.49831280281e-07
-3.53730249698e-07
-3.45450536596e-07
-3.24277943593e-07
-3.05647957631e-07
-2.82651964091e-07
-2.53222697586e-07
-2.28976145008e-07
-2.0002972031e-07
-1.62899964783e-07
-1.32743279818e-07
-1.17889481132e-07
-1.08281578583e-07
-1.04527715104e-07
-1.12723910202e-07
-1.31174883979e-07
-1.59867763606e-07
-1.94902070414e-07
-2.35229523167e-07
-2.72242214948e-07
-2.97127801476e-07
-3.09067657055e-07
-3.08797165762e-07
-3.00849597574e-07
-2.86107328003e-07
-2.73436324235e-07
-2.66997525216e-07
-2.62573023025e-07
-2.52205789846e-07
-2.29607329697e-07
-2.04577775903e-07
-1.76470523387e-07
-1.53326815506e-07
-1.40293545761e-07
-1.29734328946e-07
-1.28068946329e-07
-1.27588171141e-07
-1.308117878e-07
-1.46077213905e-07
-1.79244015537e-07
-2.28473874448e-07
-2.68323872323e-07
-3.04527418346e-07
-3.37389951963e-07
-3.53552956865e-07
-3.58437921759e-07
-3.52191087206e-07
-3.45198655819e-07
-3.39295453371e-07
-3.26923201925e-07
-3.02992408319e-07
-2.6486665219e-07
-2.23772877559e-07
-1.8498725136e-07
-1.6354900565e-07
-1.64310369414e-07
-1.75111525955e-07
-1.9538365662e-07
-2.11607157548e-07
-2.24089351856e-07
-2.33421639427e-07
-2.32769052026e-07
-2.40697267813e-07
-2.53458269438e-07
-2.67064786045e-07
-2.87526353241e-07
-3.0450945848e-07
-3.21609183536e-07
-3.37252472865e-07
-3.41200297365e-07
-3.2813727647e-07
-3.03530692244e-07
-2.7808274696e-07
-2.45961567575e-07
-2.11903692149e-07
-1.82356063385e-07
-1.57649476496e-07
-1.44476415029e-07
-1.40658150391e-07
-1.47340958761e-07
-1.62786916335e-07
-1.81625107483e-07
-2.00789153665e-07
-2.20740926772e-07
-2.4055487829e-07
-2.54093221487e-07
-2.68124302808e-07
-2.7139943604e-07
-2.56515262021e-07
-2.29769642782e-07
-1.94973171887e-07
-1.77940283454e-07
-1.70396103917e-07
-1.67430994321e-07
-1.86037461176e-07
-2.0981360228e-07
-2.37819466522e-07
-2.6420592966e-07
-2.82236595099e-07
-3.02948856528e-07
-3.22010927741e-07
-3.33046575358e-07
-3.27340793875e-07
-3.12604825776e-07
-2.96366394598e-07
-2.79846308742e-07
-2.70864430119e-07
-2.675144705e-07
-2.68363963675e-07
-2.64429972581e-07
-2.58030518378e-07
-2.50552280731e-07
-2.42336125053e-07
-2.43862739147e-07
-2.44103096732e-07
-2.40940602851e-07
-2.36142417392e-07
-2.33208288626e-07
-2.37253502075e-07
-2.39623551073e-07
-2.39846489851e-07
-2.2952447883e-07
-2.03432449132e-07
-1.60722315497e-07
-1.11844554063e-07
-7.37548743093e-08
-3.62773674811e-08
-1.83830760893e-08
-3.06356102149e-08
-5.66879740272e-08
-1.07408553905e-07
-1.71680266267e-07
-2.4482424217e-07
-3.17093435405e-07
-3.61089235451e-07
-3.94378125792e-07
-4.10119488346e-07
-4.0345929411e-07
-4.02500379839e-07
-3.9539643428e-07
-3.78550366182e-07
-3.60433211171e-07
-3.37671749586e-07
-3.07541461004e-07
-2.69377866094e-07
-2.35105393735e-07
-2.01951163681e-07
-1.74814921863e-07
-1.60761499989e-07
-1.57930161187e-07
-1.7241165812e-07
-1.88754755205e-07
-2.13592185035e-07
-2.49668425025e-07
-2.69653560232e-07
-2.79197912124e-07
-2.81683109319e-07
-2.68346667132e-07
-2.47629683931e-07
-2.27178644703e-07
-2.12029326547e-07
-2.13917207643e-07
-2.16508078236e-07
-2.01134831841e-07
-1.93030950308e-07
-1.89164131041e-07
-1.79624422588e-07
-1.82150150779e-07
-1.75017308547e-07
-1.5903267105e-07
-1.643343689e-07
-1.82418763576e-07
-2.08014742705e-07
-2.38649429065e-07
-2.7699572694e-07
-3.19322463838e-07
-3.52812290129e-07
-3.83056536617e-07
-3.84727790295e-07
-3.65922969857e-07
-3.52171118161e-07
-3.15895374546e-07
-2.72015033079e-07
-2.39564497631e-07
-2.11296055869e-07
-1.96514914203e-07
-1.97779339381e-07
-2.08089223989e-07
-2.12889060621e-07
-2.14495640306e-07
-2.14010632245e-07
-2.09050573691e-07
-2.04032675327e-07
-1.92581890166e-07
-1.86135982855e-07
-1.83541284772e-07
-1.84265892507e-07
-1.96896404299e-07
-2.01223726083e-07
-2.04292373185e-07
-2.0727831647e-07
-1.96892772274e-07
-1.96440531927e-07
-1.99726852808e-07
-1.97637954472e-07
-2.07929006799e-07
-2.19950774886e-07
-2.26410275876e-07
-2.30519380442e-07
-2.42114917273e-07
-2.65804974535e-07
-2.77227262844e-07
-2.88615392295e-07
-3.07499208806e-07
-3.15971345338e-07
-3.29774226001e-07
-3.37796846058e-07
-3.3349396644e-07
-3.30507038946e-07
-3.17862562007e-07
-2.98294539102e-07
-2.83763408366e-07
-2.84301563913e-07
-2.85432533837e-07
-2.77288701426e-07
-2.71541252931e-07
-2.54080429115e-07
-2.2975674546e-07
-2.04965351128e-07
-1.77404561343e-07
-1.63945168294e-07
-1.54629616542e-07
-1.47531710605e-07
-1.51576879361e-07
-1.56359440836e-07
-1.64460327088e-07
-1.72569207639e-07
-1.717539505e-07
-1.70236175098e-07
-1.75898385408e-07
-1.89169927777e-07
-2.09960354549e-07
-2.3750801466e-07
-2.5812548109e-07
-2.68012931139e-07
-2.70016084651e-07
-2.58713946349e-07
-2.48154474242e-07
-2.44940659242e-07
-2.4903370751e-07
-2.5344759843e-07
-2.54435779036e-07
-2.67727319636e-07
-2.77755815461e-07
-2.85866174594e-07
-2.97784604701e-07
-3.02541917042e-07
-3.06711452076e-07
-2.99700274223e-07
-2.86534955893e-07
-2.70639568965e-07
-2.54942059646e-07
-2.39087363968e-07
-2.05056594351e-07
-1.77255791016e-07
-1.55099800267e-07
-1.36561428884e-07
-1.36009318378e-07
-1.26735514171e-07
-1.19711783273e-07
-1.26996910535e-07
-1.44716719554e-07
-1.82263235902e-07
-2.21868894289e-07
-2.63947430583e-07
-3.14943632056e-07
-3.62912775136e-07
-3.96520257511e-07
-4.12999143165e-07
-4.29855628132e-07
-4.29571484706e-07
-4.06166894188e-07
-3.85569114372e-07
-3.48470839807e-07
-3.04027790538e-07
-2.67007961459e-07
-2.2343265185e-07
-1.91434738629e-07
-1.7227349941e-07
-1.66552617521e-07
-1.75150338998e-07
-1.85776534586e-07
-2.01561634118e-07
-2.07274182354e-07
-1.95934807993e-07
-1.76270656697e-07
-1.5286383801e-07
-1.27600798351e-07
-1.14644648028e-07
-1.28938142758e-07
-1.43533680094e-07
-1.62718417595e-07
-1.97969912838e-07
-2.27144747691e-07
-2.5939407916e-07
-2.9040160693e-07
-3.10692754945e-07
-3.29441192887e-07
-3.48131726054e-07
-3.6255677885e-07
-3.57637687276e-07
-3.36751217259e-07
-3.06234919241e-07
-2.66470204925e-07
-2.31143392653e-07
-2.03371968978e-07
-1.80812955255e-07
-1.63308288493e-07
-1.58766142483e-07
-1.69577215962e-07
-1.84021680568e-07
-2.02112900734e-07
-2.1971493208e-07
-2.35182618098e-07
-2.53395966792e-07
-2.64360969855e-07
-2.72232909173e-07
-2.831908443e-07
-2.85709753963e-07
-2.81248492978e-07
-2.7333051298e-07
-2.56405499802e-07
-2.28782115085e-07
-1.90380322912e-07
-1.46979318809e-07
-1.07196012417e-07
-8.28284825942e-08
-8.27737162587e-08
-9.40052977797e-08
-1.0770437345e-07
-1.29153503935e-07
-1.52612787153e-07
-1.73141989313e-07
-1.93368722857e-07
-2.15345915143e-07
-2.3835491906e-07
-2.62691253919e-07
-3.02083081281e-07
-3.46534304803e-07
-3.79306016522e-07
-4.12467515396e-07
-4.26802924221e-07
-4.15028367646e-07
-3.95756693479e-07
-3.59090004442e-07
-3.15498152951e-07
-2.78612848058e-07
-2.47155859411e-07
-2.29919804245e-07
-2.19648527931e-07
-2.11187247676e-07
-2.14467560835e-07
-2.20959861239e-07
-2.22800912348e-07
-2.21349260771e-07
-2.11382571332e-07
-2.02753490539e-07
-1.97230990447e-07
-1.80171776387e-07
-1.61579787966e-07
-1.42602643631e-07
-1.15799171342e-07
-1.04238126124e-07
-1.10684330813e-07
-1.28927379628e-07
-1.6210278857e-07
-1.96176146698e-07
-2.25901732182e-07
-2.4452673867e-07
-2.603230742e-07
-2.78067780647e-07
-2.84120346066e-07
-2.95083117186e-07
-3.06807575496e-07
-3.13942429639e-07
-3.20887585267e-07
-3.10277862563e-07
-2.98560181228e-07
-2.88305491874e-07
-2.70086706646e-07
-2.61560763997e-07
-2.54393633542e-07
-2.38685277292e-07
-2.27229313089e-07
-2.2977357929e-07
-2.27507170035e-07
-2.1229559431e-07
-2.0360939329e-07
-1.95063929409e-07
-1.92577606196e-07
-1.98348291273e-07
-2.03333978129e-07
-2.2013691485e-07
-2.30459685238e-07
-2.43031377248e-07
-2.74561814626e-07
-3.0008720152e-07
-3.20137625806e-07
-3.26377234188e-07
-3.22793513965e-07
-3.17837701268e-07
-2.9040888177e-07
-2.58264432169e-07
-2.32691904182e-07
-2.09633789843e-07
-2.0367872304e-07
-2.04894833175e-07
-1.97115145026e-07
-1.82000318237e-07
-1.67360136623e-07
-1.59229014958e-07
-1.48448121525e-07
-1.32591529193e-07
-1.28787780769e-07
-1.32325281719e-07
-1.35238914442e-07
-1.50907642194e-07
-1.76125741789e-07
-1.97661551437e-07
-2.17327706437e-07
-2.45300950459e-07
-2.70208357346e-07
-2.81507615743e-07
-2.9360111225e-07
-3.02056428794e-07
-3.04180507529e-07
-3.0506702043e-07
-3.00925035365e-07
-2.9408487118e-07
-2.83340082207e-07
-2.71837042169e-07
-2.60438630636e-07
-2.4596325562e-07
-2.2255474855e-07
-1.86449850075e-07
-1.55331984517e-07
-1.38064502414e-07
-1.28610315108e-07
-1.32187640491e-07
-1.51894497117e-07
-1.75766402744e-07
-1.97807672108e-07
-2.22249511279e-07
-2.42338590646e-07
-2.50782246472e-07
-2.53421639391e-07
-2.57942435441e-07
-2.6283538214e-07
-2.65223297168e-07
-2.76438252797e-07
-2.95614347926e-07
-3.05949401293e-07
-3.15636314734e-07
-3.26784053779e-07
-3.26590594955e-07
-3.1685905485e-07
-2.93509213961e-07
-2.62024927108e-07
-2.358582951e-07
-2.12910843984e-07
-1.90611553601e-07
-1.77667491116e-07
-1.81055400767e-07
-1.9060205467e-07
-2.07237061805e-07
-2.32353032331e-07
-2.5212602338e-07
-2.65424792473e-07
-2.72568626321e-07
-2.67890838609e-07
-2.57316543332e-07
-2.53895489137e-07
-2.45587489689e-07
-2.31361692682e-07
-2.36197421579e-07
-2.46712117296e-07
-2.53567058345e-07
-2.62298810612e-07
-2.58809370403e-07
-2.4819012941e-07
-2.3590997136e-07
-2.22669050448e-07
-2.05863582857e-07
-1.81750889411e-07
-1.66499952714e-07
-1.56433211732e-07
-1.61504500928e-07
-1.88065784293e-07
-2.06569066566e-07
-2.27107686433e-07
-2.50096672523e-07
-2.60612867146e-07
-2.72117122912e-07
-2.85948827991e-07
-2.99499243242e-07
-3.10380058482e-07
-3.15710923766e-07
-3.09931049337e-07
-2.96234548998e-07
-2.80314790137e-07
-2.55281466764e-07
-2.36971915647e-07
-2.27812234886e-07
-2.17560829886e-07
-2.11313725983e-07
-2.00543790134e-07
-1.8776974998e-07
-1.75056376853e-07
-1.57973432231e-07
-1.52096686244e-07
-1.50789985281e-07
-1.47023377412e-07
-1.62457622413e-07
-1.87108132581e-07
-2.04997493241e-07
-2.21718573759e-07
-2.29383976773e-07
-2.29724122998e-07
-2.26643610283e-07
-2.1942012297e-07
-2.17698539287e-07
-2.20051634298e-07
-2.2832433461e-07
-2.46207007029e-07
-2.67580102597e-07
-2.90967952184e-07
-3.15560504636e-07
-3.33549845296e-07
-3.40839921654e-07
-3.42056715159e-07
-3.35223761514e-07
-3.20539296385e-07
-3.03038932485e-07
-2.94862772987e-07
-2.94907996662e-07
-2.7995965408e-07
-2.61680893534e-07
-2.5048853284e-07
-2.38279253777e-07
-2.27457519897e-07
-2.12295889491e-07
-2.02373070035e-07
-2.00431253864e-07
-1.9914380698e-07
-2.07175873628e-07
-2.16698489105e-07
-2.21376369506e-07
-2.23090977603e-07
-2.13252140126e-07
-1.98773571961e-07
-1.87321442893e-07
-1.75417997539e-07
-1.66233571433e-07
-1.57817984028e-07
-1.56004330267e-07
-1.67119492161e-07
-1.82260877094e-07
-2.0483202575e-07
-2.26016693639e-07
-2.32854588665e-07
-2.44421398501e-07
-2.68739341938e-07
-2.99737209027e-07
-3.35469074524e-07
-3.70439818392e-07
-3.99061656543e-07
-4.17183215287e-07
-4.25676632245e-07
-4.16832372145e-07
-4.00834098635e-07
-3.91510899583e-07
-3.7084262258e-07
-3.49114361737e-07
-3.35502981123e-07
-3.18458017351e-07
-2.97336640818e-07
-2.62447326713e-07
-2.24636055821e-07
-1.89860238647e-07
-1.55215671233e-07
-1.37398484534e-07
-1.27298176628e-07
-1.16059221151e-07
-1.0431308467e-07
-8.51124825998e-08
-7.8764611976e-08
-9.26887979084e-08
-1.10367612393e-07
-1.37704303854e-07
-1.70044441387e-07
-1.99665539385e-07
-2.30272651671e-07
-2.55843751346e-07
-2.82058125403e-07
-2.9965944875e-07
-3.08221007109e-07
-3.18992632499e-07
-3.0972933662e-07
-2.98226963294e-07
-2.99654815791e-07
-2.93972558355e-07
-2.87523022418e-07
-2.75137368999e-07
-2.6155789486e-07
-2.55355455015e-07
-2.45749260699e-07
-2.42470405159e-07
-2.46387486214e-07
-2.51923407052e-07
-2.64997724596e-07
-2.76169398245e-07
-2.83421602162e-07
-2.97410839901e-07
-3.11777712002e-07
-3.25034603126e-07
-3.30935494178e-07
-3.18304056806e-07
-3.03380545495e-07
-2.88114532353e-07
-2.58850656927e-07
-2.23608218317e-07
-1.91682191669e-07
-1.65889333939e-07
-1.47038597143e-07
-1.33649206078e-07
-1.36984689179e-07
-1.53530259573e-07
-1.72756851028e-07
-2.00422204048e-07
-2.22697568849e-07
-2.43027913549e-07
-2.65900507635e-07
-2.72525516682e-07
-2.7825402375e-07
-2.87513257819e-07
-2.94995893915e-07
-3.06114380227e-07
-3.07813474392e-07
-3.04284392142e-07
-2.98013815326e-07
-2.83517730961e-07
-2.6720919587e-07
-2.54730212994e-07
-2.47797566675e-07
-2.3690684334e-07
-2.34193008744e-07
-2.43898570083e-07
-2.54524242062e-07
-2.69334388109e-07
-2.79733456988e-07
-2.94071486979e-07
-3.11806305345e-07
-3.1805134166e-07
-3.17592970859e-07
-3.05153601182e-07
-2.90833807738e-07
-2.78172066845e-07
-2.59715512784e-07
-2.49529305063e-07
-2.3723240291e-07
-2.24453691145e-07
-2.16870694076e-07
-1.99721532626e-07
-1.8162754469e-07
-1.52486896934e-07
-1.21826757126e-07
-1.10953098767e-07
-1.02710294139e-07
-1.04835670312e-07
-1.21626746871e-07
-1.43344115903e-07
-1.69373225096e-07
-2.04666145753e-07
-2.51067767637e-07
-2.95450275921e-07
-3.42908565547e-07
-3.90960572174e-07
-4.37966211069e-07
-4.7693998665e-07
-4.90902786083e-07
-5.0262932062e-07
-4.97779066674e-07
-4.72265149395e-07
-4.50816041595e-07
-4.07635507136e-07
-3.64894928595e-07
-3.32773291992e-07
-2.85947864672e-07
-2.56799502089e-07
-2.37822897561e-07
-2.07735597334e-07
-1.84238619096e-07
-1.62057290747e-07
-1.35811650355e-07
-1.19958774999e-07
-1.19954364362e-07
-1.15819304621e-07
-1.08440202256e-07
-1.18241562007e-07
-1.33251451285e-07
-1.53352961845e-07
-1.87109805723e-07
-2.21246252434e-07
-2.46528778378e-07
-2.57172131042e-07
-2.58361074482e-07
-2.53213028072e-07
-2.44513217441e-07
-2.35676044789e-07
-2.2345313308e-07
-2.17762255142e-07
-2.02399178584e-07
-1.72447546846e-07
-1.5127588096e-07
-1.39946194064e-07
-1.45828195665e-07
-1.64498578019e-07
-1.97017278972e-07
-2.37143365611e-07
-2.61286054987e-07
-2.89461278035e-07
-3.18764677166e-07
-3.36935320418e-07
-3.54763434409e-07
-3.66722245906e-07
-3.78539890353e-07
-3.88470311575e-07
-3.92302646714e-07
-3.94824061396e-07
-3.89939132569e-07
-3.80723564187e-07
-3.68706560381e-07
-3.47846972032e-07
-3.20348168152e-07
-2.87995228675e-07
-2.45429230379e-07
-2.01441358453e-07
-1.71342892501e-07
-1.47740819648e-07
-1.30112038422e-07
-1.21006644603e-07
-1.11497296257e-07
-1.11891333312e-07
-1.24798386563e-07
-1.36727642472e-07
-1.49794482192e-07
-1.74987382926e-07
-2.10010228563e-07
-2.40851074984e-07
-2.65230717401e-07
-2.7607471452e-07
-2.76476810355e-07
-2.87286389767e-07
-2.9576193529e-07
-2.93828372144e-07
-3.00315362536e-07
-3.10896613959e-07
-3.10724546899e-07
-3.0325582189e-07
-2.86526897231e-07
-2.61881019166e-07
-2.45143586309e-07
-2.36727033841e-07
-2.36538959233e-07
-2.36962862906e-07
-2.2782720552e-07
-2.18375026354e-07
-2.12305777628e-07
-2.13928372495e-07
-2.25778781114e-07
-2.42478146248e-07
-2.54224891938e-07
-2.58897781352e-07
-2.7182840044e-07
-2.9020755241e-07
-3.04301788008e-07
-3.18874157036e-07
-3.28106167942e-07
-3.23811210302e-07
-3.08911336438e-07
-2.86237665444e-07
-2.60302633318e-07
-2.37882423731e-07
-2.2413304815e-07
-2.21263719668e-07
-2.23255676794e-07
-2.25926004656e-07
-2.36383889893e-07
-2.51831741884e-07
-2.61821730139e-07
-2.68809931125e-07
-2.6249276362e-07
-2.42255656657e-07
-2.25309276834e-07
-2.103754937e-07
-2.06566603885e-07
-2.08525005036e-07
-2.06763341843e-07
-2.16378858811e-07
-2.3296520221e-07
-2.56500883456e-07
-2.77480332918e-07
-2.80146826589e-07
-2.77042207802e-07
-2.65309828679e-07
-2.44450475584e-07
-2.25078823711e-07
-2.01178218888e-07
-1.71144242551e-07
-1.48964907502e-07
-1.3962766087e-07
-1.37085161257e-07
-1.49335024882e-07
-1.70895720624e-07
-1.87909432946e-07
-2.10507215891e-07
-2.45274558757e-07
-2.83676978392e-07
-3.2132783458e-07
-3.60397035569e-07
-3.90399975249e-07
-4.03480679167e-07
-4.09873164157e-07
-4.10153942099e-07
-3.96162986994e-07
-3.68396059918e-07
-3.32014563041e-07
-2.87997327279e-07
-2.38947797798e-07
-1.94623307986e-07
-1.57208866739e-07
-1.30230137143e-07
-1.18031292609e-07
-1.06315735318e-07
-9.55758783019e-08
-9.79493557508e-08
-1.07002533886e-07
-1.1899894914e-07
-1.36627149459e-07
-1.6494524284e-07
-2.05304046246e-07
-2.49924689691e-07
-2.9297561327e-07
-3.37833724018e-07
-3.80765015372e-07
-4.10068971145e-07
-4.33440616506e-07
-4.47494222111e-07
-4.41133673732e-07
-4.13196048162e-07
-3.70735767705e-07
-3.32241664797e-07
-2.9062496914e-07
-2.51189049125e-07
-2.15563324035e-07
-1.73352338198e-07
-1.43728045355e-07
-1.2294561794e-07
-1.10280620157e-07
-1.09827471558e-07
-1.22363551405e-07
-1.54148372542e-07
-1.82766934925e-07
-2.05014546628e-07
-2.27806608409e-07
-2.37730660727e-07
-2.33540649055e-07
-2.24595069869e-07
-2.17295320292e-07
-2.08772307625e-07
-1.95987987829e-07
-1.88876137096e-07
-1.88509949602e-07
-1.84531182043e-07
-1.87829493221e-07
-2.06269984184e-07
-2.30194368639e-07
-2.49584863458e-07
-2.58989559217e-07
-2.72928378099e-07
-2.90269309946e-07
-3.00071322744e-07
-3.11085348292e-07
-3.17145034353e-07
-3.18871500629e-07
-3.26143469148e-07
-3.30245532879e-07
-3.33625829715e-07
-3.43557008398e-07
-3.56349869748e-07
-3.73281753732e-07
-3.87290437898e-07
-3.81913918789e-07
-3.65454045307e-07
-3.49278936181e-07
-3.22326329604e-07
-2.89717134033e-07
-2.57180479862e-07
-2.19390218687e-07
-1.91531121108e-07
-1.70758600766e-07
-1.46703397561e-07
-1.33359759889e-07
-1.25407566509e-07
-1.21665243037e-07
-1.36624122529e-07
-1.59195166823e-07
-1.78118374554e-07
-1.99959465454e-07
-2.26890845307e-07
-2.47511391602e-07
-2.68293105018e-07
-2.95673414098e-07
-3.03430685267e-07
-2.94004825586e-07
-2.78186205255e-07
-2.49867375467e-07
-2.2924682132e-07
-2.21559284138e-07
-2.14920799164e-07
-2.09014165527e-07
-2.01318746919e-07
-1.96529723004e-07
-1.93110080281e-07
-1.8205779142e-07
-1.70112158953e-07
-1.66829504294e-07
-1.79907221475e-07
-2.05639073313e-07
-2.38483025626e-07
-2.7734871269e-07
-3.02763219843e-07
-3.16399244925e-07
-3.24249935175e-07
-3.1992413421e-07
-3.16583485286e-07
-3.12157439694e-07
-3.11576741484e-07
-3.24917935639e-07
-3.4024806653e-07
-3.48110686415e-07
-3.45427561998e-07
-3.39570241617e-07
-3.23499903191e-07
-2.96236076908e-07
-2.75373068691e-07
-2.60545523503e-07
-2.52429233932e-07
-2.53094884752e-07
-2.57632009439e-07
-2.61129352257e-07
-2.69165383657e-07
-2.82009188108e-07
-2.80022533138e-07
-2.67120343825e-07
-2.48215100144e-07
-2.18058888822e-07
-1.85081049503e-07
-1.39720422724e-07
-9.13699226628e-08
-7.27262519061e-08
-7.14786141715e-08
-6.87705853047e-08
-7.85325501319e-08
-9.55691117228e-08
-1.07347082062e-07
-1.39015030143e-07
-1.89178000685e-07
-2.30607455796e-07
-2.75289237443e-07
-3.26538404417e-07
-3.73535595617e-07
-4.05837639893e-07
-4.06765640989e-07
-3.92220641136e-07
-3.71085921375e-07
-3.40566177321e-07
-3.09867440732e-07
-2.7457019126e-07
-2.44676084306e-07
-2.19386639074e-07
-1.9266475372e-07
-1.80158859393e-07
-1.63852466425e-07
-1.44536508742e-07
-1.53254281716e-07
-1.74246064495e-07
-1.89137069566e-07
-2.05924545885e-07
-2.27776732426e-07
-2.48873481085e-07
-2.66527119128e-07
-2.85289967566e-07
-3.05142285481e-07
-3.26729757775e-07
-3.4153801536e-07
-3.45567922557e-07
-3.47235698848e-07
-3.35049939633e-07
-3.22037835521e-07
-3.25682304609e-07
-3.24386440114e-07
-3.20753349663e-07
-3.20353510992e-07
-3.11741587122e-07
-2.8942408452e-07
-2.53331610031e-07
-2.25802308096e-07
-2.09129622298e-07
-1.93662370444e-07
-1.91044438891e-07
-1.97462146778e-07
-2.0507758374e-07
-2.13024698087e-07
-2.207771189e-07
-2.24955763073e-07
-2.2658115654e-07
-2.34481417571e-07
-2.44311202076e-07
-2.56863941114e-07
-2.75367822114e-07
-2.94775296439e-07
-3.09460977528e-07
-3.1887183875e-07
-3.33070002911e-07
-3.39477903098e-07
-3.2395722646e-07
-2.98032068928e-07
-2.65219185957e-07
-2.25681828718e-07
-1.83373724159e-07
-1.42073993501e-07
-1.13322775541e-07
-1.04439538873e-07
-1.15918423382e-07
-1.43063600915e-07
-1.66459075416e-07
-1.87667392194e-07
-2.12690724728e-07
-2.26295416691e-07
-2.44369818722e-07
-2.69563862026e-07
-2.87373955238e-07
-3.10813192435e-07
-3.34207913512e-07
-3.47545357166e-07
-3.52098990326e-07
-3.52797394529e-07
-3.50185264591e-07
-3.35156997999e-07
-3.1971913837e-07
-3.07628899923e-07
-2.91203192467e-07
-2.74207216029e-07
-2.51497833489e-07
-2.32509021415e-07
-2.32000457092e-07
-2.4191801707e-07
-2.59451407728e-07
-2.80180776099e-07
-2.95904981554e-07
-3.09672209222e-07
-3.17389495311e-07
-3.13175046956e-07
-2.89131426878e-07
-2.52158413044e-07
-2.21832690787e-07
-1.85623548174e-07
-1.46943895197e-07
-1.14997978279e-07
-8.22978854486e-08
-6.74722945175e-08
-6.57705885778e-08
-6.56180672865e-08
-7.36889371098e-08
-9.58202179121e-08
-1.28250682553e-07
-1.44332385008e-07
-1.6567876053e-07
-2.03708665685e-07
-2.32552157628e-07
-2.71466362349e-07
-3.14914398094e-07
-3.49664388632e-07
-3.73967595001e-07
-3.79381359533e-07
-3.79107604719e-07
-3.67036580639e-07
-3.40691175699e-07
-3.11391456958e-07
-2.88058498919e-07
