0,1.6382e-05
0.0078125,8.1795e-06
0.015625,1.1851e-07
0.023438,8.9748e-08
0.03125,1.0856e-07
0.039063,6.1257e-08
0.046875,6.4814e-08
0.054688,7.8628e-08
0.0625,7.5099e-08
0.070313,4.5577e-08
0.078125,5.6689e-08
0.085938,6.5239e-08
0.09375,6.1909e-08
0.10156,4.3955e-08
0.10938,4.1931e-08
0.11719,2.2353e-08
0.125,3.023e-08
0.13281,3.1404e-08
0.14063,3.3683e-08
0.14844,3.0849e-08
0.15625,4.3899e-08
0.16406,5.3704e-08
0.17188,4.1592e-08
0.17969,2.2262e-08
0.1875,3.2521e-08
0.19531,4.2621e-08
0.20313,3.8049e-08
0.21094,4.0676e-08
0.21875,4.3669e-08
0.22656,3.7667e-08
0.23438,3.3887e-08
0.24219,2.5714e-08
0.25,2.6305e-08
0.25781,4.1034e-08
0.26563,3.9835e-08
0.27344,4.2781e-08
0.28125,3.4217e-08
0.28906,2.3528e-08
0.29688,2.2487e-08
0.30469,1.9688e-08
0.3125,2.1309e-08
0.32031,3.5276e-08
0.32813,2.7859e-08
0.33594,2.6639e-08
0.34375,3.4296e-08
0.35156,3.0741e-08
0.35938,2.588e-08
0.36719,2.5465e-08
0.375,2.2932e-08
0.38281,2.3299e-08
0.39063,2.492e-08
0.39844,2.3711e-08
0.40625,1.8736e-08
0.41406,3.0482e-08
0.42188,3.4025e-08
0.42969,2.7238e-08
0.4375,2.0065e-08
0.44531,1.824e-08
0.45313,1.9119e-08
0.46094,2.5449e-08
0.46875,2.1693e-08
0.47656,1.1926e-08
0.48438,2.0081e-08
0.49219,2.2999e-08
0.5,2.1773e-08
0.50781,2.7936e-08
0.51563,3.0027e-08
0.52344,2.6736e-08
0.53125,2.5083e-08
0.53906,2.2277e-08
0.54688,2.4601e-08
0.55469,2.3534e-08
0.5625,1.9754e-08
0.57031,1.7413e-08
0.57813,3.0804e-08
0.58594,3.6368e-08
0.59375,2.7519e-08
0.60156,1.6008e-08
0.60938,1.7709e-08
0.61719,1.1714e-08
0.625,2.0899e-08
0.63281,2.3417e-08
0.64063,2.3392e-08
0.64844,1.8246e-08
0.65625,3.4651e-08
0.66406,3.4161e-08
0.67188,2.3682e-08
0.67969,2.1566e-08
0.6875,2.0002e-08
0.69531,1.4283e-08
0.70313,1.6143e-08
0.71094,2.243e-08
0.71875,2.0635e-08
0.72656,1.5841e-08
0.73438,1.787e-08
0.74219,1.4606e-08
0.75,1.8919e-08
0.75781,1.7177e-08
0.76563,1.6479e-08
0.77344,2.4897e-08
0.78125,1.978e-08
0.78906,1.7893e-08
0.79688,1.5375e-08
0.80469,2.1831e-08
0.8125,1.8014e-08
0.82031,1.4586e-08
0.82813,1.6871e-08
0.83594,1.7202e-08
0.84375,1.2055e-08
0.85156,1.4372e-08
0.85938,9.79e-09
0.86719,9.4437e-09
0.875,1.2605e-08
0.88281,2.2639e-08
0.89063,2.3497e-08
0.89844,2.2463e-08
0.90625,1.6408e-08
0.91406,1.7265e-08
0.92188,2.0582e-08
0.92969,1.5976e-08
0.9375,1.7994e-08
0.94531,1.8164e-08
0.95313,1.8896e-08
0.96094,1.8174e-08
0.96875,9.7035e-09
0.97656,1.3003e-08
0.98438,1.4443e-08
0.99219,1.1328e-08
1,1.882e-08
1.0078,1.8389e-08
1.0156,2.5162e-08
1.0234,2.5118e-08
1.0313,1.8505e-08
1.0391,1.9073e-08
1.0469,2.2636e-08
1.0547,2.1512e-08
1.0625,1.9317e-08
1.0703,1.7332e-08
1.0781,1.4158e-08
1.0859,1.6511e-08
1.0938,2.1227e-08
1.1016,1.7316e-08
1.1094,1.549e-08
1.1172,1.8789e-08
1.125,1.5709e-08
1.1328,7.9478e-09
1.1406,1.3219e-08
1.1484,1.7292e-08
1.1563,1.5119e-08
1.1641,1.6015e-08
1.1719,1.4943e-08
1.1797,1.786e-08
1.1875,1.8703e-08
1.1953,2.2687e-08
1.2031,2.684e-08
1.2109,1.6641e-08
1.2188,1.5374e-08
1.2266,2.3286e-08
1.2344,2.8226e-08
1.2422,1.9776e-08
1.25,1.2345e-08
1.2578,1.5224e-08
1.2656,1.3236e-08
1.2734,7.6954e-09
1.2813,9.275e-09
1.2891,1.3849e-08
1.2969,1.8192e-08
1.3047,1.9774e-08
1.3125,1.325e-08
1.3203,1.2128e-08
1.3281,1.208e-08
1.3359,1.6253e-08
1.3438,1.9137e-08
1.3516,1.2391e-08
1.3594,1.2628e-08
1.3672,1.7495e-08
1.375,1.3738e-08
1.3828,1.7156e-08
1.3906,1.5552e-08
1.3984,1.2474e-08
1.4063,2.1786e-08
1.4141,1.8444e-08
1.4219,1.5109e-08
1.4297,1.641e-08
1.4375,1.6649e-08
1.4453,1.7111e-08
1.4531,1.3019e-08
1.4609,1.9072e-08
1.4688,2.2059e-08
1.4766,2.512e-08
1.4844,2.209e-08
1.4922,1.3591e-08
1.5,1.4935e-08
1.5078,9.9294e-09
1.5156,1.1871e-08
1.5234,2.0667e-08
1.5313,1.2405e-08
1.5391,1.1795e-08
1.5469,1.664e-08
1.5547,1.7e-08
1.5625,2.0652e-08
1.5703,1.896e-08
1.5781,1.5726e-08
1.5859,1.8217e-08
1.5938,1.5188e-08
1.6016,1.0744e-08
1.6094,1.6575e-08
1.6172,1.7272e-08
1.625,1.2646e-08
1.6328,1.3431e-08
1.6406,8.3506e-09
1.6484,1.0571e-08
1.6563,1.7945e-08
1.6641,1.5244e-08
1.6719,1.7783e-08
1.6797,2.0995e-08
1.6875,1.1199e-08
1.6953,1.0807e-08
1.7031,1.1547e-08
1.7109,1.2663e-08
1.7188,2.0135e-08
1.7266,1.3319e-08
1.7344,1.3303e-08
1.7422,1.4006e-08
1.75,1.0429e-08
1.7578,1.3922e-08
1.7656,1.1276e-08
1.7734,9.8255e-09
1.7813,1.7372e-08
1.7891,1.294e-08
1.7969,1.5458e-08
1.8047,1.6466e-08
1.8125,5.7813e-09
1.8203,1.2787e-08
1.8281,1.7106e-08
1.8359,1.2471e-08
1.8438,1.3222e-08
1.8516,1.3059e-08
1.8594,1.7758e-08
1.8672,1.132e-08
1.875,1.0643e-08
1.8828,1.4527e-08
1.8906,1.2261e-08
1.8984,1.3166e-08
1.9063,1.6834e-08
1.9141,1.4782e-08
1.9219,1.3763e-08
1.9297,9.2479e-09
1.9375,8.6169e-09
1.9453,1.2918e-08
1.9531,1.4923e-08
1.9609,1.7536e-08
1.9688,1.5765e-08
1.9766,1.2785e-08
1.9844,1.2085e-08
1.9922,1.0519e-08
2,6.9179e-09
2.0078,1.0884e-08
2.0156,1.3341e-08
2.0234,1.1249e-08
2.0313,5.6152e-09
2.0391,1.1051e-08
2.0469,1.1781e-08
2.0547,1.0079e-08
2.0625,9.3702e-09
2.0703,1.3553e-08
2.0781,1.8502e-08
2.0859,1.704e-08
2.0938,1.3135e-08
2.1016,1.0726e-08
2.1094,1.708e-08
2.1172,1.6989e-08
2.125,1.4935e-08
2.1328,8.9633e-09
2.1406,1.0099e-08
2.1484,1.4934e-08
2.1563,1.281e-08
2.1641,9.3336e-09
2.1719,8.7046e-09
2.1797,1.0709e-08
2.1875,6.3413e-09
2.1953,1.2051e-08
2.2031,1.4957e-08
2.2109,1.3473e-08
2.2188,1.6691e-08
2.2266,1.3742e-08
2.2344,1.1096e-08
2.2422,1.1897e-08
2.25,1.3031e-08
2.2578,1.3591e-08
2.2656,1.4118e-08
2.2734,1.3545e-08
2.2813,1.2667e-08
2.2891,1.2228e-08
2.2969,1.1531e-08
2.3047,8.156e-09
2.3125,1.175e-08
2.3203,1.403e-08
2.3281,1.4665e-08
2.3359,1.1051e-08
2.3438,1.5035e-08
2.3516,1.5384e-08
2.3594,1.5379e-08
2.3672,1.9969e-08
2.375,1.5143e-08
2.3828,1.2314e-08
2.3906,1.3838e-08
2.3984,1.2936e-08
2.4063,1.2954e-08
2.4141,1.4162e-08
2.4219,1.3432e-08
2.4297,1.3282e-08
2.4375,1.6114e-08
2.4453,1.2524e-08
2.4531,1.1607e-08
2.4609,1.6534e-08
2.4688,1.694e-08
2.4766,1.5201e-08
2.4844,9.9276e-09
2.4922,1.0446e-08
2.5,1.2041e-08
2.5078,9.4716e-09
2.5156,1.2714e-08
2.5234,1.2788e-08
2.5313,6.4961e-09
2.5391,8.909e-09
2.5469,1.3098e-08
2.5547,1.7795e-08
2.5625,1.3739e-08
2.5703,8.8663e-09
2.5781,1.2752e-08
2.5859,1.4593e-08
2.5938,1.2662e-08
2.6016,1.3191e-08
2.6094,1.7696e-08
2.6172,1.6642e-08
2.625,1.558e-08
2.6328,9.1258e-09
2.6406,1.1071e-08
2.6484,1.545e-08
2.6563,1.2462e-08
2.6641,9.2507e-09
2.6719,1.3207e-08
2.6797,1.259e-08
2.6875,9.1548e-09
2.6953,8.1715e-09
2.7031,1.1545e-08
2.7109,1.2324e-08
2.7188,1.5312e-08
2.7266,1.3688e-08
2.7344,1.3853e-08
2.7422,1.2637e-08
2.75,1.1777e-08
2.7578,1.3091e-08
2.7656,9.3905e-09
2.7734,1.1529e-08
2.7813,7.1779e-09
2.7891,1.2106e-08
2.7969,1.2475e-08
2.8047,1.3508e-08
2.8125,1.3646e-08
2.8203,1.3894e-08
2.8281,1.5844e-08
2.8359,2.0093e-08
2.8438,1.0808e-08
2.8516,1.0419e-08
2.8594,1.3412e-08
2.8672,1.1257e-08
2.875,9.7645e-09
2.8828,9.7668e-09
2.8906,1.2285e-08
2.8984,1.1787e-08
2.9063,1.1644e-08
2.9141,1.4867e-08
2.9219,1.5036e-08
2.9297,1.5919e-08
2.9375,1.3075e-08
2.9453,1.4497e-08
2.9531,1.4129e-08
2.9609,1.5414e-08
2.9688,1.7931e-08
2.9766,1.4939e-08
2.9844,1.6507e-08
2.9922,1.3337e-08
3,1.1175e-08
3.0078,1.6642e-08
3.0156,1.7368e-08
3.0234,1.572e-08
3.0313,1.5581e-08
3.0391,1.3882e-08
3.0469,1.3099e-08
3.0547,1.112e-08
3.0625,1.1445e-08
3.0703,1.2125e-08
3.0781,1.289e-08
3.0859,1.4279e-08
3.0938,9.2144e-09
3.1016,1.0632e-08
3.1094,1.0242e-08
3.1172,1.1754e-08
3.125,9.3259e-09
3.1328,1.1773e-08
3.1406,1.3629e-08
3.1484,1.3615e-08
3.1563,1.2569e-08
3.1641,1.1696e-08
3.1719,1.0754e-08
3.1797,1.1525e-08
3.1875,1.1424e-08
3.1953,1.5312e-08
3.2031,1.8035e-08
3.2109,1.4748e-08
3.2188,1.5378e-08
3.2266,1.2008e-08
3.2344,7.8303e-09
3.2422,6.0954e-09
3.25,1.2208e-08
3.2578,1.4705e-08
3.2656,1.3817e-08
3.2734,1.2497e-08
3.2813,1.4989e-08
3.2891,1.3e-08
3.2969,9.5536e-09
3.3047,1.3374e-08
3.3125,1.3743e-08
3.3203,1.8854e-08
3.3281,1.8151e-08
3.3359,9.5055e-09
3.3438,7.601e-09
3.3516,6.6771e-09
3.3594,7.8032e-09
3.3672,1.1767e-08
3.375,1.6831e-08
3.3828,1.4954e-08
3.3906,1.0974e-08
3.3984,1.4781e-08
3.4063,1.1062e-08
3.4141,1.1027e-08
3.4219,1.2045e-08
3.4297,1.343e-08
3.4375,1.224e-08
3.4453,1.2458e-08
3.4531,1.0295e-08
3.4609,1.1372e-08
3.4688,1.3122e-08
3.4766,8.0482e-09
3.4844,1.2479e-08
3.4922,1.1843e-08
3.5,1.0575e-08
3.5078,9.3306e-09
3.5156,1.2382e-08
3.5234,1.463e-08
3.5313,8.5636e-09
3.5391,1.285e-08
3.5469,1.058e-08
3.5547,2.8377e-09
3.5625,7.6647e-09
3.5703,8.5538e-09
3.5781,1.0956e-08
3.5859,1.4852e-08
3.5938,1.3741e-08
3.6016,1.5154e-08
3.6094,1.4247e-08
3.6172,1.2467e-08
3.625,1.0673e-08
3.6328,9.3334e-09
3.6406,1.1597e-08
3.6484,1.089e-08
3.6563,1.0699e-08
3.6641,1.3199e-08
3.6719,1.3412e-08
3.6797,1.1201e-08
3.6875,1.3787e-08
3.6953,1.0462e-08
3.7031,1.1182e-08
3.7109,1.2706e-08
3.7188,9.9645e-09
3.7266,1.1472e-08
3.7344,1.3144e-08
3.7422,1.0439e-08
3.75,1.2087e-08
3.7578,1.0884e-08
3.7656,1.1719e-08
3.7734,1.5313e-08
3.7813,1.303e-08
3.7891,1.1408e-08
3.7969,1.4038e-08
3.8047,9.1653e-09
3.8125,9.9606e-09
3.8203,1.0649e-08
3.8281,1.2775e-08
3.8359,1.4461e-08
3.8438,1.2085e-08
3.8516,1.1629e-08
3.8594,1.2769e-08
3.8672,1.3004e-08
3.875,1.6092e-08
3.8828,1.6155e-08
3.8906,1.471e-08
3.8984,1.0418e-08
3.9063,1.2181e-08
3.9141,1.5766e-08
3.9219,1.3294e-08
3.9297,3.996e-08
3.9375,4.0873e-08
3.9453,4.3184e-08
3.9531,5.1985e-08
3.9609,2.4054e-08
3.9688,1.4549e-08
3.9766,1.1352e-08
3.9844,1.3369e-08
3.9922,1.3422e-08
4,1.2435e-08
4.0078,1.0932e-08
4.0156,1.0015e-08
4.0234,8.8866e-09
4.0313,7.5578e-09
4.0391,8.2044e-09
4.0469,1.3527e-08
4.0547,1.4507e-08
4.0625,1.3551e-08
4.0703,1.3723e-08
4.0781,9.5563e-09
4.0859,1.1375e-08
4.0938,1.3228e-08
4.1016,1.3731e-08
4.1094,1.2101e-08
4.1172,1.3105e-08
4.125,1.1204e-08
4.1328,6.2218e-09
4.1406,7.3018e-09
4.1484,6.7047e-09
4.1563,9.197e-09
4.1641,1.0014e-08
4.1719,1.054e-08
4.1797,1.0445e-08
4.1875,8.9866e-09
4.1953,1.1531e-08
4.2031,9.7904e-09
4.2109,6.9361e-09
4.2188,7.862e-09
4.2266,9.7186e-09
4.2344,6.365e-09
4.2422,1.1034e-08
4.25,1.2656e-08
4.2578,1.3009e-08
4.2656,1.1269e-08
4.2734,6.9035e-09
4.2813,7.1744e-09
4.2891,9.8356e-09
4.2969,1.063e-08
4.3047,9.3925e-09
4.3125,1.1744e-08
4.3203,9.5164e-09
4.3281,9.0076e-09
4.3359,6.8831e-09
4.3438,7.6033e-09
4.3516,7.6913e-09
4.3594,1.1771e-08
4.3672,1.1634e-08
4.375,1.0321e-08
4.3828,8.8324e-09
4.3906,8.1989e-09
4.3984,1.0538e-08
4.4063,7.529e-09
4.4141,9.1481e-09
4.4219,9.666e-09
4.4297,1.0272e-08
4.4375,1.0723e-08
4.4453,1.0212e-08
4.4531,1.1703e-08
4.4609,8.3298e-09
4.4688,9.0687e-09
4.4766,6.7911e-09
4.4844,9.6004e-09
4.4922,8.8278e-09
4.5,9.6479e-09
4.5078,9.3982e-09
4.5156,1.0423e-08
4.5234,1.1069e-08
4.5313,1.4231e-08
4.5391,1.3086e-08
4.5469,1.0498e-08
4.5547,9.3944e-09
4.5625,1.1871e-08
4.5703,1.1565e-08
4.5781,1.2458e-08
4.5859,1.3809e-08
4.5938,1.2715e-08
4.6016,1.4225e-08
4.6094,8.4053e-09
4.6172,9.1888e-09
4.625,1.1387e-08
4.6328,1.3461e-08
4.6406,1.1853e-08
4.6484,7.8636e-09
4.6563,8.4339e-09
4.6641,9.512e-09
4.6719,1.3688e-08
4.6797,1.0407e-08
4.6875,8.744e-09
4.6953,7.0893e-09
4.7031,7.6882e-09
4.7109,6.2992e-09
4.7188,8.5869e-09
4.7266,1.1491e-08
4.7344,1.3795e-08
4.7422,1.4225e-08
4.75,8.7415e-09
4.7578,7.9224e-09
4.7656,7.7144e-09
4.7734,7.2789e-09
4.7813,7.8932e-09
4.7891,5.6769e-09
4.7969,1.1447e-08
4.8047,1.2929e-08
4.8125,8.8965e-09
4.8203,7.8707e-09
4.8281,1.0967e-08
4.8359,1.1179e-08
4.8438,9.2952e-09
4.8516,1.336e-08
4.8594,1.1677e-08
4.8672,7.434e-09
4.875,8.7122e-09
4.8828,1.2895e-08
4.8906,1.1306e-08
4.8984,6.9731e-09
4.9063,1.0602e-08
4.9141,1.1123e-08
4.9219,1.0811e-08
4.9297,8.3442e-09
4.9375,9.2767e-09
4.9453,7.0491e-09
4.9531,6.9616e-09
4.9609,7.4706e-09
4.9688,1.2344e-08
4.9766,1.1672e-08
4.9844,1.528e-08
4.9922,1.4013e-08
5,7.8683e-09
5.0078,1.3225e-08
5.0156,1.4731e-08
5.0234,1.0134e-08
5.0313,1.0854e-08
5.0391,1.1476e-08
5.0469,1.4432e-08
5.0547,1.5712e-08
5.0625,1.259e-08
5.0703,1.0828e-08
5.0781,1.0033e-08
5.0859,1.1074e-08
5.0938,1.1233e-08
5.1016,9.6536e-09
5.1094,1.0516e-08
5.1172,1.1882e-08
5.125,8.1333e-09
5.1328,6.6545e-09
5.1406,1.2759e-08
5.1484,1.2938e-08
5.1563,1.3853e-08
5.1641,9.6737e-09
5.1719,1.0676e-08
5.1797,1.4384e-08
5.1875,1.3783e-08
5.1953,1.2121e-08
5.2031,1.2682e-08
5.2109,9.5402e-09
5.2188,7.276e-09
5.2266,9.5758e-09
5.2344,7.0115e-09
5.2422,5.6269e-09
5.25,1.057e-08
5.2578,1.0342e-08
5.2656,6.5731e-09
5.2734,1.2147e-08
5.2813,1.202e-08
5.2891,9.701e-09
5.2969,8.3084e-09
5.3047,1.1139e-08
5.3125,1.1835e-08
5.3203,9.5672e-09
5.3281,1.0741e-08
5.3359,1.0571e-08
5.3438,7.0527e-09
5.3516,9.768e-09
5.3594,1.2614e-08
5.3672,6.2683e-09
5.375,9.5139e-09
5.3828,1.1946e-08
5.3906,1.0786e-08
5.3984,1.0982e-08
5.4063,1.0498e-08
5.4141,9.3219e-09
5.4219,8.1517e-09
5.4297,1.076e-08
5.4375,1.1218e-08
5.4453,8.9284e-09
5.4531,8.2961e-09
5.4609,6.5902e-09
5.4688,4.8073e-09
5.4766,6.7917e-09
5.4844,7.5019e-09
5.4922,1.1813e-08
5.5,9.6995e-09
5.5078,9.8698e-09
5.5156,5.9969e-09
5.5234,6.206e-09
5.5313,6.9832e-09
5.5391,6.2389e-09
5.5469,4.5058e-09
5.5547,7.3826e-09
5.5625,7.5098e-09
5.5703,7.8697e-09
5.5781,7.4439e-09
5.5859,8.5152e-09
5.5938,1.0601e-08
5.6016,1.1302e-08
5.6094,1.3728e-08
5.6172,8.3098e-09
5.625,6.6681e-09
5.6328,7.7047e-09
5.6406,8.4536e-09
5.6484,6.9093e-09
5.6563,1.0999e-08
5.6641,1.2821e-08
5.6719,9.5197e-09
5.6797,8.157e-09
5.6875,9.2285e-09
5.6953,1.1256e-08
5.7031,9.4442e-09
5.7109,9.0151e-09
5.7188,1.0156e-08
5.7266,1.1888e-08
5.7344,9.9717e-09
5.7422,8.4043e-09
5.75,1.0626e-08
5.7578,1.0486e-08
5.7656,9.0046e-09
5.7734,1.008e-08
5.7813,9.2521e-09
5.7891,7.3049e-09
5.7969,8.1569e-09
5.8047,1.0593e-08
5.8125,1.4868e-08
5.8203,1.6982e-08
5.8281,9.078e-09
5.8359,6.266e-09
5.8438,9.3389e-09
5.8516,1.2725e-08
5.8594,1.4978e-08
5.8672,9.9144e-09
5.875,1.1135e-08
5.8828,1.1246e-08
5.8906,1.1708e-08
5.8984,1.4021e-08
5.9063,9.0472e-09
5.9141,8.0674e-09
5.9219,1.4432e-08
5.9297,1.109e-08
5.9375,6.951e-09
5.9453,8.6077e-09
5.9531,1.2252e-08
5.9609,1.0778e-08
5.9688,8.1666e-09
5.9766,8.6001e-09
5.9844,9.745e-09
5.9922,1.1488e-08
6,1.1147e-08
6.0078,7.3812e-09
6.0156,8.8017e-09
6.0234,8.8357e-09
6.0313,9.2515e-09
6.0391,8.7147e-09
6.0469,8.4915e-09
6.0547,9.2718e-09
6.0625,9.5877e-09
6.0703,1.1516e-08
6.0781,1.2756e-08
6.0859,1.0074e-08
6.0938,1.1285e-08
6.1016,6.5512e-09
6.1094,6.2891e-09
6.1172,1.0676e-08
6.125,9.5138e-09
6.1328,7.1872e-09
6.1406,1.1161e-08
6.1484,1.283e-08
6.1563,1.2972e-08
6.1641,9.0973e-09
6.1719,7.9247e-09
6.1797,8.3396e-09
6.1875,1.1008e-08
6.1953,8.4571e-09
6.2031,8.4167e-09
6.2109,7.9935e-09
6.2188,8.0645e-09
6.2266,6.8233e-09
6.2344,8.389e-09
6.2422,7.4998e-09
6.25,9.2499e-09
6.2578,1.0139e-08
6.2656,1.4793e-08
6.2734,1.1639e-08
6.2813,1.0036e-08
6.2891,1.1769e-08
6.2969,9.3801e-09
6.3047,8.2134e-09
6.3125,7.4138e-09
6.3203,1.0107e-08
6.3281,1.0577e-08
6.3359,6.7116e-09
6.3438,4.9371e-09
6.3516,7.0625e-09
6.3594,8.7562e-09
6.3672,8.8744e-09
6.375,1.1108e-08
6.3828,1.0623e-08
6.3906,9.8709e-09
6.3984,8.1499e-09
6.4063,5.988e-09
6.4141,1.0881e-08
6.4219,1.3334e-08
6.4297,1.0797e-08
6.4375,1.0538e-08
6.4453,9.7763e-09
6.4531,1.1561e-08
6.4609,1.3108e-08
6.4688,8.248e-09
6.4766,1.1995e-08
6.4844,1.2417e-08
6.4922,1.0124e-08
6.5,8.1876e-09
6.5078,6.6335e-09
6.5156,8.9749e-09
6.5234,1.0949e-08
6.5313,9.8606e-09
6.5391,1.0739e-08
6.5469,8.2861e-09
6.5547,1.0973e-08
6.5625,8.4171e-09
6.5703,6.0203e-09
6.5781,7.9144e-09
6.5859,8.2894e-09
6.5938,1.008e-08
6.6016,8.8684e-09
6.6094,7.4676e-09
6.6172,9.9122e-09
6.625,6.8421e-09
6.6328,8.7761e-09
6.6406,8.1378e-09
6.6484,8.3862e-09
6.6563,8.1546e-09
6.6641,9.7067e-09
6.6719,1.1091e-08
6.6797,1.0611e-08
6.6875,9.63e-09
6.6953,6.4921e-09
6.7031,9.9425e-09
6.7109,1.3178e-08
6.7188,1.1734e-08
6.7266,1.2074e-08
6.7344,1.0103e-08
6.7422,5.8874e-09
6.75,8.4171e-09
6.7578,1.1407e-08
6.7656,1.2486e-08
6.7734,1.2198e-08
6.7813,1.1164e-08
6.7891,8.5411e-09
6.7969,6.64e-09
6.8047,7.053e-09
6.8125,8.4708e-09
6.8203,9.9757e-09
6.8281,1.4659e-08
6.8359,1.418e-08
6.8438,1.384e-08
6.8516,1.1104e-08
6.8594,1.0182e-08
6.8672,7.0123e-09
6.875,1.1481e-08
6.8828,1.2028e-08
6.8906,1.187e-08
6.8984,1.3029e-08
6.9063,8.0591e-09
6.9141,4.864e-09
6.9219,9.6172e-09
6.9297,1.1533e-08
6.9375,1.0217e-08
6.9453,1.1344e-08
6.9531,6.3847e-09
6.9609,1.2474e-08
6.9688,2.3002e-08
6.9766,1.8501e-08
6.9844,1.2249e-08
6.9922,1.6708e-08
7,2.0227e-08
7.0078,2.3739e-08
7.0156,1.3111e-08
7.0234,1.1177e-08
7.0313,1.4456e-08
7.0391,9.184e-09
7.0469,6.0113e-09
7.0547,9.1529e-09
7.0625,8.9612e-09
7.0703,9.8283e-09
7.0781,1.1349e-08
7.0859,7.4232e-09
7.0938,8.1005e-09
7.1016,1.2158e-08
7.1094,1.0553e-08
7.1172,7.0048e-09
7.125,7.457e-09
7.1328,6.5897e-09
7.1406,1.0743e-08
7.1484,8.8269e-09
7.1563,7.7032e-09
7.1641,7.8332e-09
7.1719,1.0316e-08
7.1797,1.1848e-08
7.1875,1.0563e-08
7.1953,1.2483e-08
7.2031,1.0588e-08
7.2109,7.9837e-09
7.2188,8.6441e-09
7.2266,7.679e-09
7.2344,6.5653e-09
7.2422,6.9398e-09
7.25,1.0571e-08
7.2578,9.7238e-09
7.2656,8.0396e-09
7.2734,6.0992e-09
7.2813,9.5121e-09
7.2891,1.1759e-08
7.2969,6.7616e-09
7.3047,1.147e-08
7.3125,1.3191e-08
7.3203,8.9113e-09
7.3281,1.096e-08
7.3359,1.116e-08
7.3438,9.8416e-09
7.3516,5.8834e-09
7.3594,7.2458e-09
7.3672,5.1997e-09
7.375,6.4814e-09
7.3828,8.3387e-09
7.3906,8.4302e-09
7.3984,6.9644e-09
7.4063,9.6307e-09
7.4141,1.0345e-08
7.4219,8.8717e-09
7.4297,7.0687e-09
7.4375,8.6425e-09
7.4453,1.1753e-08
7.4531,1.1439e-08
7.4609,8.8487e-09
7.4688,9.7399e-09
7.4766,1.1386e-08
7.4844,1.1043e-08
7.4922,7.8544e-09
7.5,8.4774e-09
7.5078,6.796e-09
7.5156,7.1194e-09
7.5234,1.002e-08
7.5313,1.0141e-08
7.5391,8.0293e-09
7.5469,6.6452e-09
7.5547,7.2678e-09
7.5625,1.1888e-08
7.5703,1.2579e-08
7.5781,8.1444e-09
7.5859,7.7718e-09
7.5938,1.1912e-08
7.6016,9.2093e-09
7.6094,7.8909e-09
7.6172,7.6122e-09
7.625,9.9256e-09
7.6328,1.207e-08
7.6406,1.2622e-08
7.6484,1.1174e-08
7.6563,1.3548e-08
7.6641,1.2015e-08
7.6719,8.7984e-09
7.6797,8.6568e-09
7.6875,1.159e-08
7.6953,7.4604e-09
7.7031,9.3122e-09
7.7109,1.2421e-08
7.7188,8.4053e-09
7.7266,7.1197e-09
7.7344,7.2884e-09
7.7422,7.7668e-09
7.75,7.7144e-09
7.7578,6.0981e-09
7.7656,7.2508e-09
7.7734,1.0023e-08
7.7813,1.0376e-08
7.7891,6.9453e-09
7.7969,6.8534e-09
7.8047,1.1151e-08
7.8125,1.2195e-08
7.8203,1.1175e-08
7.8281,9.7825e-09
7.8359,9.004e-09
7.8438,8.8135e-09
7.8516,9.299e-09
7.8594,7.607e-09
7.8672,9.4171e-09
7.875,1.078e-08
7.8828,9.0263e-09
7.8906,8.5602e-09
7.8984,8.3102e-09
7.9063,1.1519e-08
7.9141,1.1076e-08
7.9219,6.7786e-09
7.9297,7.1387e-09
7.9375,8.7747e-09
7.9453,9.3138e-09
7.9531,1.2471e-08
7.9609,1.0582e-08
7.9688,5.9943e-09
7.9766,9.4355e-09
7.9844,6.6931e-09
7.9922,8.8049e-09
8,7.4591e-09
8.0078,7.4768e-09
8.0156,9.15e-09
8.0234,7.9811e-09
8.0313,7.9949e-09
8.0391,7.5466e-09
8.0469,1.2173e-08
8.0547,1.1343e-08
8.0625,8.538e-09
8.0703,8.2004e-09
8.0781,9.3085e-09
8.0859,9.6663e-09
8.0938,5.9572e-09
8.1016,4.9274e-09
8.1094,9.7066e-09
8.1172,8.2723e-09
8.125,9.6148e-09
8.1328,8.7984e-09
8.1406,7.9111e-09
8.1484,9.032e-09
8.1563,1.1509e-08
8.1641,1.1259e-08
8.1719,9.2095e-09
8.1797,8.086e-09
8.1875,8.8245e-09
8.1953,9.4723e-09
8.2031,1.0626e-08
8.2109,9.6498e-09
8.2188,1.0885e-08
8.2266,1.0961e-08
8.2344,1.2507e-08
8.2422,1.1069e-08
8.25,1.1306e-08
8.2578,6.0532e-09
8.2656,6.5186e-09
8.2734,7.7278e-09
8.2813,1.2055e-08
8.2891,8.3538e-09
8.2969,7.4178e-09
8.3047,9.952e-09
8.3125,1.26e-08
8.3203,1.2318e-08
8.3281,9.0196e-09
8.3359,8.6158e-09
8.3438,1.3052e-08
8.3516,1.1109e-08
8.3594,1.0184e-08
8.3672,1.2454e-08
8.375,1.0787e-08
8.3828,8.7676e-09
8.3906,9.0128e-09
8.3984,7.942e-09
8.4063,7.0679e-09
8.4141,7.0121e-09
8.4219,6.7194e-09
8.4297,1.129e-08
8.4375,1.0722e-08
8.4453,8.4585e-09
8.4531,5.973e-09
8.4609,6.0943e-09
8.4688,8.1747e-09
8.4766,1.0776e-08
8.4844,8.1132e-09
8.4922,6.6739e-09
8.5,9.0876e-09
8.5078,1.2441e-08
8.5156,1.2869e-08
8.5234,1.0006e-08
8.5313,7.6376e-09
8.5391,1.0413e-08
8.5469,1.2455e-08
8.5547,1.178e-08
8.5625,1.1288e-08
8.5703,1.0768e-08
8.5781,9.3222e-09
8.5859,1.1271e-08
8.5938,8.7502e-09
8.6016,9.581e-09
8.6094,9.3816e-09
8.6172,7.8228e-09
8.625,8.2064e-09
8.6328,1.1057e-08
8.6406,1.1644e-08
8.6484,1.1751e-08
8.6563,1.1319e-08
8.6641,7.5906e-09
8.6719,9.2308e-09
8.6797,9.807e-09
8.6875,7.2789e-09
8.6953,7.9447e-09
8.7031,7.5393e-09
8.7109,9.7541e-09
8.7188,1.0201e-08
8.7266,9.5686e-09
8.7344,9.8019e-09
8.7422,8.0989e-09
8.75,7.7618e-09
8.7578,9.4512e-09
8.7656,1.0289e-08
8.7734,8.4464e-09
8.7813,9.9633e-09
8.7891,1.065e-08
8.7969,9.0554e-09
8.8047,6.7967e-09
8.8125,9.7262e-09
8.8203,9.8825e-09
8.8281,1.0624e-08
8.8359,1.0898e-08
8.8438,7.3646e-09
8.8516,9.1445e-09
8.8594,7.159e-09
8.8672,7.8064e-09
8.875,9.6847e-09
8.8828,6.3141e-09
8.8906,9.4044e-09
8.8984,9.951e-09
8.9063,9.3786e-09
8.9141,8.2146e-09
8.9219,1.1712e-08
8.9297,1.2989e-08
8.9375,9.4944e-09
8.9453,9.0272e-09
8.9531,8.8103e-09
8.9609,1.1553e-08
8.9688,1.3817e-08
8.9766,1.12e-08
8.9844,7.5145e-09
8.9922,1.026e-08
9,1.2792e-08
9.0078,1.0736e-08
9.0156,1.1143e-08
9.0234,9.6441e-09
9.0313,9.4882e-09
9.0391,1.0126e-08
9.0469,1.2931e-08
9.0547,1.1715e-08
9.0625,8.2909e-09
9.0703,8.819e-09
9.0781,1.0213e-08
9.0859,1.0584e-08
9.0938,8.3934e-09
9.1016,8.5553e-09
9.1094,8.5363e-09
9.1172,6.1124e-09
9.125,5.7315e-09
9.1328,7.0261e-09
9.1406,9.2014e-09
9.1484,1.1271e-08
9.1563,1.2232e-08
9.1641,1.0806e-08
9.1719,1.0478e-08
9.1797,8.7362e-09
9.1875,6.9166e-09
9.1953,9.0515e-09
9.2031,1.1464e-08
9.2109,1.1981e-08
9.2188,1.4498e-08
9.2266,1.1821e-08
9.2344,9.6662e-09
9.2422,8.8198e-09
9.25,9.2873e-09
9.2578,9.0533e-09
9.2656,9.5185e-09
9.2734,6.1515e-09
9.2813,8.453e-09
9.2891,6.4597e-09
9.2969,6.7251e-09
9.3047,1.0201e-08
9.3125,1.0917e-08
9.3203,9.0773e-09
9.3281,1.1143e-08
9.3359,9.5389e-09
9.3438,6.0213e-09
9.3516,7.2566e-09
9.3594,8.5943e-09
9.3672,7.7827e-09
9.375,9.5735e-09
9.3828,1.136e-08
9.3906,1.2546e-08
9.3984,9.7872e-09
9.4063,1.0246e-08
9.4141,7.3758e-09
9.4219,9.0141e-09
9.4297,1.2344e-08
9.4375,8.2031e-09
9.4453,9.7089e-09
9.4531,9.8899e-09
9.4609,9.3571e-09
9.4688,7.124e-09
9.4766,7.8721e-09
9.4844,1.7258e-08
9.4922,1.5655e-08
9.5,1.0118e-08
9.5078,8.0119e-09
9.5156,8.8403e-09
9.5234,1.4187e-08
9.5313,1.1488e-08
9.5391,6.8483e-09
9.5469,7.126e-09
9.5547,6.0668e-09
9.5625,7.0205e-09
9.5703,1.1369e-08
9.5781,1.0131e-08
9.5859,6.9967e-09
9.5938,7.1329e-09
9.6016,8.8612e-09
9.6094,1.1828e-08
9.6172,1.2598e-08
9.625,9.7401e-09
9.6328,1.112e-08
9.6406,7.9224e-09
9.6484,6.0372e-09
9.6563,9.1575e-09
9.6641,9.6657e-09
9.6719,1.0968e-08
9.6797,9.3752e-09
9.6875,1.3911e-08
9.6953,1.1522e-08
9.7031,1.0187e-08
9.7109,8.0764e-09
9.7188,6.908e-09
9.7266,4.2391e-09
9.7344,9.2117e-09
9.7422,1.1878e-08
9.75,9.1637e-09
9.7578,5.6674e-09
9.7656,6.572e-09
9.7734,1.0163e-08
9.7813,7.7351e-09
9.7891,8.4484e-09
9.7969,9.3419e-09
9.8047,8.6219e-09
9.8125,1.0082e-08
9.8203,1.0772e-08
9.8281,5.8331e-09
9.8359,7.2968e-09
9.8438,1.1881e-08
9.8516,1.414e-08
9.8594,9.6938e-09
9.8672,7.0211e-09
9.875,8.3466e-09
9.8828,4.6275e-09
9.8906,9.31e-09
9.8984,1.0094e-08
9.9063,6.3136e-09
9.9141,8.222e-09
9.9219,1.1934e-08
9.9297,9.0866e-09
9.9375,6.0729e-09
9.9453,4.8453e-09
9.9531,7.7306e-09
9.9609,1.0553e-08
9.9688,1.0214e-08
9.9766,8.8864e-09
9.9844,6.8165e-09
9.9922,6.6254e-09
10,1.1292e-08
10.008,1.1928e-08
10.016,1.1388e-08
10.023,1.0199e-08
10.031,1.1007e-08
10.039,7.3816e-09
10.047,8.4076e-09
10.055,9.5043e-09
10.063,7.9508e-09
10.07,8.9958e-09
10.078,8.4381e-09
10.086,9.808e-09
10.094,9.7042e-09
10.102,9.3964e-09
10.109,9.1317e-09
10.117,7.054e-09
10.125,4.9363e-09
10.133,7.4005e-09
10.141,1.1063e-08
10.148,1.1316e-08
10.156,7.8842e-09
10.164,5.7264e-09
10.172,6.9348e-09
10.18,7.4574e-09
10.188,8.3132e-09
10.195,1.0923e-08
10.203,8.3667e-09
10.211,8.0558e-09
10.219,1.0213e-08
10.227,9.3251e-09
10.234,7.1888e-09
10.242,8.8111e-09
10.25,1.3076e-08
10.258,1.1143e-08
10.266,1.0067e-08
10.273,6.1303e-09
10.281,7.2735e-09
10.289,7.0714e-09
10.297,7.3707e-09
10.305,9.0702e-09
10.313,1.1606e-08
10.32,9.6384e-09
10.328,6.7914e-09
10.336,7.7067e-09
10.344,7.2892e-09
10.352,7.0566e-09
10.359,8.4494e-09
10.367,1.1373e-08
10.375,9.8939e-09
10.383,8.1597e-09
10.391,8.5633e-09
10.398,7.6734e-09
10.406,9.413e-09
10.414,1.1125e-08
10.422,1.0691e-08
10.43,7.068e-09
10.438,1.0119e-08
10.445,1.1336e-08
10.453,1.0497e-08
10.461,8.4581e-09
10.469,7.6056e-09
10.477,8.3849e-09
10.484,9.4963e-09
10.492,5.2993e-09
10.5,7.5712e-09
10.508,1.1113e-08
10.516,8.959e-09
10.523,9.7687e-09
10.531,7.2971e-09
10.539,9.1211e-09
10.547,1.2138e-08
10.555,7.7157e-09
10.563,6.0946e-09
10.57,8.1242e-09
10.578,7.4404e-09
10.586,7.9592e-09
10.594,6.8858e-09
10.602,8.7249e-09
10.609,1.1901e-08
10.617,1.2923e-08
10.625,1.1127e-08
10.633,7.2025e-09
10.641,8.4951e-09
10.648,6.8752e-09
10.656,6.9124e-09
10.664,1.2236e-08
10.672,1.2227e-08
10.68,1.052e-08
10.688,8.1859e-09
10.695,5.6287e-09
10.703,1.0661e-08
10.711,1.1646e-08
10.719,1.0495e-08
10.727,6.8707e-09
10.734,1.0402e-08
10.742,7.8391e-09
10.75,6.1944e-09
10.758,9.4354e-09
10.766,1.1268e-08
10.773,7.4101e-09
10.781,1.0441e-08
10.789,1.4018e-08
10.797,9.5454e-09
10.805,8.2577e-09
10.813,9.2477e-09
10.82,8.0932e-09
10.828,9.25e-09
10.836,1.0011e-08
10.844,7.0213e-09
10.852,6.073e-09
10.859,6.8974e-09
10.867,8.9683e-09
10.875,1.0877e-08
10.883,9.7576e-09
10.891,8.4345e-09
10.898,6.1917e-09
10.906,4.2232e-09
10.914,9.8635e-09
10.922,1.0617e-08
10.93,6.9246e-09
10.938,8.1344e-09
10.945,7.5648e-09
10.953,9.2631e-09
10.961,7.0197e-09
10.969,7.3605e-09
10.977,9.6614e-09
10.984,7.3806e-09
10.992,8.5903e-09
11,9.3137e-09
11.008,1.4781e-08
11.016,1.4429e-08
11.023,7.891e-09
11.031,8.45e-09
11.039,1.1192e-08
11.047,9.4801e-09
11.055,5.1247e-09
11.063,7.2595e-09
11.07,7.6716e-09
11.078,6.7001e-09
11.086,7.6273e-09
11.094,8.9787e-09
11.102,6.2736e-09
11.109,7.5909e-09
11.117,9.7348e-09
11.125,1.1273e-08
11.133,1.0917e-08
11.141,9.0997e-09
11.148,8.4956e-09
11.156,1.2007e-08
11.164,1.168e-08
11.172,9.2188e-09
11.18,7.693e-09
11.188,1.0151e-08
11.195,1.2309e-08
11.203,6.2235e-09
11.211,8.7285e-09
11.219,1.3231e-08
11.227,1.2624e-08
11.234,7.7873e-09
11.242,5.086e-09
11.25,8.7577e-09
11.258,8.2731e-09
11.266,4.1803e-09
11.273,6.0254e-09
11.281,6.6752e-09
11.289,9.5939e-09
11.297,1.0093e-08
11.305,9.5288e-09
11.313,1.042e-08
11.32,1.1324e-08
11.328,1.1496e-08
11.336,9.3728e-09
11.344,1.2074e-08
11.352,1.1394e-08
11.359,7.2238e-09
11.367,5.0581e-09
11.375,4.8018e-09
11.383,6.231e-09
11.391,8.3313e-09
11.398,6.1689e-09
11.406,7.5671e-09
11.414,9.7721e-09
11.422,8.8181e-09
11.43,7.8865e-09
11.438,1.002e-08
11.445,1.1293e-08
11.453,1.3308e-08
11.461,1.4228e-08
11.469,1.2765e-08
11.477,1.0172e-08
11.484,9.3337e-09
11.492,9.9356e-09
11.5,1.0402e-08
11.508,9.6518e-09
11.516,9.9329e-09
11.523,8.8665e-09
11.531,9.9254e-09
11.539,7.0929e-09
11.547,9.5027e-09
11.555,1.4663e-08
11.563,1.3309e-08
11.57,8.7629e-09
11.578,8.8359e-09
11.586,8.7773e-09
11.594,7.5885e-09
11.602,8.3532e-09
11.609,9.5484e-09
11.617,9.0462e-09
11.625,6.4902e-09
11.633,8.9213e-09
11.641,8.3208e-09
11.648,9.8224e-09
11.656,1.1563e-08
11.664,9.5519e-09
11.672,6.7003e-09
11.68,6.5737e-09
11.688,9.2344e-09
11.695,8.8561e-09
11.703,1.2034e-08
11.711,8.3814e-09
11.719,5.2462e-09
11.727,3.807e-09
11.734,4.8718e-09
11.742,7.3974e-09
11.75,7.728e-09
11.758,7.0439e-09
11.766,9.5121e-09
11.773,1.0796e-08
11.781,8.049e-09
11.789,1.0446e-08
11.797,1.1128e-08
11.805,1.1821e-08
11.813,1.0343e-08
11.82,1.0396e-08
11.828,8.8608e-09
11.836,7.8566e-09
11.844,7.9437e-09
11.852,6.9864e-09
11.859,8.6092e-09
11.867,7.4885e-09
11.875,8.1443e-09
11.883,1.1047e-08
11.891,1.1278e-08
11.898,1.0551e-08
11.906,1.0814e-08
11.914,9.3106e-09
11.922,8.7481e-09
11.93,6.4865e-09
11.938,6.6847e-09
11.945,9.0673e-09
11.953,9.7891e-09
11.961,9.5206e-09
11.969,6.3583e-09
11.977,6.9312e-09
11.984,8.1098e-09
11.992,6.1964e-09
12,9.2124e-09
12.008,8.6952e-09
12.016,9.5852e-09
12.023,6.8247e-09
12.031,6.1604e-09
12.039,7.2773e-09
12.047,6.7311e-09
12.055,7.2107e-09
12.063,1.183e-08
12.07,1.1663e-08
12.078,9.0224e-09
12.086,9.5515e-09
12.094,8.9077e-09
12.102,8.8145e-09
12.109,9.1819e-09
12.117,7.2583e-09
12.125,3.9469e-09
12.133,8.261e-09
12.141,6.4843e-09
12.148,3.7294e-09
12.156,8.4918e-09
12.164,7.7613e-09
12.172,9.1144e-09
12.18,8.5061e-09
12.188,6.9907e-09
12.195,9.4667e-09
12.203,1.1439e-08
12.211,8.0018e-09
12.219,4.5173e-09
12.227,6.2136e-09
12.234,6.7631e-09
12.242,4.9557e-09
12.25,6.808e-09
12.258,6.4548e-09
12.266,7.3305e-09
12.273,7.4634e-09
12.281,8.0435e-09
12.289,6.4283e-09
12.297,8.864e-09
12.305,9.5909e-09
12.313,1.0892e-08
12.32,1.1611e-08
12.328,9.9222e-09
12.336,7.0812e-09
12.344,7.1264e-09
12.352,8.2228e-09
12.359,8.9302e-09
12.367,1.071e-08
12.375,5.864e-09
12.383,6.006e-09
12.391,7.4106e-09
12.398,7.8725e-09
12.406,7.1758e-09
12.414,8.1978e-09
12.422,9.3992e-09
12.43,8.3872e-09
12.438,5.8996e-09
12.445,7.685e-09
12.453,1.0554e-08
12.461,1.066e-08
12.469,1.39e-08
12.477,1.3697e-08
12.484,1.2918e-08
12.492,1.0626e-08
12.5,8.001e-09
12.563,9.1706e-09
12.625,1.0436e-08
12.688,1.1047e-08
12.75,6.3407e-09
12.813,8.3849e-09
12.875,7.1919e-09
12.938,7.5829e-09
13,8.8085e-09
13.063,9.7811e-09
13.125,7.1112e-09
13.188,6.4479e-09
13.25,9.2674e-09
13.313,8.8964e-09
13.375,8.4984e-09
13.438,8.5971e-09
13.5,8.3779e-09
13.563,7.6992e-09
13.625,6.9829e-09
13.688,9.1428e-09
13.75,1.1721e-08
13.813,1.1613e-08
13.875,1.0196e-08
13.938,1.1455e-08
14,1.106e-08
14.063,8.8111e-09
14.125,7.8678e-09
14.188,4.6384e-09
14.25,7.0915e-09
14.313,9.233e-09
14.375,8.9662e-09
14.438,8.5198e-09
14.5,8.2944e-09
14.563,6.1643e-09
14.625,7.9883e-09
14.688,9.5993e-09
14.75,7.8782e-09
14.813,1.0582e-08
14.875,7.7794e-09
14.938,4.5441e-09
15,7.5801e-09
15.063,7.9094e-09
15.125,8.7336e-09
15.188,1.1664e-08
15.25,7.5923e-09
15.313,9.6767e-09
15.375,1.383e-08
15.438,1.445e-08
15.5,1.3129e-08
15.563,9.761e-09
15.625,8.4587e-09
15.688,8.9399e-09
15.75,1.0774e-08
15.813,9.3079e-09
15.875,9.5787e-09
15.938,9.0876e-09
16,8.5742e-09
16.063,9.3569e-09
16.125,1.1387e-08
16.188,1.3919e-08
16.25,1.147e-08
16.313,6.5282e-09
16.375,9.1844e-09
16.438,9.2925e-09
16.5,7.5812e-09
16.563,9.2641e-09
16.625,7.7807e-09
16.688,7.069e-09
16.75,5.2951e-09
16.813,7.8178e-09
16.875,6.8466e-09
16.938,9.5899e-09
17,9.7102e-09
17.063,9.8796e-09
17.125,9.6685e-09
17.188,6.9375e-09
17.25,6.9199e-09
17.313,8.7907e-09
17.375,7.9527e-09
17.438,7.019e-09
17.5,7.7784e-09
17.563,6.942e-09
17.625,9.6399e-09
17.688,1.005e-08
17.75,8.104e-09
17.813,1.598e-08
17.875,2.5568e-08
17.938,1.8046e-08
18,1.1536e-08
18.063,6.4018e-09
18.125,9.2477e-09
18.188,1.0356e-08
18.25,9.0805e-09
18.313,7.8653e-09
18.375,7.9398e-09
18.438,8.2829e-09
18.5,9.0737e-09
18.563,6.9805e-09
18.625,6.7001e-09
18.688,6.8802e-09
18.75,4.6449e-09
18.813,7.0809e-09
18.875,8.1001e-09
18.938,7.0118e-09
19,9.0581e-09
19.063,6.3011e-09
19.125,9.3011e-09
19.188,9.2636e-09
19.25,6.6237e-09
19.313,7.0393e-09
19.375,7.5655e-09
19.438,7.0395e-09
19.5,8.2081e-09
19.563,9.27e-09
19.625,9.9361e-09
19.688,5.5926e-09
19.75,5.3642e-09
19.813,9.9982e-09
19.875,1.003e-08
19.938,8.0084e-09
20,1.0094e-08
20.063,1.3524e-08
20.125,1.2868e-08
20.188,1.3163e-08
20.25,1.0587e-08
20.313,9.373e-09
20.375,7.1492e-09
20.438,8.3979e-09
20.5,9.236e-09
20.563,8.1971e-09
20.625,9.142e-09
20.688,9.2688e-09
20.75,9.7279e-09
20.813,9.4899e-09
20.875,8.9642e-09
20.938,9.4814e-09
21,9.0585e-09
21.063,1.4643e-08
21.125,1.3208e-08
21.188,5.898e-09
21.25,1.121e-08
21.313,9.7666e-09
21.375,9.344e-09
21.438,9.9465e-09
21.5,1.1367e-08
21.563,1.1356e-08
21.625,6.6331e-09
21.688,7.1553e-09
21.75,9.0378e-09
21.813,8.4019e-09
21.875,7.8637e-09
21.938,7.906e-09
22,9.9928e-09
22.063,9.1718e-09
22.125,6.9219e-09
22.188,6.7013e-09
22.25,8.9791e-09
22.313,6.6931e-09
22.375,9.1884e-09
22.438,9.979e-09
22.5,1.0005e-08
22.563,1.309e-08
22.625,1.333e-08
22.688,8.8691e-09
22.75,1.0997e-08
22.813,1.2292e-08
22.875,9.2318e-09
22.938,6.4699e-09
23,1.1475e-08
23.063,1.5203e-08
23.125,1.3446e-08
23.188,5.6902e-09
23.25,9.7155e-09
23.313,1.22e-08
23.375,9.6971e-09
23.438,9.7193e-09
23.5,1.0064e-08
23.563,7.2338e-09
23.625,9.2951e-09
23.688,1.2818e-08
23.75,1.1518e-08
23.813,9.2774e-09
23.875,9.0998e-09
23.938,1.3302e-08
24,1.2085e-08
24.063,1.0417e-08
24.125,1.0968e-08
24.188,8.0947e-09
24.25,7.2084e-09
24.313,7.6179e-09
24.375,8.4249e-09
24.438,1.1415e-08
24.5,1.1846e-08
24.563,1.3018e-08
24.625,1.3522e-08
24.688,1.2894e-08
24.75,1.2064e-08
24.813,1.0441e-08
24.875,8.1625e-09
24.938,9.608e-09
25,9.0996e-09
25.063,1.1767e-08
25.125,1.0032e-08
25.188,8.4252e-09
25.25,1.0071e-08
25.313,8.8875e-09
25.375,6.0965e-09
25.438,8.2467e-09
25.5,7.4177e-09
25.563,8.4001e-09
25.625,7.5063e-09
25.688,1.0115e-08
25.75,9.9592e-09
25.813,1.0174e-08
25.875,6.4265e-09
25.938,7.2448e-09
26,6.782e-09
26.063,7.3328e-09
26.125,8.8228e-09
26.188,9.8512e-09
26.25,9.5827e-09
26.313,9.764e-09
26.375,8.6678e-09
26.438,8.7536e-09
26.5,9.826e-09
26.563,1.2157e-08
26.625,9.9694e-09
26.688,6.4433e-09
26.75,8.5497e-09
26.813,1.0581e-08
26.875,8.1992e-09
26.938,6.5116e-09
27,4.8206e-09
27.063,7.256e-09
27.125,1.0238e-08
27.188,8.5108e-09
27.25,6.328e-09
27.313,8.1613e-09
27.375,8.3099e-09
27.438,7.803e-09
27.5,7.2843e-09
27.563,3.9177e-09
27.625,7.6375e-09
27.688,1.2681e-08
27.75,1.0818e-08
27.813,8.4114e-09
27.875,8.2213e-09
27.938,1.0629e-08
28,9.6271e-09
28.063,9.0563e-09
28.125,9.3877e-09
28.188,6.9154e-09
28.25,5.5856e-09
28.313,8.257e-09
28.375,1.0433e-08
28.438,1.1067e-08
28.5,1.0427e-08
28.563,8.722e-09
28.625,7.689e-09
28.688,7.0373e-09
28.75,7.4513e-09
28.813,6.8236e-09
28.875,5.9243e-09
28.938,5.2013e-09
29,6.0305e-09
29.063,8.8072e-09
29.125,8.847e-09
29.188,9.5135e-09
29.25,8.5364e-09
29.313,7.1884e-09
29.375,8.1305e-09
29.438,1.227e-08
29.5,1.0698e-08
29.563,7.9901e-09
29.625,5.0849e-09
29.688,6.6847e-09
29.75,6.5763e-09
29.813,7.9451e-09
29.875,7.6573e-09
29.938,7.2926e-09
30,7.1258e-09
30.063,6.4146e-09
30.125,8.1163e-09
30.188,6.9577e-09
30.25,6.5739e-09
30.313,8.0824e-09
30.375,5.7415e-09
30.438,7.1965e-09
30.5,1.0841e-08
30.563,8.754e-09
30.625,5.4978e-09
30.688,8.5003e-09
30.75,1.0318e-08
30.813,8.3278e-09
30.875,7.986e-09
30.938,7.8551e-09
31,4.9956e-09
31.063,6.704e-09
31.125,5.981e-09
31.188,6.9065e-09
31.25,8.4989e-09
31.313,9.2709e-09
31.375,9.1453e-09
31.438,7.6411e-09
31.5,5.1688e-09
31.563,7.0443e-09
31.625,4.2632e-09
31.688,5.8476e-09
31.75,6.3983e-09
31.813,6.0147e-09
31.875,8.3854e-09
31.938,1.2845e-08
32,1.1e-08
32.063,9.5949e-09
32.125,6.1997e-09
32.188,6.5096e-09
32.25,7.8819e-09
32.313,4.7967e-09
32.375,9.0702e-09
32.438,1.1594e-08
32.5,7.9036e-09
32.563,9.0987e-09
32.625,6.7054e-09
32.688,8.097e-09
32.75,8.6896e-09
32.813,9.449e-09
32.875,1.0679e-08
32.938,5.6968e-09
33,1.1152e-08
33.063,1.1573e-08
33.125,8.1789e-09
33.188,9.3593e-09
33.25,9.8672e-09
33.313,9.5893e-09
33.375,9.6377e-09
33.438,1.1779e-08
33.5,6.9956e-09
33.563,4.3807e-09
33.625,1.7328e-08
33.688,2.0336e-08
33.75,1.0546e-08
33.813,4.9654e-09
33.875,1.0727e-08
33.938,1.0732e-08
34,8.674e-09
34.063,9.0776e-09
34.125,8.6128e-09
34.188,5.812e-09
34.25,7.5884e-09
34.313,9.6875e-09
34.375,6.0059e-09
34.438,6.8141e-09
34.5,6.8178e-09
34.563,4.4918e-09
34.625,8.1053e-09
34.688,7.533e-09
34.75,1.1519e-08
34.813,2.9735e-08
34.875,2.0203e-08
34.938,6.9902e-09
35,9.7991e-09
35.063,9.4386e-09
35.125,5.9327e-09
35.188,6.4923e-09
35.25,9.2551e-09
35.313,7.1661e-09
35.375,7.2939e-09
35.438,1.0202e-08
35.5,1.0015e-08
35.563,1.0032e-08
35.625,8.5632e-09
35.688,8.6207e-09
35.75,1.0203e-08
35.813,8.5996e-09
35.875,9.9177e-09
35.938,9.7687e-09
36,7.1016e-09
36.063,4.9867e-09
36.125,6.4838e-09
36.188,5.3995e-09
36.25,7.6456e-09
36.313,9.2535e-09
36.375,9.9877e-09
36.438,1.0109e-08
36.5,5.3778e-09
36.563,8.1638e-09
36.625,3.7789e-09
36.688,7.5013e-09
36.75,8.1997e-09
36.813,9.7735e-09
36.875,1.2673e-08
36.938,8.6868e-09
37,5.5905e-09
37.063,7.3645e-09
37.125,8.558e-09
37.188,6.6727e-09
37.25,1.3933e-08
37.313,9.9258e-09
37.375,7.1298e-09
37.438,8.7083e-09
37.5,5.9146e-09
37.563,9.5112e-09
37.625,6.8718e-09
37.688,7.6348e-09
37.75,8.3241e-09
37.813,9.4699e-09
37.875,1.0742e-08
37.938,9.209e-09
38,7.2547e-09
38.063,7.3336e-09
38.125,1.1976e-08
38.188,1.2e-08
38.25,1.0104e-08
38.313,8.9662e-09
38.375,8.9955e-09
38.438,7.5222e-09
38.5,5.8496e-09
38.563,6.4509e-09
38.625,8.7354e-09
38.688,7.8327e-09
38.75,6.2132e-09
38.813,1.0463e-08
38.875,2.3281e-08
38.938,1.3275e-08
39,7.8325e-09
39.063,7.5331e-09
39.125,9.4194e-09
39.188,8.4268e-09
39.25,7.8634e-09
39.313,5.966e-09
39.375,5.044e-09
39.438,5.2965e-09
39.5,6.9131e-09
39.563,8.8867e-09
39.625,1.0827e-08
39.688,8.8266e-09
39.75,8.5995e-09
39.813,7.8819e-09
39.875,9.2241e-09
39.938,8.2066e-09
40,8.0962e-09
40.063,7.6685e-09
40.125,8.5303e-09
40.188,8.7864e-09
40.25,9.0217e-09
40.313,7.9415e-09
40.375,1.0858e-08
40.438,9.1112e-09
40.5,7.5291e-09
40.563,6.7699e-09
40.625,7.0852e-09
40.688,9.6618e-09
40.75,9.0437e-09
40.813,6.7151e-09
40.875,6.4848e-09
40.938,8.9296e-09
41,9.8247e-09
41.063,1.1391e-08
41.125,1.0156e-08
41.188,5.5834e-09
41.25,6.9414e-09
41.313,6.0242e-09
41.375,5.7671e-09
41.438,7.2299e-09
41.5,6.5112e-09
41.563,7.2718e-09
41.625,5.8274e-09
41.688,4.2585e-09
41.75,6.2428e-09
41.813,6.1412e-09
41.875,7.7166e-09
41.938,9.1052e-09
42,7.6098e-09
42.063,9.8106e-09
42.125,7.5384e-09
42.188,6.0689e-09
42.25,6.1539e-09
42.313,6.0182e-09
42.375,4.9466e-09
42.438,7.6557e-09
42.5,5.5743e-09
42.563,5.2444e-09
42.625,9.8569e-09
42.688,9.0182e-09
42.75,6.5401e-09
42.813,7.4003e-09
42.875,6.9973e-09
42.938,8.3886e-09
43,9.5173e-09
43.063,7.7856e-09
43.125,4.9769e-09
43.188,5.4391e-09
43.25,5.9445e-09
43.313,8.6884e-09
43.375,8.3114e-09
43.438,4.7975e-09
43.5,6.5301e-09
43.563,8.2942e-09
43.625,9.7955e-09
43.688,9.1033e-09
43.75,8.5837e-09
43.813,8.8154e-09
43.875,6.6562e-09
43.938,5.0104e-09
44,6.7224e-09
44.063,8.3303e-09
44.125,9.3338e-09
44.188,9.7299e-09
44.25,7.0032e-09
44.313,8.5358e-09
44.375,8.2472e-09
44.438,7.629e-09
44.5,5.3195e-09
44.563,6.1887e-09
44.625,5.7531e-09
44.688,7.7423e-09
44.75,9.2767e-09
44.813,7.6186e-09
44.875,6.9727e-09
44.938,9.1135e-09
45,8.1499e-09
45.063,7.0125e-09
45.125,7.5183e-09
45.188,9.9674e-09
45.25,8.873e-09
45.313,9.9764e-09
45.375,1.0759e-08
45.438,6.8761e-09
45.5,6.2509e-09
45.563,6.6356e-09
45.625,9.9858e-09
45.688,1.0294e-08
45.75,1.0008e-08
45.813,7.1281e-09
45.875,3.8269e-09
45.938,6.3878e-09
46,9.9728e-09
46.063,7.734e-09
46.125,7.9844e-09
46.188,6.7742e-09
46.25,6.6866e-09
46.313,7.9632e-09
46.375,9.3311e-09
46.438,8.5575e-09
46.5,1.0037e-08
46.563,8.1054e-09
46.625,9.5214e-09
46.688,1.2623e-08
46.75,9.944e-09
46.813,6.1478e-09
46.875,5.8087e-09
46.938,7.8794e-09
47,6.8658e-09
47.063,6.1259e-09
47.125,6.5526e-09
47.188,1.0862e-08
47.25,1.5156e-08
47.313,7.1275e-09
47.375,6.4015e-09
47.438,7.9585e-09
47.5,7.3373e-09
47.563,7.0506e-09
47.625,6.1113e-09
47.688,7.2312e-09
47.75,8.919e-09
47.813,8.0127e-09
47.875,5.2541e-09
47.938,7.6212e-09
48,9.9891e-09
48.063,8.5595e-09
48.125,5.1236e-09
48.188,6.1023e-09
48.25,5.4583e-09
48.313,5.8028e-09
48.375,6.5248e-09
48.438,9.4901e-09
48.5,1.7825e-08
48.563,1.6651e-08
48.625,5.2276e-09
48.688,8.1771e-09
48.75,7.8527e-09
48.813,8.0362e-09
48.875,7.7111e-09
48.938,6.874e-09
49,7.715e-09
49.063,8.057e-09
49.125,7.861e-09
49.188,7.912e-09
49.25,8.0031e-09
49.313,6.9016e-09
49.375,7.6686e-09
49.438,9.5227e-09
49.5,8.5589e-09
49.563,7.4441e-09
49.625,6.1136e-09
49.688,7.7175e-09
49.75,9.0522e-09
49.813,7.9961e-09
49.875,7.3829e-09
49.938,3.3651e-08
50,6.9843e-08
50.063,4.1373e-08
50.125,6.7067e-09
50.188,6.8906e-09
50.25,7.5253e-09
50.313,9.2121e-09
50.375,9.8445e-09
50.438,6.4838e-09
50.5,9.6473e-09
50.563,7.5873e-09
50.625,6.297e-09
50.688,4.3142e-09
50.75,5.937e-09
50.813,9.7183e-09
50.875,7.6159e-09
50.938,1.0827e-08
51,1.1679e-08
51.063,9.7392e-09
51.125,1.4025e-08
51.188,9.2601e-09
51.25,1.7396e-08
51.313,3.6735e-08
51.375,2.4829e-08
51.438,8.6141e-09
51.5,9.3508e-09
51.563,8.2782e-09
51.625,8.8985e-09
51.688,7.3379e-09
51.75,4.1419e-09
51.813,7.2956e-09
51.875,8.2038e-09
51.938,8.6249e-09
52,1.0128e-08
52.063,9.8705e-09
52.125,9.5624e-09
52.188,8.0156e-09
52.25,7.1503e-09
52.313,6.2966e-09
52.375,9.168e-09
52.438,6.5999e-09
52.5,5.1308e-09
52.563,6.2654e-09
52.625,5.9153e-09
52.688,4.4881e-09
52.75,5.4001e-09
52.813,7.992e-09
52.875,5.7516e-09
52.938,9.1215e-09
53,8.0474e-09
53.063,7.394e-09
53.125,6.6019e-09
53.188,4.6534e-09
53.25,4.4426e-09
53.313,9.2864e-09
53.375,6.4579e-09
53.438,5.5326e-09
53.5,7.7169e-09
53.563,9.1456e-09
53.625,9.9381e-09
53.688,7.2772e-09
53.75,1.0462e-08
53.813,8.997e-09
53.875,8.8219e-09
53.938,7.3725e-09
54,5.6764e-09
54.063,6.5514e-09
54.125,7.4617e-09
54.188,8.2433e-09
54.25,8.5977e-09
54.313,7.759e-09
54.375,5.3372e-09
54.438,1.006e-08
54.5,1.1491e-08
54.563,7.5609e-09
54.625,6.1614e-09
54.688,8.2144e-09
54.75,7.9557e-09
54.813,9.1962e-09
54.875,1.0699e-08
54.938,8.2983e-09
55,6.2414e-09
55.063,8.9234e-09
55.125,8.0282e-09
55.188,6.9727e-09
55.25,1.2188e-08
55.313,1.0146e-08
55.375,5.7668e-09
55.438,5.5179e-09
55.5,7.1668e-09
55.563,1.0606e-08
55.625,2.7431e-08
55.688,1.8445e-08
55.75,6.0996e-09
55.813,7.2922e-09
55.875,6.7598e-09
55.938,5.557e-09
56,6.0841e-09
56.063,8.678e-09
56.125,7.1451e-09
56.188,5.9012e-09
56.25,1.0514e-08
56.313,1.1854e-08
56.375,1.0607e-08
56.438,1.0959e-08
56.5,1.0403e-08
56.563,6.7919e-09
56.625,6.5584e-09
56.688,6.5841e-09
56.75,8.4085e-09
56.813,7.056e-09
56.875,4.2411e-09
56.938,5.6924e-09
57,6.5615e-09
57.063,7.4396e-09
57.125,7.8852e-09
57.188,1.0389e-08
57.25,1.2041e-08
57.313,6.59e-09
57.375,6.6716e-09
57.438,5.4063e-09
57.5,6.8548e-09
57.563,7.6427e-09
57.625,9.6515e-09
57.688,7.8268e-09
57.75,9.0317e-09
57.813,8.7287e-09
57.875,7.2266e-09
57.938,5.025e-09
58,3.7746e-09
58.063,7.957e-09
58.125,7.5106e-09
58.188,7.9215e-09
58.25,7.93e-09
58.313,9.2571e-09
58.375,6.8794e-09
58.438,7.0853e-09
58.5,1.0307e-08
58.563,9.1488e-09
58.625,6.2355e-09
58.688,5.4152e-09
58.75,9.3682e-09
58.813,6.7689e-09
58.875,6.6397e-09
58.938,4.7934e-09
59,4.8469e-09
59.063,6.6261e-09
59.125,7.3993e-09
59.188,6.0323e-09
59.25,7.2537e-09
59.313,1.1666e-08
59.375,1.3975e-08
59.438,1.2318e-08
59.5,1.3902e-08
59.563,1.8055e-08
59.625,1.3307e-08
59.688,5.9805e-09
59.75,7.0505e-09
59.813,8.9912e-09
59.875,1.0808e-08
59.938,9.4916e-09
60,8.3898e-09
60.063,6.0082e-09
60.125,3.1266e-09
60.188,7.7035e-09
60.25,7.4364e-09
60.313,4.4805e-09
60.375,7.7398e-09
60.438,1.3229e-08
60.5,1.1866e-08
60.563,1.0152e-08
60.625,6.1377e-09
60.688,8.4312e-09
60.75,8.3496e-09
60.813,7.9901e-09
60.875,7.8367e-09
60.938,7.8587e-09
61,7.4873e-09
61.063,7.875e-09
61.125,1.189e-08
61.188,1.3443e-08
61.25,9.2109e-09
61.313,1.1892e-08
61.375,1.311e-08
61.438,9.4625e-09
61.5,7.6466e-09
61.563,7.0397e-09
61.625,7.5124e-09
61.688,6.9609e-09
61.75,7.3682e-09
61.813,6.71e-09
61.875,9.6946e-09
61.938,1.033e-08
62,5.6352e-09
62.063,7.5179e-09
62.125,7.5333e-09
62.188,7.2655e-09
62.25,6.4677e-09
62.313,7.3247e-09
62.375,5.7178e-09
62.438,7.7223e-09
62.5,6.3521e-09
62.563,5.4722e-09
62.625,8.029e-09
62.688,7.6188e-09
62.75,6.7447e-09
62.813,9.338e-09
62.875,7.9026e-09
62.938,6.4537e-09
63,7.2557e-09
63.063,7.7147e-09
63.125,7.6441e-09
63.188,6.7059e-09
63.25,8.5513e-09
63.313,8.263e-09
63.375,5.5772e-09
63.438,6.1826e-09
63.5,8.339e-09
63.563,8.2933e-09
63.625,9.6825e-09
63.688,1.3056e-08
63.75,1.166e-08
63.813,1.0095e-08
63.875,8.0945e-09
63.938,6.8422e-09
64,8.0863e-09
64.063,7.8377e-09
64.125,5.447e-09
64.188,7.6802e-09
64.25,9.8326e-09
64.313,1.0041e-08
64.375,8.841e-09
64.438,7.8607e-09
64.5,1.0124e-08
64.563,1.0373e-08
64.625,7.2582e-09
64.688,9.2409e-09
64.75,9.9637e-09
64.813,8.2961e-09
64.875,6.7573e-09
64.938,4.3525e-09
65,4.9056e-09
65.063,7.8678e-09
65.125,8.9905e-09
65.188,7.2202e-09
65.25,6.8673e-09
65.313,9.1978e-09
65.375,9.0018e-09
65.438,6.6645e-09
65.5,6.408e-09
65.563,8.2797e-09
65.625,8.2972e-09
65.688,6.1196e-09
65.75,7.2786e-09
65.813,7.6655e-09
65.875,6.3941e-09
65.938,6.2998e-09
66,5.9396e-09
66.063,5.638e-09
66.125,5.978e-09
66.188,9.0361e-09
66.25,1.0009e-08
66.313,7.8402e-09
66.375,5.8767e-09
66.438,5.2497e-09
66.5,7.2013e-09
66.563,1.1014e-08
66.625,9.033e-09
66.688,1.233e-08
66.75,9.8236e-09
66.813,5.9935e-09
66.875,8.0784e-09
66.938,8.3084e-09
67,8.1703e-09
67.063,9.5552e-09
67.125,1.2466e-08
67.188,9.0134e-09
67.25,6.5207e-09
67.313,8.9117e-09
67.375,9.6589e-09
67.438,9.4618e-09
67.5,7.4788e-09
67.563,8.1186e-09
67.625,9.4494e-09
67.688,1.1794e-08
67.75,9.0687e-09
67.813,7.6701e-09
67.875,6.452e-09
67.938,8.9198e-09
68,7.618e-09
68.063,7.1874e-09
68.125,6.3012e-09
68.188,9.8917e-09
68.25,7.3234e-09
68.313,7.6907e-09
68.375,8.364e-09
68.438,6.3829e-09
68.5,3.9998e-09
68.563,6.4852e-09
68.625,7.2457e-09
68.688,7.3869e-09
68.75,9.173e-09
68.813,1.1638e-08
68.875,8.482e-09
68.938,6.4272e-09
69,9.8151e-09
69.063,9.3778e-09
69.125,7.8096e-09
69.188,8.0853e-09
69.25,7.7956e-09
69.313,7.3374e-09
69.375,7.8637e-09
69.438,9.1689e-09
69.5,9.0597e-09
69.563,7.8456e-09
69.625,8.5204e-09
69.688,7.7998e-09
69.75,4.9403e-09
69.813,7.7366e-09
69.875,9.053e-09
69.938,6.1026e-09
70,6.9376e-09
70.063,9.1258e-09
70.125,7.9461e-09
70.188,7.675e-09
70.25,1.931e-08
70.313,2.4853e-08
70.375,1.4754e-08
70.438,9.1062e-09
70.5,5.7966e-09
70.563,5.0181e-09
70.625,1.1792e-08
70.688,1.0982e-08
70.75,8.4269e-09
70.813,8.09e-09
70.875,5.7126e-09
70.938,3.2536e-09
71,7.6555e-09
71.063,7.0807e-09
71.125,6.2769e-09
71.188,8.2573e-09
71.25,8.6888e-09
71.313,1.2706e-08
71.375,1.0163e-08
71.438,5.6371e-09
71.5,8.4222e-09
71.563,9.2388e-09
71.625,9.6859e-09
71.688,1.0835e-08
71.75,7.2483e-09
71.813,8.9947e-09
71.875,7.3302e-09
71.938,9.1726e-09
72,8.1269e-09
72.063,6.7486e-09
72.125,5.1698e-09
72.188,5.6823e-09
72.25,6.2941e-09
72.313,6.6638e-09
72.375,7.5212e-09
72.438,7.6252e-09
72.5,7.1006e-09
72.563,6.8785e-09
72.625,7.3696e-09
72.688,7.3371e-09
72.75,8.7833e-09
72.813,6.9533e-09
72.875,7.3969e-09
72.938,8.8929e-09
73,8.4991e-09
73.063,9.1464e-09
73.125,7.9158e-09
73.188,7.8202e-09
73.25,7.4592e-09
73.313,7.0598e-09
73.375,8.1262e-09
73.438,5.9876e-09
73.5,8.018e-09
73.563,7.9388e-09
73.625,9.7162e-09
73.688,1.1531e-08
73.75,1.5174e-08
73.813,2.4904e-08
73.875,2.5476e-08
73.938,1.2357e-08
74,8.8888e-09
74.063,8.0257e-09
74.125,5.9183e-09
74.188,7.3875e-09
74.25,7.8797e-09
74.313,6.148e-09
74.375,6.395e-09
74.438,4.3734e-09
74.5,7.7143e-09
74.563,7.7771e-09
74.625,6.9059e-09
74.688,8.7288e-09
74.75,1.0661e-08
74.813,8.1493e-09
74.875,6.4242e-09
74.938,7.0437e-09
75,8.9408e-09
75.063,1.1013e-08
75.125,8.3803e-09
75.188,7.4297e-09
75.25,1.1556e-08
75.313,1.3499e-08
75.375,8.5384e-09
75.438,7.3207e-09
75.5,4.5377e-09
75.563,5.1289e-09
75.625,7.0887e-09
75.688,6.4138e-09
75.75,9.8724e-09
75.813,6.0272e-09
75.875,7.6101e-09
75.938,9.1261e-09
76,6.5275e-09
76.063,9.502e-09
76.125,8.8143e-09
76.188,6.9564e-09
76.25,6.1405e-09
76.313,5.3214e-09
76.375,5.4638e-09
76.438,7.5989e-09
76.5,7.1128e-09
76.563,6.9628e-09
76.625,1.2344e-08
76.688,1.0315e-08
76.75,6.7031e-09
76.813,8.986e-09
76.875,1.5088e-08
76.938,1.5872e-08
77,1.2248e-08
77.063,1.0486e-08
77.125,9.6081e-09
77.188,1.1464e-08
77.25,1.1512e-08
77.313,1.4184e-08
77.375,1.2332e-08
77.438,1.1708e-08
77.5,1.0329e-08
77.563,7.9422e-09
77.625,8.5209e-09
77.688,6.0395e-09
77.75,4.0431e-09
77.813,8.3731e-09
77.875,7.695e-09
77.938,7.9572e-09
78,5.2016e-09
78.063,7.7636e-09
78.125,9.251e-09
78.188,7.3148e-09
78.25,5.8707e-09
78.313,7.9938e-09
78.375,7.179e-09
78.438,7.7758e-09
78.5,1.0806e-08
78.563,1.0583e-08
78.625,1.5625e-08
78.688,1.2281e-08
78.75,8.5804e-09
78.813,7.0756e-09
78.875,5.8279e-09
78.938,6.638e-09
79,5.4689e-09
79.063,7.5999e-09
79.125,6.7126e-09
79.188,7.0175e-09
79.25,7.7809e-09
79.313,7.8472e-09
79.375,6.4773e-09
79.438,9.9381e-09
79.5,1.101e-08
79.563,6.5364e-09
79.625,4.5074e-09
79.688,7.6372e-09
79.75,7.5737e-09
79.813,1.0182e-08
79.875,6.9897e-09
79.938,7.8502e-09
80,9.1771e-09
80.063,5.8187e-09
80.125,6.9794e-09
80.188,8.3127e-09
80.25,5.0525e-09
80.313,5.7391e-09
80.375,6.0536e-09
80.438,7.034e-09
80.5,8.3828e-09
80.563,1.0567e-08
80.625,1.2256e-08
80.688,1.0681e-08
80.75,8.8746e-09
80.813,7.5827e-09
80.875,5.2329e-09
80.938,5.1251e-09
81,5.9639e-09
81.063,6.9558e-09
81.125,8.4242e-09
81.188,8.5006e-09
81.25,8.0785e-09
81.313,8.5632e-09
81.375,5.3156e-09
81.438,6.9437e-09
81.5,6.2981e-09
81.563,9.2326e-09
81.625,9.3513e-09
81.688,8.5445e-09
81.75,7.1091e-09
81.813,4.9556e-09
81.875,6.8127e-09
81.938,8.2165e-09
82,8.4116e-09
82.063,5.7403e-09
82.125,6.2672e-09
82.188,1.2211e-08
82.25,1.1536e-08
82.313,6.8512e-09
82.375,7.9595e-09
82.438,8.0213e-09
82.5,4.4972e-09
82.563,6.8667e-09
82.625,1.0536e-08
82.688,7.8738e-09
82.75,7.7653e-09
82.813,9.4501e-09
82.875,8.5742e-09
82.938,7.1732e-09
83,7.0786e-09
83.063,7.8105e-09
83.125,1.1149e-08
83.188,1.0312e-08
83.25,6.295e-09
83.313,6.6627e-09
83.375,8.0062e-09
83.438,6.4163e-09
83.5,6.5611e-09
83.563,6.1667e-09
83.625,2.0313e-09
83.688,8.396e-09
83.75,9.5546e-09
83.813,8.1654e-09
83.875,5.4663e-09
83.938,5.9263e-09
84,9.4191e-09
84.063,8.5092e-09
84.125,7.4227e-09
84.188,5.1951e-09
84.25,6.3734e-09
84.313,1.0812e-08
84.375,1.2573e-08
84.438,1.1022e-08
84.5,1.3517e-08
84.563,1.2122e-08
84.625,1.0691e-08
84.688,9.2902e-09
84.75,8.6835e-09
84.813,7.5585e-09
84.875,7.0365e-09
84.938,5.6801e-09
85,6.838e-09
85.063,8.0568e-09
85.125,6.8512e-09
85.188,7.3079e-09
85.25,9.0376e-09
85.313,9.5986e-09
85.375,8.6363e-09
85.438,8.2353e-09
85.5,7.623e-09
85.563,8.159e-09
85.625,6.2888e-09
85.688,5.9259e-09
85.75,7.8175e-09
85.813,6.1822e-09
85.875,6.7167e-09
85.938,4.4262e-09
86,5.3112e-09
86.063,7.7428e-09
86.125,6.8233e-09
86.188,5.0928e-09
86.25,5.1089e-09
86.313,9.4405e-09
86.375,6.4362e-09
86.438,6.578e-09
86.5,8.0112e-09
86.563,7.4502e-09
86.625,7.7733e-09
86.688,8.0941e-09
86.75,7.5384e-09
86.813,7.439e-09
86.875,6.667e-09
86.938,7.416e-09
87,8.5001e-09
87.063,1.0295e-08
87.125,1.1184e-08
87.188,7.9868e-09
87.25,9.2428e-09
87.313,1.078e-08
87.375,9.4588e-09
87.438,7.9795e-09
87.5,7.9426e-09
87.563,6.9464e-09
87.625,6.1731e-09
87.688,7.9671e-09
87.75,9.0558e-09
87.813,8.2902e-09
87.875,7.0689e-09
87.938,8.2945e-09
88,9.4877e-09
88.063,1.026e-08
88.125,8.3395e-09
88.188,7.4638e-09
88.25,9.7413e-09
88.313,9.2871e-09
88.375,1.0261e-08
88.438,8.193e-09
88.5,5.2062e-09
88.563,6.9012e-09
88.625,1.051e-08
88.688,7.5642e-09
88.75,5.6833e-09
88.813,5.8891e-09
88.875,6.9778e-09
88.938,5.5406e-09
89,8.82e-09
89.063,7.9599e-09
89.125,7.6039e-09
89.188,6.0749e-09
89.25,6.8713e-09
89.313,6.2293e-09
89.375,6.3329e-09
89.438,5.5523e-09
89.5,5.0451e-09
89.563,7.3187e-09
89.625,8.1849e-09
89.688,9.9689e-09
89.75,1.0432e-08
89.813,7.354e-09
89.875,8.485e-09
89.938,9.2648e-09
90,8.9586e-09
90.063,9.3651e-09
90.125,8.438e-09
90.188,5.0868e-09
90.25,7.2231e-09
90.313,7.3923e-09
90.375,7.6196e-09
90.438,1.0234e-08
90.5,8.5479e-09
90.563,7.5633e-09
90.625,7.0727e-09
90.688,7.992e-09
90.75,6.1664e-09
90.813,6.5143e-09
90.875,6.5315e-09
90.938,5.5096e-09
91,7.1231e-09
91.063,8.7756e-09
91.125,9.0846e-09
91.188,1.2071e-08
91.25,1.0086e-08
91.313,6.8275e-09
91.375,5.2962e-09
91.438,7.2548e-09
91.5,6.827e-09
91.563,5.3575e-09
91.625,7.7988e-09
91.688,5.621e-09
91.75,7.0259e-09
91.813,1.116e-08
91.875,7.906e-09
91.938,5.9004e-09
92,7.6923e-09
92.063,8.7513e-09
92.125,7.1621e-09
92.188,7.221e-09
92.25,6.8005e-09
92.313,7.2989e-09
92.375,6.3262e-09
92.438,8.2616e-09
92.5,4.8071e-09
92.563,6.6938e-09
92.625,6.3002e-09
92.688,9.5326e-09
92.75,7.7369e-09
92.813,6.779e-09
92.875,7.3488e-09
92.938,7.2118e-09
93,6.9754e-09
93.063,7.3043e-09
93.125,6.6006e-09
93.188,9.1314e-09
93.25,7.7785e-09
93.313,5.5096e-09
93.375,5.0948e-09
93.438,4.6942e-09
93.5,9.456e-09
93.563,7.4172e-09
93.625,2.663e-09
93.688,5.0729e-09
93.75,7.0818e-09
93.813,9.0827e-09
93.875,8.2811e-09
93.938,8.2778e-09
94,1.0582e-08
94.063,1.2251e-08
94.125,1.0893e-08
94.188,5.2716e-09
94.25,6.7316e-09
94.313,7.568e-09
94.375,8.3771e-09
94.438,1.0286e-08
94.5,7.2582e-09
94.563,6.8447e-09
94.625,1.1269e-08
94.688,1.043e-08
94.75,6.9677e-09
94.813,8.5739e-09
94.875,7.4052e-09
94.938,5.2315e-09
95,7.6933e-09
95.063,8.5264e-09
95.125,7.2506e-09
95.188,6.4589e-09
95.25,5.7341e-09
95.313,6.4229e-09
95.375,7.4478e-09
95.438,7.2551e-09
95.5,7.2841e-09
95.563,8.1774e-09
95.625,7.0161e-09
95.688,7.0257e-09
95.75,4.772e-09
95.813,5.0806e-09
95.875,7.9324e-09
95.938,7.0477e-09
96,6.9703e-09
96.063,1.1717e-08
96.125,2.0499e-08
96.188,1.5064e-08
96.25,8.5615e-09
96.313,5.8685e-09
96.375,5.696e-09
96.438,5.8693e-09
96.5,4.3637e-09
96.563,5.5803e-09
96.625,5.1459e-09
96.688,8.2424e-09
96.75,7.8384e-09
96.813,8.5043e-09
96.875,8.3245e-09
96.938,7.1375e-09
97,7.6109e-09
97.063,7.1405e-09
97.125,8.3018e-09
97.188,1.0348e-08
97.25,8.7339e-09
97.313,1.0214e-08
97.375,7.6436e-09
97.438,6.7062e-09
97.5,5.2277e-09
97.563,8.437e-09
97.625,9.8469e-09
97.688,1.0771e-08
97.75,8.3381e-09
97.813,5.7537e-09
97.875,8.4782e-09
97.938,7.4682e-09
98,7.6595e-09
98.063,7.6163e-09
98.125,5.5672e-09
98.188,7.9826e-09
98.25,8.5173e-09
98.313,1.0094e-08
98.375,1.0714e-08
98.438,7.5459e-09
98.5,5.845e-09
98.563,9.2483e-09
98.625,1.3974e-08
98.688,1.4434e-08
98.75,1.1356e-08
98.813,1.1862e-08
98.875,1.0784e-08
98.938,7.1697e-09
99,5.6988e-09
99.063,7.9239e-09
99.125,7.746e-09
99.188,8.0419e-09
99.25,9.4794e-09
99.313,1.1636e-08
99.375,1.1317e-08
99.438,4.6043e-09
99.5,8.5035e-09
99.563,8.092e-09
99.625,8.1808e-09
99.688,8.6813e-09
99.75,8.2906e-09
99.813,6.4207e-09
99.875,8.6958e-09
99.938,1.3471e-08
100,1.4905e-08
