 0.000000e+000  3.069183e-003
 6.250000e-002  1.533153e-003
 1.250000e-001  1.719226e-005
 1.875000e-001  2.250933e-005
 2.500000e-001  2.641155e-005
 3.125000e-001  1.284194e-005
 3.750000e-001  1.230279e-005
 4.375000e-001  1.191203e-005
 5.000000e-001  1.061782e-005
 5.625000e-001  9.775532e-006
 6.250000e-001  1.040686e-005
 6.875000e-001  1.524274e-005
 7.500000e-001  1.247914e-005
 8.125000e-001  1.352413e-005
 8.750000e-001  1.169987e-005
 9.375000e-001  7.182649e-006
 1.000000e+000  6.809503e-006
 1.062500e+000  1.062713e-005
 1.125000e+000  1.201496e-005
 1.187500e+000  9.963636e-006
 1.250000e+000  1.091963e-005
 1.312500e+000  9.306036e-006
 1.375000e+000  9.702187e-006
 1.437500e+000  9.390704e-006
 1.500000e+000  8.366758e-006
 1.562500e+000  7.638797e-006
 1.625000e+000  7.666138e-006
 1.687500e+000  4.958308e-006
 1.750000e+000  8.557351e-006
 1.812500e+000  7.368668e-006
 1.875000e+000  7.239056e-006
 1.937500e+000  9.690113e-006
 2.000000e+000  1.066945e-005
 2.062500e+000  8.348228e-006
 2.125000e+000  1.004345e-005
 2.187500e+000  9.049878e-006
 2.250000e+000  4.127940e-006
 2.312500e+000  6.155341e-006
 2.375000e+000  6.139677e-006
 2.437500e+000  7.403156e-006
 2.500000e+000  1.097831e-005
 2.562500e+000  8.005761e-006
 2.625000e+000  5.764122e-006
 2.687500e+000  6.761042e-006
 2.750000e+000  6.722897e-006
 2.812500e+000  7.933315e-006
 2.875000e+000  8.432183e-006
 2.937500e+000  8.950044e-006
 3.000000e+000  6.342842e-006
 3.062500e+000  8.573125e-006
 3.125000e+000  6.515990e-006
 3.187500e+000  6.334607e-006
 3.250000e+000  7.373435e-006
 3.312500e+000  6.444141e-006
 3.375000e+000  6.451869e-006
 3.437500e+000  9.097469e-006
 3.500000e+000  7.905192e-006
 3.562500e+000  6.540548e-006
 3.625000e+000  6.581949e-006
 3.687500e+000  8.028853e-006
 3.750000e+000  7.915315e-006
 3.812500e+000  7.383996e-006
 3.875000e+000  1.431845e-005
 3.937500e+000  1.782988e-005
 4.000000e+000  8.623020e-006
 4.062500e+000  5.036186e-006
 4.125000e+000  7.965924e-006
 4.187500e+000  7.989999e-006
 4.250000e+000  4.639722e-006
 4.312500e+000  3.994888e-006
 4.375000e+000  6.366970e-006
 4.437500e+000  5.847161e-006
 4.500000e+000  5.934305e-006
 4.562500e+000  5.377888e-006
 4.625000e+000  4.585228e-006
 4.687500e+000  5.828763e-006
 4.750000e+000  4.364646e-006
 4.812500e+000  6.581540e-006
 4.875000e+000  7.770939e-006
 4.937500e+000  6.842094e-006
 5.000000e+000  6.811607e-006
 5.062500e+000  7.022932e-006
 5.125000e+000  4.666616e-006
 5.187500e+000  7.838967e-006
 5.250000e+000  4.098772e-006
 5.312500e+000  5.760437e-006
 5.375000e+000  5.527914e-006
 5.437500e+000  3.957143e-006
 5.500000e+000  5.273847e-006
 5.562500e+000  5.275363e-006
 5.625000e+000  4.596078e-006
 5.687500e+000  4.514569e-006
 5.750000e+000  4.461341e-006
 5.812500e+000  3.569856e-006
 5.875000e+000  3.886090e-006
 5.937500e+000  2.875971e-006
 6.000000e+000  4.654484e-006
 6.062500e+000  6.130992e-006
 6.125000e+000  5.373404e-006
 6.187500e+000  4.869945e-006
 6.250000e+000  4.482121e-006
 6.312500e+000  5.786642e-006
 6.375000e+000  3.551899e-006
 6.437500e+000  4.413194e-006
 6.500000e+000  5.496413e-006
 6.562500e+000  5.781059e-006
 6.625000e+000  5.517096e-006
 6.687500e+000  5.608172e-006
 6.750000e+000  6.733606e-006
 6.812500e+000  6.345069e-006
 6.875000e+000  5.779817e-006
 6.937500e+000  6.803296e-006
 7.000000e+000  7.282910e-006
 7.062500e+000  5.811525e-006
 7.125000e+000  5.336104e-006
 7.187500e+000  4.623732e-006
 7.250000e+000  5.181260e-006
 7.312500e+000  5.546300e-006
 7.375000e+000  6.948343e-006
 7.437500e+000  4.625143e-006
 7.500000e+000  6.980555e-006
 7.562500e+000  7.524422e-006
 7.625000e+000  5.589805e-006
 7.687500e+000  6.023871e-006
 7.750000e+000  4.453598e-006
 7.812500e+000  5.799483e-006
 7.875000e+000  4.956423e-006
 7.937500e+000  6.646523e-006
 8.000000e+000  4.933746e-006
 8.062500e+000  2.606468e-006
 8.125000e+000  3.302884e-006
 8.187500e+000  6.393269e-006
 8.250000e+000  7.257916e-006
 8.312500e+000  5.485041e-006
 8.375000e+000  4.555396e-006
 8.437500e+000  2.761390e-006
 8.500000e+000  3.264329e-006
 8.562500e+000  5.172693e-006
 8.625000e+000  3.911350e-006
 8.687500e+000  6.850981e-006
 8.750000e+000  8.364924e-006
 8.812500e+000  6.127659e-006
 8.875000e+000  5.177573e-006
 8.937500e+000  6.453407e-006
 9.000000e+000  5.746611e-006
 9.062500e+000  4.510963e-006
 9.125000e+000  4.444089e-006
 9.187500e+000  4.233713e-006
 9.250000e+000  2.868264e-006
 9.312500e+000  3.883787e-006
 9.375000e+000  5.209763e-006
 9.437500e+000  5.623763e-006
 9.500000e+000  4.707150e-006
 9.562500e+000  3.563231e-006
 9.625000e+000  4.628873e-006
 9.687500e+000  5.845210e-006
 9.750000e+000  4.412004e-006
 9.812500e+000  4.578454e-006
 9.875000e+000  5.564463e-006
 9.937500e+000  2.277027e-006
 1.000000e+001  4.236387e-006
 1.006250e+001  6.779095e-006
 1.012500e+001  6.377282e-006
 1.018750e+001  4.464372e-006
 1.025000e+001  5.872224e-006
 1.031250e+001  4.379969e-006
 1.037500e+001  5.556631e-006
 1.043750e+001  4.925648e-006
 1.050000e+001  3.513827e-006
 1.056250e+001  5.514673e-006
 1.062500e+001  4.833007e-006
 1.068750e+001  4.580021e-006
 1.075000e+001  3.507765e-006
 1.081250e+001  3.121988e-006
 1.087500e+001  4.016623e-006
 1.093750e+001  5.882087e-006
 1.100000e+001  4.891498e-006
 1.106250e+001  4.342101e-006
 1.112500e+001  5.342653e-006
 1.118750e+001  6.004484e-006
 1.125000e+001  4.484461e-006
 1.131250e+001  5.185364e-006
 1.137500e+001  4.310114e-006
 1.143750e+001  2.990065e-006
 1.150000e+001  4.161814e-006
 1.156250e+001  6.858932e-006
 1.162500e+001  6.659256e-006
 1.168750e+001  5.302804e-006
 1.175000e+001  4.741981e-006
 1.181250e+001  4.350402e-006
 1.187500e+001  5.660951e-006
 1.193750e+001  7.197480e-006
 1.200000e+001  6.608196e-006
 1.206250e+001  4.695375e-006
 1.212500e+001  3.427445e-006
 1.218750e+001  4.004282e-006
 1.225000e+001  5.092066e-006
 1.231250e+001  6.156255e-006
 1.237500e+001  4.173973e-006
 1.243750e+001  4.351369e-006
 1.250000e+001  5.018425e-006
 1.256250e+001  5.108023e-006
 1.262500e+001  5.812654e-006
 1.268750e+001  6.153017e-006
 1.275000e+001  3.531795e-006
 1.281250e+001  4.670395e-006
 1.287500e+001  4.005861e-006
 1.293750e+001  4.223674e-006
 1.300000e+001  4.906309e-006
 1.306250e+001  5.448046e-006
 1.312500e+001  3.960932e-006
 1.318750e+001  3.591496e-006
 1.325000e+001  5.161936e-006
 1.331250e+001  4.955308e-006
 1.337500e+001  4.733593e-006
 1.343750e+001  4.788569e-006
 1.350000e+001  4.666514e-006
 1.356250e+001  4.288447e-006
 1.362500e+001  3.889456e-006
 1.368750e+001  5.092547e-006
 1.375000e+001  6.528730e-006
 1.381250e+001  6.468367e-006
 1.387500e+001  5.678976e-006
 1.393750e+001  6.380408e-006
 1.400000e+001  6.160653e-006
 1.406250e+001  4.907805e-006
 1.412500e+001  4.382367e-006
 1.418750e+001  2.583608e-006
 1.425000e+001  3.949978e-006
 1.431250e+001  5.142755e-006
 1.437500e+001  4.994194e-006
 1.443750e+001  4.745526e-006
 1.450000e+001  4.619980e-006
 1.456250e+001  3.433542e-006
 1.462500e+001  4.449498e-006
 1.468750e+001  5.346828e-006
 1.475000e+001  4.388178e-006
 1.481250e+001  5.893910e-006
 1.487500e+001  4.333111e-006
 1.493750e+001  2.531063e-006
 1.500000e+001  4.222095e-006
 1.506250e+001  4.405543e-006
 1.512500e+001  4.864626e-006
 1.518750e+001  6.496607e-006
 1.525000e+001  4.228933e-006
 1.531250e+001  5.389945e-006
 1.537500e+001  7.703331e-006
 1.543750e+001  8.048425e-006
 1.550000e+001  7.312746e-006
 1.556250e+001  5.436894e-006
 1.562500e+001  4.711519e-006
 1.568750e+001  4.979515e-006
 1.575000e+001  6.000990e-006
 1.581250e+001  5.184487e-006
 1.587500e+001  5.335320e-006
 1.593750e+001  5.061802e-006
 1.600000e+001  4.775816e-006
 1.606250e+001  5.211805e-006
 1.612500e+001  6.342546e-006
 1.618750e+001  7.752923e-006
 1.625000e+001  6.388679e-006
 1.631250e+001  3.636195e-006
 1.637500e+001  5.115717e-006
 1.643750e+001  5.175900e-006
 1.650000e+001  4.222737e-006
 1.656250e+001  5.160118e-006
 1.662500e+001  4.333866e-006
 1.668750e+001  3.937436e-006
 1.675000e+001  2.949351e-006
 1.681250e+001  4.354506e-006
 1.687500e+001  3.813552e-006
 1.693750e+001  5.341596e-006
 1.700000e+001  5.408609e-006
 1.706250e+001  5.502916e-006
 1.712500e+001  5.385347e-006
 1.718750e+001  3.864194e-006
 1.725000e+001  3.854409e-006
 1.731250e+001  4.896429e-006
 1.737500e+001  4.429664e-006
 1.743750e+001  3.909571e-006
 1.750000e+001  4.332542e-006
 1.756250e+001  3.866713e-006
 1.762500e+001  5.369404e-006
 1.768750e+001  5.597886e-006
 1.775000e+001  4.513925e-006
 1.781250e+001  8.900850e-006
 1.787500e+001  1.424142e-005
 1.793750e+001  1.005172e-005
 1.800000e+001  6.425401e-006
 1.806250e+001  3.565814e-006
 1.812500e+001  5.150957e-006
 1.818750e+001  5.768366e-006
 1.825000e+001  5.057847e-006
 1.831250e+001  4.380957e-006
 1.837500e+001  4.422462e-006
 1.843750e+001  4.613554e-006
 1.850000e+001  5.054044e-006
 1.856250e+001  3.888122e-006
 1.862500e+001  3.731954e-006
 1.868750e+001  3.832289e-006
 1.875000e+001  2.587226e-006
 1.881250e+001  3.944089e-006
 1.887500e+001  4.511777e-006
 1.893750e+001  3.905580e-006
 1.900000e+001  5.045345e-006
 1.906250e+001  3.509713e-006
 1.912500e+001  5.180728e-006
 1.918750e+001  5.159820e-006
 1.925000e+001  3.689423e-006
 1.931250e+001  3.920911e-006
 1.937500e+001  4.213982e-006
 1.943750e+001  3.921011e-006
 1.950000e+001  4.571934e-006
 1.956250e+001  5.163416e-006
 1.962500e+001  5.534408e-006
 1.968750e+001  3.115060e-006
 1.975000e+001  2.987863e-006
 1.981250e+001  5.568980e-006
 1.987500e+001  5.586632e-006
 1.993750e+001  4.460706e-006
 2.000000e+001  5.622480e-006
 2.006250e+001  7.532705e-006
 2.012500e+001  7.167262e-006
 2.018750e+001  7.331563e-006
 2.025000e+001  5.897047e-006
 2.031250e+001  5.220747e-006
 2.037500e+001  3.982112e-006
 2.043750e+001  4.677631e-006
 2.050000e+001  5.144456e-006
 2.056250e+001  4.565762e-006
 2.062500e+001  5.092101e-006
 2.068750e+001  5.162737e-006
 2.075000e+001  5.418458e-006
 2.081250e+001  5.285866e-006
 2.087500e+001  4.993036e-006
 2.093750e+001  5.281162e-006
 2.100000e+001  5.045597e-006
 2.106250e+001  8.155948e-006
 2.112500e+001  7.356772e-006
 2.118750e+001  3.285188e-006
 2.125000e+001  6.244025e-006
 2.131250e+001  5.440020e-006
 2.137500e+001  5.204597e-006
 2.143750e+001  5.540189e-006
 2.150000e+001  6.331463e-006
 2.156250e+001  6.325018e-006
 2.162500e+001  3.694614e-006
 2.168750e+001  3.985493e-006
 2.175000e+001  5.034048e-006
 2.181250e+001  4.679835e-006
 2.187500e+001  4.380078e-006
 2.193750e+001  4.403650e-006
 2.200000e+001  5.565984e-006
 2.206250e+001  5.108692e-006
 2.212500e+001  3.855474e-006
 2.218750e+001  3.732611e-006
 2.225000e+001  5.001345e-006
 2.231250e+001  3.728057e-006
 2.237500e+001  5.117943e-006
 2.243750e+001  5.558285e-006
 2.250000e+001  5.572645e-006
 2.256250e+001  7.291042e-006
 2.262500e+001  7.424657e-006
 2.268750e+001  4.940079e-006
 2.275000e+001  6.125445e-006
 2.281250e+001  6.846506e-006
 2.287500e+001  5.142125e-006
 2.293750e+001  3.603740e-006
 2.300000e+001  6.391821e-006
 2.306250e+001  8.468034e-006
 2.312500e+001  7.489638e-006
 2.318750e+001  3.169455e-006
 2.325000e+001  5.411545e-006
 2.331250e+001  6.795655e-006
 2.337500e+001  5.401279e-006
 2.343750e+001  5.413640e-006
 2.350000e+001  5.605777e-006
 2.356250e+001  4.029225e-006
 2.362500e+001  5.177379e-006
 2.368750e+001  7.139830e-006
 2.375000e+001  6.415542e-006
 2.381250e+001  5.167495e-006
 2.387500e+001  5.068606e-006
 2.393750e+001  7.409114e-006
 2.400000e+001  6.731394e-006
 2.406250e+001  5.802486e-006
 2.412500e+001  6.109058e-006
 2.418750e+001  4.508767e-006
 2.425000e+001  4.015063e-006
 2.431250e+001  4.243175e-006
 2.437500e+001  4.692668e-006
 2.443750e+001  6.358421e-006
 2.450000e+001  6.597970e-006
 2.456250e+001  7.251202e-006
 2.462500e+001  7.531733e-006
 2.468750e+001  7.181747e-006
 2.475000e+001  6.719874e-006
 2.481250e+001  5.815460e-006
 2.487500e+001  4.546519e-006
 2.493750e+001  5.351664e-006
 2.500000e+001  5.068486e-006
 2.506250e+001  6.554492e-006
 2.512500e+001  5.587991e-006
 2.518750e+001  4.692851e-006
 2.525000e+001  5.609457e-006
 2.531250e+001  4.950341e-006
 2.537500e+001  3.395727e-006
 2.543750e+001  4.593417e-006
 2.550000e+001  4.131656e-006
 2.556250e+001  4.678859e-006
 2.562500e+001  4.180993e-006
 2.568750e+001  5.634312e-006
 2.575000e+001  5.547279e-006
 2.581250e+001  5.666879e-006
 2.587500e+001  3.579534e-006
 2.593750e+001  4.035353e-006
 2.600000e+001  3.777583e-006
 2.606250e+001  4.084346e-006
 2.612500e+001  4.914283e-006
 2.618750e+001  5.487127e-006
 2.625000e+001  5.337572e-006
 2.631250e+001  5.438567e-006
 2.637500e+001  4.827948e-006
 2.643750e+001  4.875760e-006
 2.650000e+001  5.473094e-006
 2.656250e+001  6.771659e-006
 2.662500e+001  5.552967e-006
 2.668750e+001  3.588944e-006
 2.675000e+001  4.762159e-006
 2.681250e+001  5.893733e-006
 2.687500e+001  4.566966e-006
 2.693750e+001  3.626983e-006
 2.700000e+001  2.685050e-006
 2.706250e+001  4.041570e-006
 2.712500e+001  5.702562e-006
 2.718750e+001  4.740537e-006
 2.725000e+001  3.524712e-006
 2.731250e+001  4.545837e-006
 2.737500e+001  4.628624e-006
 2.743750e+001  4.346274e-006
 2.750000e+001  4.057376e-006
 2.756250e+001  2.182156e-006
 2.762500e+001  4.254078e-006
 2.768750e+001  7.063382e-006
 2.775000e+001  6.025703e-006
 2.781250e+001  4.685138e-006
 2.787500e+001  4.579255e-006
 2.793750e+001  5.920503e-006
 2.800000e+001  5.362305e-006
 2.806250e+001  5.044385e-006
 2.812500e+001  5.228924e-006
 2.818750e+001  3.851876e-006
 2.825000e+001  3.111203e-006
 2.831250e+001  4.599123e-006
 2.837500e+001  5.811219e-006
 2.843750e+001  6.164489e-006
 2.850000e+001  5.807947e-006
 2.856250e+001  4.858157e-006
 2.862500e+001  4.282783e-006
 2.868750e+001  3.919757e-006
 2.875000e+001  4.150361e-006
 2.881250e+001  3.800767e-006
 2.887500e+001  3.299859e-006
 2.893750e+001  2.897099e-006
 2.900000e+001  3.358983e-006
 2.906250e+001  4.905614e-006
 2.912500e+001  4.927752e-006
 2.918750e+001  5.299018e-006
 2.925000e+001  4.754780e-006
 2.931250e+001  4.003963e-006
 2.937500e+001  4.528671e-006
 2.943750e+001  6.834307e-006
 2.950000e+001  5.958974e-006
 2.956250e+001  4.450497e-006
 2.962500e+001  2.832268e-006
 2.968750e+001  3.723358e-006
 2.975000e+001  3.663018e-006
 2.981250e+001  4.425429e-006
 2.987500e+001  4.265133e-006
 2.993750e+001  4.061995e-006
 3.000000e+001  3.969080e-006
 3.006250e+001  3.572908e-006
 3.012500e+001  4.520770e-006
 3.018750e+001  3.875414e-006
 3.025000e+001  3.661684e-006
 3.031250e+001  4.501873e-006
 3.037500e+001  3.198043e-006
 3.043750e+001  4.008463e-006
 3.050000e+001  6.038709e-006
 3.056250e+001  4.876003e-006
 3.062500e+001  3.062297e-006
 3.068750e+001  4.734645e-006
 3.075000e+001  5.747200e-006
 3.081250e+001  4.638570e-006
 3.087500e+001  4.448184e-006
 3.093750e+001  4.375277e-006
 3.100000e+001  2.782576e-006
 3.106250e+001  3.734129e-006
 3.112500e+001  3.331395e-006
 3.118750e+001  3.846940e-006
 3.125000e+001  4.733906e-006
 3.131250e+001  5.163873e-006
 3.137500e+001  5.093950e-006
 3.143750e+001  4.256085e-006
 3.150000e+001  2.879029e-006
 3.156250e+001  3.923677e-006
 3.162500e+001  2.374575e-006
 3.168750e+001  3.257121e-006
 3.175000e+001  3.563867e-006
 3.181250e+001  3.350177e-006
 3.187500e+001  4.670695e-006
 3.193750e+001  7.154923e-006
 3.200000e+001  6.127145e-006
 3.206250e+001  5.344358e-006
 3.212500e+001  3.453245e-006
 3.218750e+001  3.625875e-006
 3.225000e+001  4.390193e-006
 3.231250e+001  2.671764e-006
 3.237500e+001  5.052092e-006
 3.243750e+001  6.457756e-006
 3.250000e+001  4.402328e-006
 3.256250e+001  5.067975e-006
 3.262500e+001  3.734915e-006
 3.268750e+001  4.510033e-006
 3.275000e+001  4.840097e-006
 3.281250e+001  5.263089e-006
 3.287500e+001  5.948216e-006
 3.293750e+001  3.173130e-006
 3.300000e+001  6.211651e-006
 3.306250e+001  6.446096e-006
 3.312500e+001  4.555620e-006
 3.318750e+001  5.213106e-006
 3.325000e+001  5.496051e-006
 3.331250e+001  5.341239e-006
 3.337500e+001  5.368183e-006
 3.343750e+001  6.560709e-006
 3.350000e+001  3.896566e-006
 3.356250e+001  2.440041e-006
 3.362500e+001  9.651471e-006
 3.368750e+001  1.132730e-005
 3.375000e+001  5.873853e-006
 3.381250e+001  2.765710e-006
 3.387500e+001  5.974756e-006
 3.393750e+001  5.977737e-006
 3.400000e+001  4.831438e-006
 3.406250e+001  5.056205e-006
 3.412500e+001  4.797349e-006
 3.418750e+001  3.237309e-006
 3.425000e+001  4.226727e-006
 3.431250e+001  5.395916e-006
 3.437500e+001  3.345299e-006
 3.443750e+001  3.795460e-006
 3.450000e+001  3.797523e-006
 3.456250e+001  2.501954e-006
 3.462500e+001  4.514676e-006
 3.468750e+001  4.195862e-006
 3.475000e+001  6.415945e-006
 3.481250e+001  1.656218e-005
 3.487500e+001  1.125307e-005
 3.493750e+001  3.893537e-006
 3.500000e+001  5.458097e-006
 3.506250e+001  5.257303e-006
 3.512500e+001  3.304527e-006
 3.518750e+001  3.616209e-006
 3.525000e+001  5.155065e-006
 3.531250e+001  3.991541e-006
 3.537500e+001  4.062701e-006
 3.543750e+001  5.682604e-006
 3.550000e+001  5.578480e-006
 3.556250e+001  5.587780e-006
 3.562500e+001  4.769720e-006
 3.568750e+001  4.801752e-006
 3.575000e+001  5.682849e-006
 3.581250e+001  4.789965e-006
 3.587500e+001  5.524145e-006
 3.593750e+001  5.441173e-006
 3.600000e+001  3.955594e-006
 3.606250e+001  2.777578e-006
 3.612500e+001  3.611482e-006
 3.618750e+001  3.007537e-006
 3.625000e+001  4.258609e-006
 3.631250e+001  5.154226e-006
 3.637500e+001  5.563158e-006
 3.643750e+001  5.630911e-006
 3.650000e+001  2.995413e-006
 3.656250e+001  4.547261e-006
 3.662500e+001  2.104862e-006
 3.668750e+001  4.178214e-006
 3.675000e+001  4.567218e-006
 3.681250e+001  5.443832e-006
 3.687500e+001  7.058895e-006
 3.693750e+001  4.838569e-006
 3.700000e+001  3.113897e-006
 3.706250e+001  4.102012e-006
 3.712500e+001  4.766826e-006
 3.718750e+001  3.716707e-006
 3.725000e+001  7.760733e-006
 3.731250e+001  5.528680e-006
 3.737500e+001  3.971282e-006
 3.743750e+001  4.850546e-006
 3.750000e+001  3.294429e-006
 3.756250e+001  5.297762e-006
 3.762500e+001  3.827613e-006
 3.768750e+001  4.252603e-006
 3.775000e+001  4.636548e-006
 3.781250e+001  5.274718e-006
 3.787500e+001  5.983566e-006
 3.793750e+001  5.129438e-006
 3.800000e+001  4.040841e-006
 3.806250e+001  4.084816e-006
 3.812500e+001  6.670443e-006
 3.818750e+001  6.683977e-006
 3.825000e+001  5.627932e-006
 3.831250e+001  4.994174e-006
 3.837500e+001  5.010476e-006
 3.843750e+001  4.189856e-006
 3.850000e+001  3.258219e-006
 3.856250e+001  3.593136e-006
 3.862500e+001  4.865625e-006
 3.868750e+001  4.362818e-006
 3.875000e+001  3.460727e-006
 3.881250e+001  5.827803e-006
 3.887500e+001  1.296737e-005
 3.893750e+001  7.394246e-006
 3.900000e+001  4.362722e-006
 3.906250e+001  4.195931e-006
 3.912500e+001  5.246602e-006
 3.918750e+001  4.693715e-006
 3.925000e+001  4.379897e-006
 3.931250e+001  3.323050e-006
 3.937500e+001  2.809489e-006
 3.943750e+001  2.950156e-006
 3.950000e+001  3.850577e-006
 3.956250e+001  4.949886e-006
 3.962500e+001  6.030612e-006
 3.968750e+001  4.916429e-006
 3.975000e+001  4.789897e-006
 3.981250e+001  4.390213e-006
 3.987500e+001  5.137830e-006
 3.993750e+001  4.571095e-006
 4.000000e+001  4.509583e-006
 4.006250e+001  4.271376e-006
 4.012500e+001  4.751384e-006
 4.018750e+001  4.894007e-006
 4.025000e+001  5.025066e-006
 4.031250e+001  4.423404e-006
 4.037500e+001  6.048179e-006
 4.043750e+001  5.074927e-006
 4.050000e+001  4.193691e-006
 4.056250e+001  3.770817e-006
 4.062500e+001  3.946438e-006
 4.068750e+001  5.381607e-006
 4.075000e+001  5.037363e-006
 4.081250e+001  3.740332e-006
 4.087500e+001  3.612013e-006
 4.093750e+001  4.973813e-006
 4.100000e+001  5.472366e-006
 4.106250e+001  6.344556e-006
 4.112500e+001  5.656626e-006
 4.118750e+001  3.109962e-006
 4.125000e+001  3.866339e-006
 4.131250e+001  3.355460e-006
 4.137500e+001  3.212291e-006
 4.143750e+001  4.027029e-006
 4.150000e+001  3.626721e-006
 4.156250e+001  4.050411e-006
 4.162500e+001  3.245855e-006
 4.168750e+001  2.371989e-006
 4.175000e+001  3.477226e-006
 4.181250e+001  3.420667e-006
 4.187500e+001  4.298173e-006
 4.193750e+001  5.071570e-006
 4.200000e+001  4.238637e-006
 4.206250e+001  5.464505e-006
 4.212500e+001  4.198877e-006
 4.218750e+001  3.380363e-006
 4.225000e+001  3.427747e-006
 4.231250e+001  3.352146e-006
 4.237500e+001  2.755283e-006
 4.243750e+001  4.264225e-006
 4.250000e+001  3.104874e-006
 4.256250e+001  2.921120e-006
 4.262500e+001  5.490311e-006
 4.268750e+001  5.023138e-006
 4.275000e+001  3.642837e-006
 4.281250e+001  4.121951e-006
 4.287500e+001  3.897497e-006
 4.293750e+001  4.672477e-006
 4.300000e+001  5.301142e-006
 4.306250e+001  4.336578e-006
 4.312500e+001  2.772128e-006
 4.318750e+001  3.029580e-006
 4.325000e+001  3.311088e-006
 4.331250e+001  4.839459e-006
 4.337500e+001  4.629457e-006
 4.343750e+001  2.672209e-006
 4.350000e+001  3.637269e-006
 4.356250e+001  4.619850e-006
 4.362500e+001  5.456071e-006
 4.368750e+001  5.070563e-006
 4.375000e+001  4.781141e-006
 4.381250e+001  4.910183e-006
 4.387500e+001  3.707531e-006
 4.393750e+001  2.790765e-006
 4.400000e+001  3.744377e-006
 4.406250e+001  4.639986e-006
 4.412500e+001  5.198946e-006
 4.418750e+001  5.419532e-006
 4.425000e+001  3.900802e-006
 4.431250e+001  4.754455e-006
 4.437500e+001  4.593708e-006
 4.443750e+001  4.249328e-006
 4.450000e+001  2.962984e-006
 4.456250e+001  3.447094e-006
 4.462500e+001  3.204504e-006
 4.468750e+001  4.312442e-006
 4.475000e+001  5.167141e-006
 4.481250e+001  4.243576e-006
 4.487500e+001  3.883785e-006
 4.493750e+001  5.076225e-006
 4.500000e+001  4.539508e-006
 4.506250e+001  3.905979e-006
 4.512500e+001  4.187708e-006
 4.518750e+001  5.551846e-006
 4.525000e+001  4.942264e-006
 4.531250e+001  5.556834e-006
 4.537500e+001  5.992736e-006
 4.543750e+001  3.829975e-006
 4.550000e+001  3.481768e-006
 4.556250e+001  3.696013e-006
 4.562500e+001  5.562076e-006
 4.568750e+001  5.733874e-006
 4.575000e+001  5.574341e-006
 4.581250e+001  3.970372e-006
 4.587500e+001  2.131584e-006
 4.593750e+001  3.557987e-006
 4.600000e+001  5.554840e-006
 4.606250e+001  4.307857e-006
 4.612500e+001  4.447336e-006
 4.618750e+001  3.773219e-006
 4.625000e+001  3.724439e-006
 4.631250e+001  4.435480e-006
 4.637500e+001  5.197415e-006
 4.643750e+001  4.766555e-006
 4.650000e+001  5.590422e-006
 4.656250e+001  4.514695e-006
 4.662500e+001  5.303422e-006
 4.668750e+001  7.030788e-006
 4.675000e+001  5.538832e-006
 4.681250e+001  3.424345e-006
 4.687500e+001  3.235427e-006
 4.693750e+001  4.388811e-006
 4.700000e+001  3.824230e-006
 4.706250e+001  3.412148e-006
 4.712500e+001  3.649787e-006
 4.718750e+001  6.049857e-006
 4.725000e+001  8.442053e-006
 4.731250e+001  3.970016e-006
 4.737500e+001  3.565616e-006
 4.743750e+001  4.432862e-006
 4.750000e+001  4.086859e-006
 4.756250e+001  3.927185e-006
 4.762500e+001  3.403987e-006
 4.768750e+001  4.027767e-006
 4.775000e+001  4.967898e-006
 4.781250e+001  4.463057e-006
 4.787500e+001  2.926551e-006
 4.793750e+001  4.245032e-006
 4.800000e+001  5.563943e-006
 4.806250e+001  4.767619e-006
 4.812500e+001  2.853849e-006
 4.818750e+001  3.398996e-006
 4.825000e+001  3.040253e-006
 4.831250e+001  3.232151e-006
 4.837500e+001  3.634341e-006
 4.843750e+001  5.285998e-006
 4.850000e+001  9.928714e-006
 4.856250e+001  9.274835e-006
 4.862500e+001  2.911771e-006
 4.868750e+001  4.554666e-006
 4.875000e+001  4.373951e-006
 4.881250e+001  4.476167e-006
 4.887500e+001  4.295059e-006
 4.893750e+001  3.828807e-006
 4.900000e+001  4.297276e-006
 4.906250e+001  4.487731e-006
 4.912500e+001  4.378597e-006
 4.918750e+001  4.406980e-006
 4.925000e+001  4.457739e-006
 4.931250e+001  3.844168e-006
 4.937500e+001  4.271385e-006
 4.943750e+001  5.304121e-006
 4.950000e+001  4.767303e-006
 4.956250e+001  4.146366e-006
 4.962500e+001  3.405286e-006
 4.968750e+001  4.298646e-006
 4.975000e+001  5.042050e-006
 4.981250e+001  4.453850e-006
 4.987500e+001  4.112268e-006
 4.993750e+001  1.874337e-005
 5.000000e+001  3.890249e-005
 5.006250e+001  2.304454e-005
 5.012500e+001  3.735642e-006
 5.018750e+001  3.838046e-006
 5.025000e+001  4.191610e-006
 5.031250e+001  5.131158e-006
 5.037500e+001  5.483402e-006
 5.043750e+001  3.611499e-006
 5.050000e+001  5.373537e-006
 5.056250e+001  4.226133e-006
 5.062500e+001  3.507445e-006
 5.068750e+001  2.403018e-006
 5.075000e+001  3.306887e-006
 5.081250e+001  5.413072e-006
 5.087500e+001  4.242036e-006
 5.093750e+001  6.030432e-006
 5.100000e+001  6.505096e-006
 5.106250e+001  5.424749e-006
 5.112500e+001  7.812058e-006
 5.118750e+001  5.157893e-006
 5.125000e+001  9.689555e-006
 5.131250e+001  2.046165e-005
 5.137500e+001  1.382966e-005
 5.143750e+001  4.798039e-006
 5.150000e+001  5.208412e-006
 5.156250e+001  4.610947e-006
 5.162500e+001  4.956486e-006
 5.168750e+001  4.087222e-006
 5.175000e+001  2.307059e-006
 5.181250e+001  4.063660e-006
 5.187500e+001  4.569539e-006
 5.193750e+001  4.804073e-006
 5.200000e+001  5.641550e-006
 5.206250e+001  5.497854e-006
 5.212500e+001  5.326244e-006
 5.218750e+001  4.464673e-006
 5.225000e+001  3.982701e-006
 5.231250e+001  3.507227e-006
 5.237500e+001  5.106552e-006
 5.243750e+001  3.676125e-006
 5.250000e+001  2.857835e-006
 5.256250e+001  3.489817e-006
 5.262500e+001  3.294838e-006
 5.268750e+001  2.499862e-006
 5.275000e+001  3.007883e-006
 5.281250e+001  4.451553e-006
 5.287500e+001  3.203622e-006
 5.293750e+001  5.080665e-006
 5.300000e+001  4.482378e-006
 5.306250e+001  4.118472e-006
 5.312500e+001  3.677251e-006
 5.318750e+001  2.591947e-006
 5.325000e+001  2.474526e-006
 5.331250e+001  5.172523e-006
 5.337500e+001  3.597036e-006
 5.343750e+001  3.081664e-006
 5.350000e+001  4.298288e-006
 5.356250e+001  5.094081e-006
 5.362500e+001  5.535524e-006
 5.368750e+001  4.053401e-006
 5.375000e+001  5.827293e-006
 5.381250e+001  5.011331e-006
 5.387500e+001  4.913799e-006
 5.393750e+001  4.106499e-006
 5.400000e+001  3.161777e-006
 5.406250e+001  3.649124e-006
 5.412500e+001  4.156184e-006
 5.418750e+001  4.591537e-006
 5.425000e+001  4.788911e-006
 5.431250e+001  4.321782e-006
 5.437500e+001  2.972817e-006
 5.443750e+001  5.603616e-006
 5.450000e+001  6.400731e-006
 5.456250e+001  4.211426e-006
 5.462500e+001  3.431875e-006
 5.468750e+001  4.575418e-006
 5.475000e+001  4.431305e-006
 5.481250e+001  5.122301e-006
 5.487500e+001  5.959084e-006
 5.493750e+001  4.622165e-006
 5.500000e+001  3.476453e-006
 5.506250e+001  4.970335e-006
 5.512500e+001  4.471718e-006
 5.518750e+001  3.883821e-006
 5.525000e+001  6.788852e-006
 5.531250e+001  5.651309e-006
 5.537500e+001  3.212120e-006
 5.543750e+001  3.073451e-006
 5.550000e+001  3.991911e-006
 5.556250e+001  5.907268e-006
 5.562500e+001  1.527884e-005
 5.568750e+001  1.027370e-005
 5.575000e+001  3.397460e-006
 5.581250e+001  4.061751e-006
 5.587500e+001  3.765230e-006
 5.593750e+001  3.095238e-006
 5.600000e+001  3.388862e-006
 5.606250e+001  4.833666e-006
 5.612500e+001  3.979800e-006
 5.618750e+001  3.286968e-006
 5.625000e+001  5.856159e-006
 5.631250e+001  6.602925e-006
 5.637500e+001  5.908365e-006
 5.643750e+001  6.104022e-006
 5.650000e+001  5.794543e-006
 5.656250e+001  3.783103e-006
 5.662500e+001  3.653014e-006
 5.668750e+001  3.667355e-006
 5.675000e+001  4.683539e-006
 5.681250e+001  3.930206e-006
 5.687500e+001  2.362310e-006
 5.693750e+001  3.170668e-006
 5.700000e+001  3.654739e-006
 5.706250e+001  4.143837e-006
 5.712500e+001  4.392065e-006
 5.718750e+001  5.786791e-006
 5.725000e+001  6.707020e-006
 5.731250e+001  3.670610e-006
 5.737500e+001  3.716091e-006
 5.743750e+001  3.011291e-006
 5.750000e+001  3.818145e-006
 5.756250e+001  4.256972e-006
 5.762500e+001  5.375875e-006
 5.768750e+001  4.359513e-006
 5.775000e+001  5.030672e-006
 5.781250e+001  4.861907e-006
 5.787500e+001  4.025196e-006
 5.793750e+001  2.798923e-006
 5.800000e+001  2.102456e-006
 5.806250e+001  4.432075e-006
 5.812500e+001  4.183407e-006
 5.818750e+001  4.412284e-006
 5.825000e+001  4.417025e-006
 5.831250e+001  5.156182e-006
 5.837500e+001  3.831811e-006
 5.843750e+001  3.946488e-006
 5.850000e+001  5.740985e-006
 5.856250e+001  5.095861e-006
 5.862500e+001  3.473181e-006
 5.868750e+001  3.016255e-006
 5.875000e+001  5.218068e-006
 5.881250e+001  3.770284e-006
 5.887500e+001  3.698334e-006
 5.893750e+001  2.669907e-006
 5.900000e+001  2.699714e-006
 5.906250e+001  3.690761e-006
 5.912500e+001  4.121399e-006
 5.918750e+001  3.359990e-006
 5.925000e+001  4.040302e-006
 5.931250e+001  6.498058e-006
 5.937500e+001  7.784181e-006
 5.943750e+001  6.860896e-006
 5.950000e+001  7.743342e-006
 5.956250e+001  1.005648e-005
 5.962500e+001  7.412075e-006
 5.968750e+001  3.331159e-006
 5.975000e+001  3.927111e-006
 5.981250e+001  5.008099e-006
 5.987500e+001  6.019780e-006
 5.993750e+001  5.286829e-006
 6.000000e+001  4.673109e-006
 6.006250e+001  3.346544e-006
 6.012500e+001  1.741529e-006
 6.018750e+001  4.290851e-006
 6.025000e+001  4.142055e-006
 6.031250e+001  2.495629e-006
 6.037500e+001  4.311085e-006
 6.043750e+001  7.368357e-006
 6.050000e+001  6.609467e-006
 6.056250e+001  5.654641e-006
 6.062500e+001  3.418674e-006
 6.068750e+001  4.696187e-006
 6.075000e+001  4.650725e-006
 6.081250e+001  4.450473e-006
 6.087500e+001  4.365049e-006
 6.093750e+001  4.377318e-006
 6.100000e+001  4.170404e-006
 6.106250e+001  4.386356e-006
 6.112500e+001  6.622981e-006
 6.118750e+001  7.487631e-006
 6.125000e+001  5.130465e-006
 6.131250e+001  6.623822e-006
 6.137500e+001  7.302210e-006
 6.143750e+001  5.270638e-006
 6.150000e+001  4.259161e-006
 6.156250e+001  3.921088e-006
 6.162500e+001  4.184386e-006
 6.168750e+001  3.877211e-006
 6.175000e+001  4.104061e-006
 6.181250e+001  3.737457e-006
 6.187500e+001  5.399868e-006
 6.193750e+001  5.753622e-006
 6.200000e+001  3.138817e-006
 6.206250e+001  4.187483e-006
 6.212500e+001  4.196046e-006
 6.218750e+001  4.046856e-006
 6.225000e+001  3.602485e-006
 6.231250e+001  4.079850e-006
 6.237500e+001  3.184818e-006
 6.243750e+001  4.301326e-006
 6.250000e+001  3.538097e-006
 6.256250e+001  3.048025e-006
 6.262500e+001  4.472146e-006
 6.268750e+001  4.243698e-006
 6.275000e+001  3.756809e-006
 6.281250e+001  5.201263e-006
 6.287500e+001  4.401761e-006
 6.293750e+001  3.594697e-006
 6.300000e+001  4.041404e-006
 6.306250e+001  4.297101e-006
 6.312500e+001  4.257788e-006
 6.318750e+001  3.735204e-006
 6.325000e+001  4.763069e-006
 6.331250e+001  4.602470e-006
 6.337500e+001  3.106480e-006
 6.343750e+001  3.443705e-006
 6.350000e+001  4.644840e-006
 6.356250e+001  4.619355e-006
 6.362500e+001  5.393131e-006
 6.368750e+001  7.271929e-006
 6.375000e+001  6.494772e-006
 6.381250e+001  5.622702e-006
 6.387500e+001  4.508616e-006
 6.393750e+001  3.811118e-006
 6.400000e+001  4.504058e-006
 6.406250e+001  4.365585e-006
 6.412500e+001  3.033992e-006
 6.418750e+001  4.277884e-006
 6.425000e+001  5.476761e-006
 6.431250e+001  5.592994e-006
 6.437500e+001  4.924419e-006
 6.443750e+001  4.378401e-006
 6.450000e+001  5.638962e-006
 6.456250e+001  5.777516e-006
 6.462500e+001  4.042834e-006
 6.468750e+001  5.147163e-006
 6.475000e+001  5.549798e-006
 6.481250e+001  4.620924e-006
 6.487500e+001  3.763831e-006
 6.493750e+001  2.424321e-006
 6.500000e+001  2.732445e-006
 6.506250e+001  4.382353e-006
 6.512500e+001  5.007705e-006
 6.518750e+001  4.021653e-006
 6.525000e+001  3.825077e-006
 6.531250e+001  5.123174e-006
 6.537500e+001  5.013977e-006
 6.543750e+001  3.712147e-006
 6.550000e+001  3.569243e-006
 6.556250e+001  4.611816e-006
 6.562500e+001  4.621540e-006
 6.568750e+001  3.408608e-006
 6.575000e+001  4.054205e-006
 6.581250e+001  4.269673e-006
 6.587500e+001  3.561534e-006
 6.593750e+001  3.509013e-006
 6.600000e+001  3.308361e-006
 6.606250e+001  3.140384e-006
 6.612500e+001  3.329719e-006
 6.618750e+001  5.033114e-006
 6.625000e+001  5.575040e-006
 6.631250e+001  4.366993e-006
 6.637500e+001  3.273303e-006
 6.643750e+001  2.924070e-006
 6.650000e+001  4.011145e-006
 6.656250e+001  6.134683e-006
 6.662500e+001  5.031399e-006
 6.668750e+001  6.867570e-006
 6.675000e+001  5.471762e-006
 6.681250e+001  3.338383e-006
 6.687500e+001  4.499657e-006
 6.693750e+001  4.627788e-006
 6.700000e+001  4.550877e-006
 6.706250e+001  5.322273e-006
 6.712500e+001  6.943672e-006
 6.718750e+001  5.020469e-006
 6.725000e+001  3.632035e-006
 6.731250e+001  4.963818e-006
 6.737500e+001  5.379991e-006
 6.743750e+001  5.270212e-006
 6.750000e+001  4.165717e-006
 6.756250e+001  4.522041e-006
 6.762500e+001  5.263328e-006
 6.768750e+001  6.569068e-006
 6.775000e+001  5.051252e-006
 6.781250e+001  4.272258e-006
 6.787500e+001  3.593767e-006
 6.793750e+001  4.968350e-006
 6.800000e+001  4.243252e-006
 6.806250e+001  4.003403e-006
 6.812500e+001  3.509763e-006
 6.818750e+001  5.509702e-006
 6.825000e+001  4.079131e-006
 6.831250e+001  4.283712e-006
 6.837500e+001  4.658725e-006
 6.843750e+001  3.555268e-006
 6.850000e+001  2.227869e-006
 6.856250e+001  3.612235e-006
 6.862500e+001  4.035831e-006
 6.868750e+001  4.114496e-006
 6.875000e+001  5.109334e-006
 6.881250e+001  6.482415e-006
 6.887500e+001  4.724501e-006
 6.893750e+001  3.579973e-006
 6.900000e+001  5.466993e-006
 6.906250e+001  5.223459e-006
 6.912500e+001  4.349953e-006
 6.918750e+001  4.503520e-006
 6.925000e+001  4.342125e-006
 6.931250e+001  4.086917e-006
 6.937500e+001  4.380068e-006
 6.943750e+001  5.107082e-006
 6.950000e+001  5.046231e-006
 6.956250e+001  4.369989e-006
 6.962500e+001  4.745886e-006
 6.968750e+001  4.344487e-006
 6.975000e+001  2.751727e-006
 6.981250e+001  4.309290e-006
 6.987500e+001  5.042506e-006
 6.993750e+001  3.399176e-006
 7.000000e+001  3.864246e-006
 7.006250e+001  5.083090e-006
 7.012500e+001  4.425983e-006
 7.018750e+001  4.274990e-006
 7.025000e+001  1.075549e-005
 7.031250e+001  1.384296e-005
 7.037500e+001  8.218009e-006
 7.043750e+001  5.072175e-006
 7.050000e+001  3.228705e-006
 7.056250e+001  2.795094e-006
 7.062500e+001  6.568056e-006
 7.068750e+001  6.116699e-006
 7.075000e+001  4.693790e-006
 7.081250e+001  4.506138e-006
 7.087500e+001  3.181902e-006
 7.093750e+001  1.812265e-006
 7.100000e+001  4.264110e-006
 7.106250e+001  3.943968e-006
 7.112500e+001  3.496206e-006
 7.118750e+001  4.599338e-006
 7.125000e+001  4.839680e-006
 7.131250e+001  7.077454e-006
 7.137500e+001  5.660525e-006
 7.143750e+001  3.139874e-006
 7.150000e+001  4.691162e-006
 7.156250e+001  5.146010e-006
 7.162500e+001  5.395038e-006
 7.168750e+001  6.035067e-006
 7.175000e+001  4.037300e-006
 7.181250e+001  5.010028e-006
 7.187500e+001  4.082939e-006
 7.193750e+001  5.109157e-006
 7.200000e+001  4.526701e-006
 7.206250e+001  3.758997e-006
 7.212500e+001  2.879551e-006
 7.218750e+001  3.165059e-006
 7.225000e+001  3.505790e-006
 7.231250e+001  3.711739e-006
 7.237500e+001  4.189318e-006
 7.243750e+001  4.247245e-006
 7.250000e+001  3.955017e-006
 7.256250e+001  3.831303e-006
 7.262500e+001  4.104854e-006
 7.268750e+001  4.086754e-006
 7.275000e+001  4.892280e-006
 7.281250e+001  3.873001e-006
 7.287500e+001  4.120058e-006
 7.293750e+001  4.953373e-006
 7.300000e+001  4.733974e-006
 7.306250e+001  5.094523e-006
 7.312500e+001  4.409120e-006
 7.318750e+001  4.355826e-006
 7.325000e+001  4.154760e-006
 7.331250e+001  3.932311e-006
 7.337500e+001  4.526283e-006
 7.343750e+001  3.335078e-006
 7.350000e+001  4.466000e-006
 7.356250e+001  4.421891e-006
 7.362500e+001  5.411932e-006
 7.368750e+001  6.422689e-006
 7.375000e+001  8.451690e-006
 7.381250e+001  1.387134e-005
 7.387500e+001  1.419017e-005
 7.393750e+001  6.883050e-006
 7.400000e+001  4.951038e-006
 7.406250e+001  4.470293e-006
 7.412500e+001  3.296484e-006
 7.418750e+001  4.114854e-006
 7.425000e+001  4.388979e-006
 7.431250e+001  3.424460e-006
 7.437500e+001  3.562000e-006
 7.443750e+001  2.435989e-006
 7.450000e+001  4.296866e-006
 7.456250e+001  4.331853e-006
 7.462500e+001  3.846575e-006
 7.468750e+001  4.861965e-006
 7.475000e+001  5.938138e-006
 7.481250e+001  4.539178e-006
 7.487500e+001  3.578287e-006
 7.493750e+001  3.923332e-006
 7.500000e+001  4.980036e-006
 7.506250e+001  6.134277e-006
 7.512500e+001  4.667825e-006
 7.518750e+001  4.138359e-006
 7.525000e+001  6.436435e-006
 7.531250e+001  7.518964e-006
 7.537500e+001  4.755870e-006
 7.543750e+001  4.077620e-006
 7.550000e+001  2.527499e-006
 7.556250e+001  2.856781e-006
 7.562500e+001  3.948431e-006
 7.568750e+001  3.572490e-006
 7.575000e+001  5.498921e-006
 7.581250e+001  3.357175e-006
 7.587500e+001  4.238840e-006
 7.593750e+001  5.083241e-006
 7.600000e+001  3.635802e-006
 7.606250e+001  5.292611e-006
 7.612500e+001  4.909569e-006
 7.618750e+001  3.874709e-006
 7.625000e+001  3.420234e-006
 7.631250e+001  2.963992e-006
 7.637500e+001  3.043311e-006
 7.643750e+001  4.232589e-006
 7.650000e+001  3.961819e-006
 7.656250e+001  3.878291e-006
 7.662500e+001  6.875398e-006
 7.668750e+001  5.745448e-006
 7.675000e+001  3.733621e-006
 7.681250e+001  5.005224e-006
 7.687500e+001  8.403884e-006
 7.693750e+001  8.840770e-006
 7.700000e+001  6.822117e-006
 7.706250e+001  5.840834e-006
 7.712500e+001  5.351709e-006
 7.718750e+001  6.385343e-006
 7.725000e+001  6.412315e-006
 7.731250e+001  7.900733e-006
 7.737500e+001  6.868979e-006
 7.743750e+001  6.521288e-006
 7.750000e+001  5.753473e-006
 7.756250e+001  4.423824e-006
 7.762500e+001  4.746157e-006
 7.768750e+001  3.364014e-006
 7.775000e+001  2.252025e-006
 7.781250e+001  4.663798e-006
 7.787500e+001  4.286141e-006
 7.793750e+001  4.432163e-006
 7.800000e+001  2.897315e-006
 7.806250e+001  4.324313e-006
 7.812500e+001  5.152803e-006
 7.818750e+001  4.074316e-006
 7.825000e+001  3.269960e-006
 7.831250e+001  4.452528e-006
 7.837500e+001  3.998726e-006
 7.843750e+001  4.331142e-006
 7.850000e+001  6.018785e-006
 7.856250e+001  5.894483e-006
 7.862500e+001  8.703272e-006
 7.868750e+001  6.840656e-006
 7.875000e+001  4.779258e-006
 7.881250e+001  3.941111e-006
 7.887500e+001  3.246167e-006
 7.893750e+001  3.697391e-006
 7.900000e+001  3.046158e-006
 7.906250e+001  4.233145e-006
 7.912500e+001  3.738924e-006
 7.918750e+001  3.908772e-006
 7.925000e+001  4.333955e-006
 7.931250e+001  4.370880e-006
 7.937500e+001  3.607881e-006
 7.943750e+001  5.535542e-006
 7.950000e+001  6.132707e-006
 7.956250e+001  3.640785e-006
 7.962500e+001  2.510644e-006
 7.968750e+001  4.253943e-006
 7.975000e+001  4.218530e-006
 7.981250e+001  5.671104e-006
 7.987500e+001  3.893275e-006
 7.993750e+001  4.372556e-006
 8.000000e+001  5.111633e-006
 8.006250e+001  3.241006e-006
 8.012500e+001  3.887541e-006
 8.018750e+001  4.630180e-006
 8.025000e+001  2.814234e-006
 8.031250e+001  3.196674e-006
 8.037500e+001  3.371861e-006
 8.043750e+001  3.917963e-006
 8.050000e+001  4.669207e-006
 8.056250e+001  5.885709e-006
 8.062500e+001  6.826815e-006
 8.068750e+001  5.949372e-006
 8.075000e+001  4.943149e-006
 8.081250e+001  4.223560e-006
 8.087500e+001  2.914706e-006
 8.093750e+001  2.854669e-006
 8.100000e+001  3.321910e-006
 8.106250e+001  3.874368e-006
 8.112500e+001  4.692299e-006
 8.118750e+001  4.734810e-006
 8.125000e+001  4.499751e-006
 8.131250e+001  4.769721e-006
 8.137500e+001  2.960809e-006
 8.143750e+001  3.867649e-006
 8.150000e+001  3.508068e-006
 8.156250e+001  5.142561e-006
 8.162500e+001  5.208652e-006
 8.168750e+001  4.759298e-006
 8.175000e+001  3.959747e-006
 8.181250e+001  2.760272e-006
 8.187500e+001  3.794665e-006
 8.193750e+001  4.576609e-006
 8.200000e+001  4.685244e-006
 8.206250e+001  3.197362e-006
 8.212500e+001  3.490839e-006
 8.218750e+001  6.801285e-006
 8.225000e+001  6.425548e-006
 8.231250e+001  3.816140e-006
 8.237500e+001  4.433464e-006
 8.243750e+001  4.467870e-006
 8.250000e+001  2.504962e-006
 8.256250e+001  3.824761e-006
 8.262500e+001  5.868682e-006
 8.268750e+001  4.385724e-006
 8.275000e+001  4.325294e-006
 8.281250e+001  5.263708e-006
 8.287500e+001  4.775817e-006
 8.293750e+001  3.995480e-006
 8.300000e+001  3.942755e-006
 8.306250e+001  4.350457e-006
 8.312500e+001  6.210144e-006
 8.318750e+001  5.743510e-006
 8.325000e+001  3.506320e-006
 8.331250e+001  3.711148e-006
 8.337500e+001  4.459448e-006
 8.343750e+001  3.573860e-006
 8.350000e+001  3.654541e-006
 8.356250e+001  3.434869e-006
 8.362500e+001  1.131420e-006
 8.368750e+001  4.676583e-006
 8.375000e+001  5.321940e-006
 8.381250e+001  4.548119e-006
 8.387500e+001  3.044709e-006
 8.393750e+001  3.300927e-006
 8.400000e+001  5.246429e-006
 8.406250e+001  4.739608e-006
 8.412500e+001  4.134419e-006
 8.418750e+001  2.893677e-006
 8.425000e+001  3.549961e-006
 8.431250e+001  6.022341e-006
 8.437500e+001  7.003334e-006
 8.443750e+001  6.139495e-006
 8.450000e+001  7.528983e-006
 8.456250e+001  6.751945e-006
 8.462500e+001  5.954989e-006
 8.468750e+001  5.174639e-006
 8.475000e+001  4.836699e-006
 8.481250e+001  4.210066e-006
 8.487500e+001  3.919318e-006
 8.493750e+001  3.163823e-006
 8.500000e+001  3.808753e-006
 8.506250e+001  4.487660e-006
 8.512500e+001  3.816122e-006
 8.518750e+001  4.070497e-006
 8.525000e+001  5.033931e-006
 8.531250e+001  5.346394e-006
 8.537500e+001  4.810437e-006
 8.543750e+001  4.587083e-006
 8.550000e+001  4.246023e-006
 8.556250e+001  4.544541e-006
 8.562500e+001  3.502866e-006
 8.568750e+001  3.300713e-006
 8.575000e+001  4.354325e-006
 8.581250e+001  3.443464e-006
 8.587500e+001  3.741222e-006
 8.593750e+001  2.465409e-006
 8.600000e+001  2.958332e-006
 8.606250e+001  4.312741e-006
 8.612500e+001  3.800600e-006
 8.618750e+001  2.836675e-006
 8.625000e+001  2.845673e-006
 8.631250e+001  5.258363e-006
 8.637500e+001  3.584955e-006
 8.643750e+001  3.663938e-006
 8.650000e+001  4.462222e-006
 8.656250e+001  4.149737e-006
 8.662500e+001  4.329730e-006
 8.668750e+001  4.508412e-006
 8.675000e+001  4.198897e-006
 8.681250e+001  4.143512e-006
 8.687500e+001  3.713537e-006
 8.693750e+001  4.130731e-006
 8.700000e+001  4.734546e-006
 8.706250e+001  5.734287e-006
 8.712500e+001  6.229409e-006
 8.718750e+001  4.448638e-006
 8.725000e+001  5.148240e-006
 8.731250e+001  6.004427e-006
 8.737500e+001  5.268533e-006
 8.743750e+001  4.444604e-006
 8.750000e+001  4.424009e-006
 8.756250e+001  3.869153e-006
 8.762500e+001  3.438418e-006
 8.768750e+001  4.437648e-006
 8.775000e+001  5.044078e-006
 8.781250e+001  4.617656e-006
 8.787500e+001  3.937387e-006
 8.793750e+001  4.620024e-006
 8.800000e+001  5.284636e-006
 8.806250e+001  5.714813e-006
 8.812500e+001  4.645079e-006
 8.818750e+001  4.157314e-006
 8.825000e+001  5.425908e-006
 8.831250e+001  5.172914e-006
 8.837500e+001  5.715364e-006
 8.843750e+001  4.563508e-006
 8.850000e+001  2.899827e-006
 8.856250e+001  3.843968e-006
 8.862500e+001  5.853840e-006
 8.868750e+001  4.213262e-006
 8.875000e+001  3.165603e-006
 8.881250e+001  3.280226e-006
 8.887500e+001  3.886657e-006
 8.893750e+001  3.086130e-006
 8.900000e+001  4.912729e-006
 8.906250e+001  4.433640e-006
 8.912500e+001  4.235384e-006
 8.918750e+001  3.383701e-006
 8.925000e+001  3.827327e-006
 8.931250e+001  3.469715e-006
 8.937500e+001  3.527445e-006
 8.943750e+001  3.092633e-006
 8.950000e+001  2.810145e-006
 8.956250e+001  4.076517e-006
 8.962500e+001  4.558973e-006
 8.968750e+001  5.552684e-006
 8.975000e+001  5.810850e-006
 8.981250e+001  4.096204e-006
 8.987500e+001  4.726120e-006
 8.993750e+001  5.160506e-006
 9.000000e+001  4.989947e-006
 9.006250e+001  5.216342e-006
 9.012500e+001  4.699987e-006
 9.018750e+001  2.833331e-006
 9.025000e+001  4.023244e-006
 9.031250e+001  4.117528e-006
 9.037500e+001  4.244134e-006
 9.043750e+001  5.700218e-006
 9.050000e+001  4.761167e-006
 9.056250e+001  4.212776e-006
 9.062500e+001  3.939472e-006
 9.068750e+001  4.451534e-006
 9.075000e+001  3.434706e-006
 9.081250e+001  3.628457e-006
 9.087500e+001  3.638044e-006
 9.093750e+001  3.068825e-006
 9.100000e+001  3.967569e-006
 9.106250e+001  4.888031e-006
 9.112500e+001  5.060148e-006
 9.118750e+001  6.723403e-006
 9.125000e+001  5.617950e-006
 9.131250e+001  3.802890e-006
 9.137500e+001  2.949975e-006
 9.143750e+001  4.040912e-006
 9.150000e+001  3.802662e-006
 9.156250e+001  2.984116e-006
 9.162500e+001  4.343922e-006
 9.168750e+001  3.130877e-006
 9.175000e+001  3.913421e-006
 9.181250e+001  6.216391e-006
 9.187500e+001  4.403629e-006
 9.193750e+001  3.286533e-006
 9.200000e+001  4.284590e-006
 9.206250e+001  4.874493e-006
 9.212500e+001  3.989308e-006
 9.218750e+001  4.022115e-006
 9.225000e+001  3.787906e-006
 9.231250e+001  4.065511e-006
 9.237500e+001  3.523692e-006
 9.243750e+001  4.601735e-006
 9.250000e+001  2.677580e-006
 9.256250e+001  3.728468e-006
 9.262500e+001  3.509195e-006
 9.268750e+001  5.309658e-006
 9.275000e+001  4.309461e-006
 9.281250e+001  3.775910e-006
 9.287500e+001  4.093262e-006
 9.293750e+001  4.016987e-006
 9.300000e+001  3.885314e-006
 9.306250e+001  4.068508e-006
 9.312500e+001  3.676523e-006
 9.318750e+001  5.086178e-006
 9.325000e+001  4.332604e-006
 9.331250e+001  3.068867e-006
 9.337500e+001  2.837791e-006
 9.343750e+001  2.614657e-006
 9.350000e+001  5.266981e-006
 9.356250e+001  4.131392e-006
 9.362500e+001  1.483315e-006
 9.368750e+001  2.825582e-006
 9.375000e+001  3.944588e-006
 9.381250e+001  5.059061e-006
 9.387500e+001  4.612552e-006
 9.393750e+001  4.610755e-006
 9.400000e+001  5.894041e-006
 9.406250e+001  6.823659e-006
 9.412500e+001  6.067563e-006
 9.418750e+001  2.936304e-006
 9.425000e+001  3.749512e-006
 9.431250e+001  4.215374e-006
 9.437500e+001  4.666052e-006
 9.443750e+001  5.729258e-006
 9.450000e+001  4.042797e-006
 9.456250e+001  3.812491e-006
 9.462500e+001  6.276753e-006
 9.468750e+001  5.809620e-006
 9.475000e+001  3.881016e-006
 9.481250e+001  4.775647e-006
 9.487500e+001  4.124714e-006
 9.493750e+001  2.913938e-006
 9.500000e+001  4.285177e-006
 9.506250e+001  4.749218e-006
 9.512500e+001  4.038603e-006
 9.518750e+001  3.597580e-006
 9.525000e+001  3.193884e-006
 9.531250e+001  3.577548e-006
 9.537500e+001  4.148451e-006
 9.543750e+001  4.041090e-006
 9.550000e+001  4.057230e-006
 9.556250e+001  4.554796e-006
 9.562500e+001  3.907995e-006
 9.568750e+001  3.913290e-006
 9.575000e+001  2.658021e-006
 9.581250e+001  2.829913e-006
 9.587500e+001  4.418328e-006
 9.593750e+001  3.925578e-006
 9.600000e+001  3.882443e-006
 9.606250e+001  6.526241e-006
 9.612500e+001  1.141768e-005
 9.618750e+001  8.390593e-006
 9.625000e+001  4.768767e-006
 9.631250e+001  3.268757e-006
 9.637500e+001  3.172692e-006
 9.643750e+001  3.269206e-006
 9.650000e+001  2.430579e-006
 9.656250e+001  3.108245e-006
 9.662500e+001  2.866260e-006
 9.668750e+001  4.591025e-006
 9.675000e+001  4.365995e-006
 9.681250e+001  4.736893e-006
 9.687500e+001  4.636757e-006
 9.693750e+001  3.975592e-006
 9.700000e+001  4.239298e-006
 9.706250e+001  3.977280e-006
 9.712500e+001  4.624075e-006
 9.718750e+001  5.764078e-006
 9.725000e+001  4.864797e-006
 9.731250e+001  5.689022e-006
 9.737500e+001  4.257464e-006
 9.743750e+001  3.735334e-006
 9.750000e+001  2.911841e-006
 9.756250e+001  4.699423e-006
 9.762500e+001  5.484702e-006
 9.768750e+001  5.999392e-006
 9.775000e+001  4.644341e-006
 9.781250e+001  3.204786e-006
 9.787500e+001  4.722340e-006
 9.793750e+001  4.159789e-006
 9.800000e+001  4.266324e-006
 9.806250e+001  4.242285e-006
 9.812500e+001  3.100937e-006
 9.818750e+001  4.446318e-006
 9.825000e+001  4.744111e-006
 9.831250e+001  5.622283e-006
 9.837500e+001  5.967756e-006
 9.843750e+001  4.203067e-006
 9.850000e+001  3.255657e-006
 9.856250e+001  5.151294e-006
 9.862500e+001  7.783439e-006
 9.868750e+001  8.040016e-006
 9.875000e+001  6.325164e-006
 9.881250e+001  6.607241e-006
 9.887500e+001  6.006475e-006
 9.893750e+001  3.993525e-006
 9.900000e+001  3.174222e-006
 9.906250e+001  4.413622e-006
 9.912500e+001  4.314535e-006
 9.918750e+001  4.479343e-006
 9.925000e+001  5.280012e-006
 9.931250e+001  6.481369e-006
 9.937500e+001  6.303519e-006
 9.943750e+001  2.564607e-006
 9.950000e+001  4.736425e-006
 9.956250e+001  4.507257e-006
 9.962500e+001  4.556678e-006
 9.968750e+001  4.835509e-006
 9.975000e+001  4.617880e-006
 9.981250e+001  3.576325e-006
 9.987500e+001  4.843546e-006
 9.993750e+001  7.503459e-006
 1.000000e+002  8.302134e-006
