 0.000000e+000  9.124543e-003
 7.812500e-003  4.555955e-003
 1.562500e-002  6.600800e-005
 2.343750e-002  4.998944e-005
 3.125000e-002  6.046593e-005
 3.906250e-002  3.411990e-005
 4.687500e-002  3.610151e-005
 5.468750e-002  4.379597e-005
 6.250000e-002  4.183000e-005
 7.031250e-002  2.538627e-005
 7.812500e-002  3.157584e-005
 8.593750e-002  3.633792e-005
 9.375000e-002  3.448334e-005
 1.015625e-001  2.448278e-005
 1.093750e-001  2.335584e-005
 1.171875e-001  1.245060e-005
 1.250000e-001  1.683831e-005
 1.328125e-001  1.749179e-005
 1.406250e-001  1.876146e-005
 1.484375e-001  1.718301e-005
 1.562500e-001  2.445163e-005
 1.640625e-001  2.991314e-005
 1.718750e-001  2.316656e-005
 1.796875e-001  1.239977e-005
 1.875000e-001  1.811434e-005
 1.953125e-001  2.374012e-005
 2.031250e-001  2.119307e-005
 2.109375e-001  2.265636e-005
 2.187500e-001  2.432342e-005
 2.265625e-001  2.098051e-005
 2.343750e-001  1.887516e-005
 2.421875e-001  1.432275e-005
 2.500000e-001  1.465175e-005
 2.578125e-001  2.285573e-005
 2.656250e-001  2.218817e-005
 2.734375e-001  2.382909e-005
 2.812500e-001  1.905890e-005
 2.890625e-001  1.310520e-005
 2.968750e-001  1.252533e-005
 3.046875e-001  1.096645e-005
 3.125000e-001  1.186899e-005
 3.203125e-001  1.964896e-005
 3.281250e-001  1.551768e-005
 3.359375e-001  1.483791e-005
 3.437500e-001  1.910313e-005
 3.515625e-001  1.712279e-005
 3.593750e-001  1.441515e-005
 3.671875e-001  1.418390e-005
 3.750000e-001  1.277322e-005
 3.828125e-001  1.297741e-005
 3.906250e-001  1.388026e-005
 3.984375e-001  1.320721e-005
 4.062500e-001  1.043584e-005
 4.140625e-001  1.697860e-005
 4.218750e-001  1.895168e-005
 4.296875e-001  1.517161e-005
 4.375000e-001  1.117641e-005
 4.453125e-001  1.015964e-005
 4.531250e-001  1.064918e-005
 4.609375e-001  1.417512e-005
 4.687500e-001  1.208326e-005
 4.765625e-001  6.643038e-006
 4.843750e-001  1.118486e-005
 4.921875e-001  1.281056e-005
 5.000000e-001  1.212769e-005
 5.078125e-001  1.556031e-005
 5.156250e-001  1.672502e-005
 5.234375e-001  1.489211e-005
 5.312500e-001  1.397109e-005
 5.390625e-001  1.240813e-005
 5.468750e-001  1.370291e-005
 5.546875e-001  1.310854e-005
 5.625000e-001  1.100310e-005
 5.703125e-001  9.699275e-006
 5.781250e-001  1.715778e-005
 5.859375e-001  2.025679e-005
 5.937500e-001  1.532828e-005
 6.015625e-001  8.916346e-006
 6.093750e-001  9.864082e-006
 6.171875e-001  6.524873e-006
 6.250000e-001  1.164050e-005
 6.328125e-001  1.304347e-005
 6.406250e-001  1.302956e-005
 6.484375e-001  1.016308e-005
 6.562500e-001  1.930079e-005
 6.640625e-001  1.902745e-005
 6.718750e-001  1.319061e-005
 6.796875e-001  1.201251e-005
 6.875000e-001  1.114136e-005
 6.953125e-001  7.955822e-006
 7.031250e-001  8.991641e-006
 7.109375e-001  1.249367e-005
 7.187500e-001  1.149377e-005
 7.265625e-001  8.823223e-006
 7.343750e-001  9.953379e-006
 7.421875e-001  8.135798e-006
 7.500000e-001  1.053765e-005
 7.578125e-001  9.567343e-006
 7.656250e-001  9.179010e-006
 7.734375e-001  1.386752e-005
 7.812500e-001  1.101749e-005
 7.890625e-001  9.966646e-006
 7.968750e-001  8.563703e-006
 8.046875e-001  1.215982e-005
 8.125000e-001  1.003372e-005
 8.203125e-001  8.124321e-006
 8.281250e-001  9.397308e-006
 8.359375e-001  9.581239e-006
 8.437500e-001  6.714516e-006
 8.515625e-001  8.005400e-006
 8.593750e-001  5.453049e-006
 8.671875e-001  5.260133e-006
 8.750000e-001  7.020732e-006
 8.828125e-001  1.260997e-005
 8.906250e-001  1.308798e-005
 8.984375e-001  1.251169e-005
 9.062500e-001  9.139416e-006
 9.140625e-001  9.616680e-006
 9.218750e-001  1.146425e-005
 9.296875e-001  8.898654e-006
 9.375000e-001  1.002290e-005
 9.453125e-001  1.011735e-005
 9.531250e-001  1.052503e-005
 9.609375e-001  1.012270e-005
 9.687500e-001  5.404876e-006
 9.765625e-001  7.242454e-006
 9.843750e-001  8.044543e-006
 9.921875e-001  6.309694e-006
 1.000000e+000  1.048262e-005
 1.007813e+000  1.024250e-005
 1.015625e+000  1.401529e-005
 1.023438e+000  1.399055e-005
 1.031250e+000  1.030718e-005
 1.039063e+000  1.062372e-005
 1.046875e+000  1.260828e-005
 1.054688e+000  1.198201e-005
 1.062500e+000  1.075963e-005
 1.070313e+000  9.654052e-006
 1.078125e+000  7.886064e-006
 1.085938e+000  9.196430e-006
 1.093750e+000  1.182369e-005
 1.101563e+000  9.644932e-006
 1.109375e+000  8.627970e-006
 1.117188e+000  1.046557e-005
 1.125000e+000  8.750090e-006
 1.132813e+000  4.426944e-006
 1.140625e+000  7.362959e-006
 1.148438e+000  9.631545e-006
 1.156250e+000  8.421149e-006
 1.164063e+000  8.920315e-006
 1.171875e+000  8.323283e-006
 1.179688e+000  9.948098e-006
 1.187500e+000  1.041767e-005
 1.195313e+000  1.263691e-005
 1.203125e+000  1.494993e-005
 1.210938e+000  9.269242e-006
 1.218750e+000  8.563483e-006
 1.226563e+000  1.297014e-005
 1.234375e+000  1.572209e-005
 1.242188e+000  1.101541e-005
 1.250000e+000  6.876168e-006
 1.257813e+000  8.479831e-006
 1.265625e+000  7.372300e-006
 1.273438e+000  4.286334e-006
 1.281250e+000  5.166192e-006
 1.289063e+000  7.713997e-006
 1.296875e+000  1.013313e-005
 1.304688e+000  1.101386e-005
 1.312500e+000  7.380439e-006
 1.320313e+000  6.755184e-006
 1.328125e+000  6.728624e-006
 1.335938e+000  9.053114e-006
 1.343750e+000  1.065905e-005
 1.351563e+000  6.901559e-006
 1.359375e+000  7.033607e-006
 1.367188e+000  9.744911e-006
 1.375000e+000  7.652092e-006
 1.382813e+000  9.556139e-006
 1.390625e+000  8.662691e-006
 1.398438e+000  6.948218e-006
 1.406250e+000  1.213486e-005
 1.414063e+000  1.027348e-005
 1.421875e+000  8.415979e-006
 1.429688e+000  9.140494e-006
 1.437500e+000  9.273460e-006
 1.445313e+000  9.530756e-006
 1.453125e+000  7.251397e-006
 1.460938e+000  1.062333e-005
 1.468750e+000  1.228687e-005
 1.476563e+000  1.399157e-005
 1.484375e+000  1.230425e-005
 1.492188e+000  7.570134e-006
 1.500000e+000  8.318686e-006
 1.507813e+000  5.530653e-006
 1.515625e+000  6.611914e-006
 1.523438e+000  1.151131e-005
 1.531250e+000  6.909854e-006
 1.539063e+000  6.569946e-006
 1.546875e+000  9.268349e-006
 1.554688e+000  9.469175e-006
 1.562500e+000  1.150314e-005
 1.570313e+000  1.056073e-005
 1.578125e+000  8.759216e-006
 1.585938e+000  1.014683e-005
 1.593750e+000  8.459832e-006
 1.601563e+000  5.984227e-006
 1.609375e+000  9.232445e-006
 1.617188e+000  9.620659e-006
 1.625000e+000  7.043770e-006
 1.632813e+000  7.481003e-006
 1.640625e+000  4.651298e-006
 1.648438e+000  5.888088e-006
 1.656250e+000  9.995269e-006
 1.664063e+000  8.491066e-006
 1.671875e+000  9.905380e-006
 1.679688e+000  1.169421e-005
 1.687500e+000  6.237797e-006
 1.695313e+000  6.019472e-006
 1.703125e+000  6.431953e-006
 1.710938e+000  7.053018e-006
 1.718750e+000  1.121520e-005
 1.726563e+000  7.418426e-006
 1.734375e+000  7.409720e-006
 1.742188e+000  7.801272e-006
 1.750000e+000  5.808872e-006
 1.757813e+000  7.754348e-006
 1.765625e+000  6.280504e-006
 1.773438e+000  5.472806e-006
 1.781250e+000  9.676290e-006
 1.789063e+000  7.207812e-006
 1.796875e+000  8.609899e-006
 1.804688e+000  9.171634e-006
 1.812500e+000  3.220174e-006
 1.820313e+000  7.122230e-006
 1.828125e+000  9.528118e-006
 1.835938e+000  6.946125e-006
 1.843750e+000  7.364747e-006
 1.851563e+000  7.274040e-006
 1.859375e+000  9.891036e-006
 1.867188e+000  6.305365e-006
 1.875000e+000  5.928368e-006
 1.882813e+000  8.091540e-006
 1.890625e+000  6.829185e-006
 1.898438e+000  7.333418e-006
 1.906250e+000  9.376588e-006
 1.914063e+000  8.233720e-006
 1.921875e+000  7.666021e-006
 1.929688e+000  5.151105e-006
 1.937500e+000  4.799610e-006
 1.945313e+000  7.195189e-006
 1.953125e+000  8.312379e-006
 1.960938e+000  9.767819e-006
 1.968750e+000  8.781166e-006
 1.976563e+000  7.121134e-006
 1.984375e+000  6.731499e-006
 1.992188e+000  5.859030e-006
 2.000000e+000  3.853272e-006
 2.007813e+000  6.062506e-006
 2.015625e+000  7.430846e-006
 2.023438e+000  6.265701e-006
 2.031250e+000  3.127694e-006
 2.039063e+000  6.155399e-006
 2.046875e+000  6.561995e-006
 2.054688e+000  5.614217e-006
 2.062500e+000  5.219197e-006
 2.070313e+000  7.549017e-006
 2.078125e+000  1.030565e-005
 2.085938e+000  9.491410e-006
 2.093750e+000  7.316293e-006
 2.101563e+000  5.974469e-006
 2.109375e+000  9.513298e-006
 2.117188e+000  9.463044e-006
 2.125000e+000  8.318917e-006
 2.132813e+000  4.992531e-006
 2.140625e+000  5.625042e-006
 2.148438e+000  8.318192e-006
 2.156250e+000  7.135053e-006
 2.164063e+000  5.198795e-006
 2.171875e+000  4.848462e-006
 2.179688e+000  5.964817e-006
 2.187500e+000  3.532106e-006
 2.195313e+000  6.712685e-006
 2.203125e+000  8.330809e-006
 2.210938e+000  7.504557e-006
 2.218750e+000  9.297081e-006
 2.226563e+000  7.654199e-006
 2.234375e+000  6.180214e-006
 2.242188e+000  6.626435e-006
 2.250000e+000  7.258019e-006
 2.257813e+000  7.570077e-006
 2.265625e+000  7.863694e-006
 2.273438e+000  7.544832e-006
 2.281250e+000  7.055636e-006
 2.289063e+000  6.811107e-006
 2.296875e+000  6.423004e-006
 2.304688e+000  4.542880e-006
 2.312500e+000  6.544865e-006
 2.320313e+000  7.814495e-006
 2.328125e+000  8.168444e-006
 2.335938e+000  6.155173e-006
 2.343750e+000  8.374443e-006
 2.351563e+000  8.569073e-006
 2.359375e+000  8.565946e-006
 2.367188e+000  1.112250e-005
 2.375000e+000  8.434504e-006
 2.382813e+000  6.858846e-006
 2.390625e+000  7.707688e-006
 2.398438e+000  7.205398e-006
 2.406250e+000  7.215143e-006
 2.414063e+000  7.888016e-006
 2.421875e+000  7.481475e-006
 2.429688e+000  7.398009e-006
 2.437500e+000  8.975464e-006
 2.445313e+000  6.976066e-006
 2.453125e+000  6.465139e-006
 2.460938e+000  9.209374e-006
 2.468750e+000  9.435661e-006
 2.476563e+000  8.467222e-006
 2.484375e+000  5.529658e-006
 2.492188e+000  5.818570e-006
 2.500000e+000  6.706689e-006
 2.507813e+000  5.275690e-006
 2.515625e+000  7.081675e-006
 2.523438e+000  7.122800e-006
 2.531250e+000  3.618304e-006
 2.539063e+000  4.962320e-006
 2.546875e+000  7.295546e-006
 2.554688e+000  9.911575e-006
 2.562500e+000  7.652435e-006
 2.570313e+000  4.938509e-006
 2.578125e+000  7.102899e-006
 2.585938e+000  8.128241e-006
 2.593750e+000  7.052890e-006
 2.601563e+000  7.347451e-006
 2.609375e+000  9.856843e-006
 2.617188e+000  9.269613e-006
 2.625000e+000  8.678326e-006
 2.632813e+000  5.083065e-006
 2.640625e+000  6.166376e-006
 2.648438e+000  8.605576e-006
 2.656250e+000  6.941090e-006
 2.664063e+000  5.152634e-006
 2.671875e+000  7.356483e-006
 2.679688e+000  7.012554e-006
 2.687500e+000  5.099245e-006
 2.695313e+000  4.551528e-006
 2.703125e+000  6.430718e-006
 2.710938e+000  6.864703e-006
 2.718750e+000  8.528546e-006
 2.726563e+000  7.623993e-006
 2.734375e+000  7.716043e-006
 2.742188e+000  7.039014e-006
 2.750000e+000  6.559999e-006
 2.757813e+000  7.291859e-006
 2.765625e+000  5.230505e-006
 2.773438e+000  6.421849e-006
 2.781250e+000  3.998086e-006
 2.789063e+000  6.743282e-006
 2.796875e+000  6.948493e-006
 2.804688e+000  7.523699e-006
 2.812500e+000  7.601088e-006
 2.820313e+000  7.738691e-006
 2.828125e+000  8.825280e-006
 2.835938e+000  1.119165e-005
 2.843750e+000  6.019795e-006
 2.851563e+000  5.803243e-006
 2.859375e+000  7.470292e-006
 2.867188e+000  6.270341e-006
 2.875000e+000  5.438848e-006
 2.882813e+000  5.440104e-006
 2.890625e+000  6.842741e-006
 2.898438e+000  6.565142e-006
 2.906250e+000  6.485524e-006
 2.914063e+000  8.280752e-006
 2.921875e+000  8.374877e-006
 2.929688e+000  8.866735e-006
 2.937500e+000  7.282607e-006
 2.945313e+000  8.074580e-006
 2.953125e+000  7.870011e-006
 2.960938e+000  8.585349e-006
 2.968750e+000  9.987349e-006
 2.976563e+000  8.320921e-006
 2.984375e+000  9.194333e-006
 2.992188e+000  7.428850e-006
 3.000000e+000  6.224445e-006
 3.007813e+000  9.269797e-006
 3.015625e+000  9.673929e-006
 3.023438e+000  8.756047e-006
 3.031250e+000  8.678522e-006
 3.039063e+000  7.732522e-006
 3.046875e+000  7.296250e-006
 3.054688e+000  6.194061e-006
 3.062500e+000  6.374675e-006
 3.070313e+000  6.753379e-006
 3.078125e+000  7.179968e-006
 3.085938e+000  7.953168e-006
 3.093750e+000  5.132439e-006
 3.101563e+000  5.922126e-006
 3.109375e+000  5.704874e-006
 3.117188e+000  6.547114e-006
 3.125000e+000  5.194506e-006
 3.132813e+000  6.557641e-006
 3.140625e+000  7.591530e-006
 3.148438e+000  7.583360e-006
 3.156250e+000  7.001143e-006
 3.164063e+000  6.514920e-006
 3.171875e+000  5.989767e-006
 3.179688e+000  6.419701e-006
 3.187500e+000  6.363037e-006
 3.195313e+000  8.529051e-006
 3.203125e+000  1.004540e-005
 3.210938e+000  8.214887e-006
 3.218750e+000  8.565443e-006
 3.226563e+000  6.688591e-006
 3.234375e+000  4.361485e-006
 3.242188e+000  3.395119e-006
 3.250000e+000  6.799628e-006
 3.257813e+000  8.190792e-006
 3.265625e+000  7.696324e-006
 3.273438e+000  6.960782e-006
 3.281250e+000  8.348937e-006
 3.289063e+000  7.240861e-006
 3.296875e+000  5.321344e-006
 3.304688e+000  7.449272e-006
 3.312500e+000  7.654697e-006
 3.320313e+000  1.050165e-005
 3.328125e+000  1.011028e-005
 3.335938e+000  5.294578e-006
 3.343750e+000  4.233742e-006
 3.351563e+000  3.719142e-006
 3.359375e+000  4.346393e-006
 3.367188e+000  6.554492e-006
 3.375000e+000  9.374855e-006
 3.382813e+000  8.329554e-006
 3.390625e+000  6.112690e-006
 3.398438e+000  8.232847e-006
 3.406250e+000  6.161315e-006
 3.414063e+000  6.141826e-006
 3.421875e+000  6.709288e-006
 3.429688e+000  7.480253e-006
 3.437500e+000  6.817639e-006
 3.445313e+000  6.939350e-006
 3.453125e+000  5.734463e-006
 3.460938e+000  6.334272e-006
 3.468750e+000  7.309027e-006
 3.476563e+000  4.482841e-006
 3.484375e+000  6.950815e-006
 3.492188e+000  6.596395e-006
 3.500000e+000  5.890532e-006
 3.507813e+000  5.197149e-006
 3.515625e+000  6.896496e-006
 3.523438e+000  8.148855e-006
 3.531250e+000  4.769912e-006
 3.539063e+000  7.157189e-006
 3.546875e+000  5.893042e-006
 3.554688e+000  1.580600e-006
 3.562500e+000  4.269226e-006
 3.570313e+000  4.764462e-006
 3.578125e+000  6.102658e-006
 3.585938e+000  8.272767e-006
 3.593750e+000  7.653989e-006
 3.601563e+000  8.440749e-006
 3.609375e+000  7.935726e-006
 3.617188e+000  6.944125e-006
 3.625000e+000  5.944849e-006
 3.632813e+000  5.198711e-006
 3.640625e+000  6.459662e-006
 3.648438e+000  6.065887e-006
 3.656250e+000  5.959310e-006
 3.664063e+000  7.351858e-006
 3.671875e+000  7.470276e-006
 3.679688e+000  6.238706e-006
 3.687500e+000  7.679531e-006
 3.695313e+000  5.827485e-006
 3.703125e+000  6.228290e-006
 3.710938e+000  7.077181e-006
 3.718750e+000  5.550205e-006
 3.726563e+000  6.390061e-006
 3.734375e+000  7.321146e-006
 3.742188e+000  5.814336e-006
 3.750000e+000  6.732658e-006
 3.757813e+000  6.062149e-006
 3.765625e+000  6.527312e-006
 3.773438e+000  8.529371e-006
 3.781250e+000  7.257647e-006
 3.789063e+000  6.354515e-006
 3.796875e+000  7.819430e-006
 3.804688e+000  5.105057e-006
 3.812500e+000  5.548082e-006
 3.820313e+000  5.931711e-006
 3.828125e+000  7.115434e-006
 3.835938e+000  8.054795e-006
 3.843750e+000  6.731079e-006
 3.851563e+000  6.477253e-006
 3.859375e+000  7.112339e-006
 3.867188e+000  7.243049e-006
 3.875000e+000  8.963299e-006
 3.882813e+000  8.998196e-006
 3.890625e+000  8.193669e-006
 3.898438e+000  5.802840e-006
 3.906250e+000  6.784663e-006
 3.914063e+000  8.781919e-006
 3.921875e+000  7.404776e-006
 3.929688e+000  2.225752e-005
 3.937500e+000  2.276641e-005
 3.945313e+000  2.405331e-005
 3.953125e+000  2.895542e-005
 3.960938e+000  1.339806e-005
 3.968750e+000  8.103712e-006
 3.976563e+000  6.322787e-006
 3.984375e+000  7.446384e-006
 3.992188e+000  7.475910e-006
 4.000000e+000  6.926343e-006
 4.007813e+000  6.089276e-006
 4.015625e+000  5.578383e-006
 4.023438e+000  4.949823e-006
 4.031250e+000  4.209707e-006
 4.039063e+000  4.569835e-006
 4.046875e+000  7.534649e-006
 4.054688e+000  8.080516e-006
 4.062500e+000  7.547742e-006
 4.070313e+000  7.643863e-006
 4.078125e+000  5.322840e-006
 4.085938e+000  6.336112e-006
 4.093750e+000  7.367838e-006
 4.101563e+000  7.648083e-006
 4.109375e+000  6.740463e-006
 4.117188e+000  7.299247e-006
 4.125000e+000  6.240895e-006
 4.132813e+000  3.465518e-006
 4.140625e+000  4.067088e-006
 4.148438e+000  3.734508e-006
 4.156250e+000  5.122725e-006
 4.164063e+000  5.577884e-006
 4.171875e+000  5.870945e-006
 4.179688e+000  5.817953e-006
 4.187500e+000  5.005534e-006
 4.195313e+000  6.422612e-006
 4.203125e+000  5.453251e-006
 4.210938e+000  3.863383e-006
 4.218750e+000  4.379144e-006
 4.226563e+000  5.413250e-006
 4.234375e+000  3.545279e-006
 4.242188e+000  6.145853e-006
 4.250000e+000  7.049621e-006
 4.257813e+000  7.245776e-006
 4.265625e+000  6.277092e-006
 4.273438e+000  3.845239e-006
 4.281250e+000  3.996142e-006
 4.289063e+000  5.478416e-006
 4.296875e+000  5.920896e-006
 4.304688e+000  5.231650e-006
 4.312500e+000  6.541331e-006
 4.320313e+000  5.300652e-006
 4.328125e+000  5.017243e-006
 4.335938e+000  3.833875e-006
 4.343750e+000  4.235064e-006
 4.351563e+000  4.284029e-006
 4.359375e+000  6.556344e-006
 4.367188e+000  6.480059e-006
 4.375000e+000  5.749038e-006
 4.382813e+000  4.919644e-006
 4.390625e+000  4.566796e-006
 4.398438e+000  5.869690e-006
 4.406250e+000  4.193640e-006
 4.414063e+000  5.095482e-006
 4.421875e+000  5.383958e-006
 4.429688e+000  5.721685e-006
 4.437500e+000  5.972871e-006
 4.445313e+000  5.688327e-006
 4.453125e+000  6.518608e-006
 4.460938e+000  4.639721e-006
 4.468750e+000  5.051277e-006
 4.476563e+000  3.782666e-006
 4.484375e+000  5.347438e-006
 4.492188e+000  4.917080e-006
 4.500000e+000  5.373865e-006
 4.507813e+000  5.234807e-006
 4.515625e+000  5.805718e-006
 4.523438e+000  6.165601e-006
 4.531250e+000  7.926694e-006
 4.539063e+000  7.288987e-006
 4.546875e+000  5.847389e-006
 4.554688e+000  5.232668e-006
 4.562500e+000  6.612058e-006
 4.570313e+000  6.441966e-006
 4.578125e+000  6.938846e-006
 4.585938e+000  7.691688e-006
 4.593750e+000  7.082129e-006
 4.601563e+000  7.923474e-006
 4.609375e+000  4.681762e-006
 4.617188e+000  5.118166e-006
 4.625000e+000  6.342381e-006
 4.632813e+000  7.497833e-006
 4.640625e+000  6.602152e-006
 4.648438e+000  4.380019e-006
 4.656250e+000  4.697676e-006
 4.664063e+000  5.298179e-006
 4.671875e+000  7.624376e-006
 4.679688e+000  5.796639e-006
 4.687500e+000  4.870412e-006
 4.695313e+000  3.948731e-006
 4.703125e+000  4.282320e-006
 4.710938e+000  3.508628e-006
 4.718750e+000  4.782913e-006
 4.726563e+000  6.400290e-006
 4.734375e+000  7.683608e-006
 4.742188e+000  7.923111e-006
 4.750000e+000  4.869015e-006
 4.757813e+000  4.412791e-006
 4.765625e+000  4.296942e-006
 4.773438e+000  4.054342e-006
 4.781250e+000  4.396497e-006
 4.789063e+000  3.162035e-006
 4.796875e+000  6.375721e-006
 4.804688e+000  7.201387e-006
 4.812500e+000  4.955328e-006
 4.820313e+000  4.383989e-006
 4.828125e+000  6.108847e-006
 4.835938e+000  6.226715e-006
 4.843750e+000  5.177439e-006
 4.851563e+000  7.441698e-006
 4.859375e+000  6.504038e-006
 4.867188e+000  4.140758e-006
 4.875000e+000  4.852691e-006
 4.882813e+000  7.182729e-006
 4.890625e+000  6.297404e-006
 4.898438e+000  3.884010e-006
 4.906250e+000  5.905359e-006
 4.914063e+000  6.195500e-006
 4.921875e+000  6.021900e-006
 4.929688e+000  4.647694e-006
 4.937500e+000  5.167141e-006
 4.945313e+000  3.926338e-006
 4.953125e+000  3.877615e-006
 4.960938e+000  4.161147e-006
 4.968750e+000  6.875599e-006
 4.976563e+000  6.501105e-006
 4.984375e+000  8.510700e-006
 4.992188e+000  7.805413e-006
 5.000000e+000  4.382653e-006
 5.007813e+000  7.366506e-006
 5.015625e+000  8.204939e-006
 5.023438e+000  5.644649e-006
 5.031250e+000  6.045707e-006
 5.039063e+000  6.391864e-006
 5.046875e+000  8.038603e-006
 5.054688e+000  8.751612e-006
 5.062500e+000  7.012511e-006
 5.070313e+000  6.031058e-006
 5.078125e+000  5.588575e-006
 5.085938e+000  6.168240e-006
 5.093750e+000  6.256844e-006
 5.101563e+000  5.377042e-006
 5.109375e+000  5.857253e-006
 5.117188e+000  6.618123e-006
 5.125000e+000  4.530245e-006
 5.132813e+000  3.706576e-006
 5.140625e+000  7.106842e-006
 5.148438e+000  7.206617e-006
 5.156250e+000  7.716118e-006
 5.164063e+000  5.388264e-006
 5.171875e+000  5.946779e-006
 5.179688e+000  8.012004e-006
 5.187500e+000  7.677283e-006
 5.195313e+000  6.751160e-006
 5.203125e+000  7.063728e-006
 5.210938e+000  5.313883e-006
 5.218750e+000  4.052715e-006
 5.226563e+000  5.333709e-006
 5.234375e+000  3.905408e-006
 5.242188e+000  3.134182e-006
 5.250000e+000  5.887612e-006
 5.257813e+000  5.760581e-006
 5.265625e+000  3.661207e-006
 5.273438e+000  6.765937e-006
 5.281250e+000  6.695169e-006
 5.289063e+000  5.403471e-006
 5.296875e+000  4.627784e-006
 5.304688e+000  6.204577e-006
 5.312500e+000  6.592037e-006
 5.320313e+000  5.328948e-006
 5.328125e+000  5.982921e-006
 5.335938e+000  5.888133e-006
 5.343750e+000  3.928377e-006
 5.351563e+000  5.440797e-006
 5.359375e+000  7.026193e-006
 5.367188e+000  3.491453e-006
 5.375000e+000  5.299244e-006
 5.382813e+000  6.653787e-006
 5.390625e+000  6.007781e-006
 5.398438e+000  6.117185e-006
 5.406250e+000  5.847269e-006
 5.414063e+000  5.192283e-006
 5.421875e+000  4.540480e-006
 5.429688e+000  5.993464e-006
 5.437500e+000  6.248381e-006
 5.445313e+000  4.973141e-006
 5.453125e+000  4.620910e-006
 5.460938e+000  3.670744e-006
 5.468750e+000  2.677646e-006
 5.476563e+000  3.782984e-006
 5.484375e+000  4.178554e-006
 5.492188e+000  6.579768e-006
 5.500000e+000  5.402624e-006
 5.507813e+000  5.497482e-006
 5.515625e+000  3.340253e-006
 5.523438e+000  3.456718e-006
 5.531250e+000  3.889615e-006
 5.539063e+000  3.475054e-006
 5.546875e+000  2.509733e-006
 5.554688e+000  4.112128e-006
 5.562500e+000  4.182960e-006
 5.570313e+000  4.383430e-006
 5.578125e+000  4.146225e-006
 5.585938e+000  4.742954e-006
 5.593750e+000  5.904555e-006
 5.601563e+000  6.295327e-006
 5.609375e+000  7.646716e-006
 5.617188e+000  4.628553e-006
 5.625000e+000  3.714130e-006
 5.632813e+000  4.291533e-006
 5.640625e+000  4.708633e-006
 5.648438e+000  3.848466e-006
 5.656250e+000  6.126707e-006
 5.664063e+000  7.141501e-006
 5.671875e+000  5.302491e-006
 5.679688e+000  4.543456e-006
 5.687500e+000  5.140275e-006
 5.695313e+000  6.269667e-006
 5.703125e+000  5.260430e-006
 5.710938e+000  5.021406e-006
 5.718750e+000  5.657067e-006
 5.726563e+000  6.621426e-006
 5.734375e+000  5.554244e-006
 5.742188e+000  4.681212e-006
 5.750000e+000  5.918478e-006
 5.757813e+000  5.840828e-006
 5.765625e+000  5.015557e-006
 5.773438e+000  5.614689e-006
 5.781250e+000  5.153431e-006
 5.789063e+000  4.068809e-006
 5.796875e+000  4.543374e-006
 5.804688e+000  5.900529e-006
 5.812500e+000  8.281547e-006
 5.820313e+000  9.458858e-006
 5.828125e+000  5.056423e-006
 5.835938e+000  3.490156e-006
 5.843750e+000  5.201781e-006
 5.851563e+000  7.088031e-006
 5.859375e+000  8.342644e-006
 5.867188e+000  5.522294e-006
 5.875000e+000  6.202093e-006
 5.882813e+000  6.264006e-006
 5.890625e+000  6.521386e-006
 5.898438e+000  7.809779e-006
 5.906250e+000  5.039301e-006
 5.914063e+000  4.493543e-006
 5.921875e+000  8.038699e-006
 5.929688e+000  6.176893e-006
 5.937500e+000  3.871716e-006
 5.945313e+000  4.794465e-006
 5.953125e+000  6.824262e-006
 5.960938e+000  6.003402e-006
 5.968750e+000  4.548771e-006
 5.976563e+000  4.790240e-006
 5.984375e+000  5.427957e-006
 5.992188e+000  6.398573e-006
 6.000000e+000  6.208693e-006
 6.007813e+000  4.111355e-006
 6.015625e+000  4.902546e-006
 6.023438e+000  4.921508e-006
 6.031250e+000  5.153058e-006
 6.039063e+000  4.854074e-006
 6.046875e+000  4.729780e-006
 6.054688e+000  5.164366e-006
 6.062500e+000  5.340350e-006
 6.070313e+000  6.414682e-006
 6.078125e+000  7.105013e-006
 6.085938e+000  5.611179e-006
 6.093750e+000  6.285485e-006
 6.101563e+000  3.649029e-006
 6.109375e+000  3.503008e-006
 6.117188e+000  5.946741e-006
 6.125000e+000  5.299191e-006
 6.132813e+000  4.003261e-006
 6.140625e+000  6.216426e-006
 6.148438e+000  7.146502e-006
 6.156250e+000  7.225195e-006
 6.164063e+000  5.067218e-006
 6.171875e+000  4.414077e-006
 6.179688e+000  4.645152e-006
 6.187500e+000  6.131205e-006
 6.195313e+000  4.710579e-006
 6.203125e+000  4.688128e-006
 6.210938e+000  4.452384e-006
 6.218750e+000  4.491924e-006
 6.226563e+000  3.800555e-006
 6.234375e+000  4.672654e-006
 6.242188e+000  4.177388e-006
 6.250000e+000  5.152173e-006
 6.257813e+000  5.647672e-006
 6.265625e+000  8.239672e-006
 6.273438e+000  6.483046e-006
 6.281250e+000  5.590186e-006
 6.289063e+000  6.555338e-006
 6.296875e+000  5.224704e-006
 6.304688e+000  4.574878e-006
 6.312500e+000  4.129491e-006
 6.320313e+000  5.629334e-006
 6.328125e+000  5.891660e-006
 6.335938e+000  3.738365e-006
 6.343750e+000  2.749942e-006
 6.351563e+000  3.933812e-006
 6.359375e+000  4.877221e-006
 6.367188e+000  4.943032e-006
 6.375000e+000  6.186912e-006
 6.382813e+000  5.916871e-006
 6.390625e+000  5.498089e-006
 6.398438e+000  4.539499e-006
 6.406250e+000  3.335324e-006
 6.414063e+000  6.060574e-006
 6.421875e+000  7.427139e-006
 6.429688e+000  6.013913e-006
 6.437500e+000  5.869495e-006
 6.445313e+000  5.445395e-006
 6.453125e+000  6.439723e-006
 6.460938e+000  7.301350e-006
 6.468750e+000  4.594124e-006
 6.476563e+000  6.681290e-006
 6.484375e+000  6.916090e-006
 6.492188e+000  5.638903e-006
 6.500000e+000  4.560508e-006
 6.507813e+000  3.694877e-006
 6.515625e+000  4.999046e-006
 6.523438e+000  6.098762e-006
 6.531250e+000  5.492374e-006
 6.539063e+000  5.981792e-006
 6.546875e+000  4.615349e-006
 6.554688e+000  6.111749e-006
 6.562500e+000  4.688308e-006
 6.570313e+000  3.353287e-006
 6.578125e+000  4.408338e-006
 6.585938e+000  4.617203e-006
 6.593750e+000  5.614532e-006
 6.601563e+000  4.939696e-006
 6.609375e+000  4.159435e-006
 6.617188e+000  5.521080e-006
 6.625000e+000  3.811073e-006
 6.632813e+000  4.888289e-006
 6.640625e+000  4.532731e-006
 6.648438e+000  4.671105e-006
 6.656250e+000  4.542094e-006
 6.664063e+000  5.406642e-006
 6.671875e+000  6.177929e-006
 6.679688e+000  5.910367e-006
 6.687500e+000  5.363933e-006
 6.695313e+000  3.616090e-006
 6.703125e+000  5.537959e-006
 6.710938e+000  7.340134e-006
 6.718750e+000  6.536085e-006
 6.726563e+000  6.725333e-006
 6.734375e+000  5.627548e-006
 6.742188e+000  3.279271e-006
 6.750000e+000  4.688331e-006
 6.757813e+000  6.353497e-006
 6.765625e+000  6.954811e-006
 6.773438e+000  6.794469e-006
 6.781250e+000  6.218492e-006
 6.789063e+000  4.757392e-006
 6.796875e+000  3.698459e-006
 6.804688e+000  3.928517e-006
 6.812500e+000  4.718250e-006
 6.820313e+000  5.556479e-006
 6.828125e+000  8.165004e-006
 6.835938e+000  7.898453e-006
 6.843750e+000  7.709076e-006
 6.851563e+000  6.184681e-006
 6.859375e+000  5.671398e-006
 6.867188e+000  3.905869e-006
 6.875000e+000  6.395020e-006
 6.882813e+000  6.699757e-006
 6.890625e+000  6.611428e-006
 6.898438e+000  7.256876e-006
 6.906250e+000  4.488912e-006
 6.914063e+000  2.709251e-006
 6.921875e+000  5.356759e-006
 6.929688e+000  6.423800e-006
 6.937500e+000  5.690915e-006
 6.945313e+000  6.318387e-006
 6.953125e+000  3.556297e-006
 6.960938e+000  6.947809e-006
 6.968750e+000  1.281197e-005
 6.976563e+000  1.030488e-005
 6.984375e+000  6.822542e-006
 6.992188e+000  9.306631e-006
 7.000000e+000  1.126620e-005
 7.007813e+000  1.322287e-005
 7.015625e+000  7.302565e-006
 7.023438e+000  6.225830e-006
 7.031250e+000  8.051722e-006
 7.039063e+000  5.115482e-006
 7.046875e+000  3.348270e-006
 7.054688e+000  5.098167e-006
 7.062500e+000  4.991373e-006
 7.070313e+000  5.474347e-006
 7.078125e+000  6.321446e-006
 7.085938e+000  4.134743e-006
 7.093750e+000  4.511981e-006
 7.101563e+000  6.772074e-006
 7.109375e+000  5.878140e-006
 7.117188e+000  3.901667e-006
 7.125000e+000  4.153526e-006
 7.132813e+000  3.670450e-006
 7.140625e+000  5.983827e-006
 7.148438e+000  4.916571e-006
 7.156250e+000  4.290673e-006
 7.164063e+000  4.363095e-006
 7.171875e+000  5.745930e-006
 7.179688e+000  6.599356e-006
 7.187500e+000  5.883591e-006
 7.195313e+000  6.952850e-006
 7.203125e+000  5.897442e-006
 7.210938e+000  4.446946e-006
 7.218750e+000  4.814762e-006
 7.226563e+000  4.277217e-006
 7.234375e+000  3.656892e-006
 7.242188e+000  3.865480e-006
 7.250000e+000  5.888274e-006
 7.257813e+000  5.416154e-006
 7.265625e+000  4.478085e-006
 7.273438e+000  3.397269e-006
 7.281250e+000  5.298239e-006
 7.289063e+000  6.549610e-006
 7.296875e+000  3.766214e-006
 7.304688e+000  6.388742e-006
 7.312500e+000  7.347269e-006
 7.320313e+000  4.963580e-006
 7.328125e+000  6.104996e-006
 7.335938e+000  6.216094e-006
 7.343750e+000  5.481787e-006
 7.351563e+000  3.277051e-006
 7.359375e+000  4.035900e-006
 7.367188e+000  2.896256e-006
 7.375000e+000  3.610127e-006
 7.382813e+000  4.644652e-006
 7.390625e+000  4.695605e-006
 7.398438e+000  3.879178e-006
 7.406250e+000  5.364296e-006
 7.414063e+000  5.762361e-006
 7.421875e+000  4.941550e-006
 7.429688e+000  3.937245e-006
 7.437500e+000  4.813869e-006
 7.445313e+000  6.546609e-006
 7.453125e+000  6.371609e-006
 7.460938e+000  4.928731e-006
 7.468750e+000  5.425145e-006
 7.476563e+000  6.341836e-006
 7.484375e+000  6.150778e-006
 7.492188e+000  4.374874e-006
 7.500000e+000  4.721921e-006
 7.507813e+000  3.785397e-006
 7.515625e+000  3.965498e-006
 7.523438e+000  5.581135e-006
 7.531250e+000  5.648742e-006
 7.539063e+000  4.472312e-006
 7.546875e+000  3.701379e-006
 7.554688e+000  4.048168e-006
 7.562500e+000  6.621645e-006
 7.570313e+000  7.006371e-006
 7.578125e+000  4.536437e-006
 7.585938e+000  4.328886e-006
 7.593750e+000  6.635070e-006
 7.601563e+000  5.129591e-006
 7.609375e+000  4.395231e-006
 7.617188e+000  4.240016e-006
 7.625000e+000  5.528555e-006
 7.632813e+000  6.722957e-006
 7.640625e+000  7.030695e-006
 7.648438e+000  6.224032e-006
 7.656250e+000  7.546318e-006
 7.664063e+000  6.692387e-006
 7.671875e+000  4.900700e-006
 7.679688e+000  4.821828e-006
 7.687500e+000  6.455730e-006
 7.695313e+000  4.155455e-006
 7.703125e+000  5.186871e-006
 7.710938e+000  6.918364e-006
 7.718750e+000  4.681757e-006
 7.726563e+000  3.965674e-006
 7.734375e+000  4.059657e-006
 7.742188e+000  4.326096e-006
 7.750000e+000  4.296906e-006
 7.757813e+000  3.396657e-006
 7.765625e+000  4.038722e-006
 7.773438e+000  5.582666e-006
 7.781250e+000  5.779452e-006
 7.789063e+000  3.868510e-006
 7.796875e+000  3.817349e-006
 7.804688e+000  6.211073e-006
 7.812500e+000  6.792561e-006
 7.820313e+000  6.224533e-006
 7.828125e+000  5.448831e-006
 7.835938e+000  5.015208e-006
 7.843750e+000  4.909141e-006
 7.851563e+000  5.179524e-006
 7.859375e+000  4.237092e-006
 7.867188e+000  5.245350e-006
 7.875000e+000  6.004621e-006
 7.882813e+000  5.027644e-006
 7.890625e+000  4.768037e-006
 7.898438e+000  4.628807e-006
 7.906250e+000  6.415942e-006
 7.914063e+000  6.169331e-006
 7.921875e+000  3.775669e-006
 7.929688e+000  3.976231e-006
 7.937500e+000  4.887516e-006
 7.945313e+000  5.187763e-006
 7.953125e+000  6.946571e-006
 7.960938e+000  5.894229e-006
 7.968750e+000  3.338799e-006
 7.976563e+000  5.255570e-006
 7.984375e+000  3.728057e-006
 7.992188e+000  4.904312e-006
 8.000000e+000  4.154739e-006
 8.007813e+000  4.164563e-006
 8.015625e+000  5.096573e-006
 8.023438e+000  4.445449e-006
 8.031250e+000  4.453158e-006
 8.039063e+000  4.203466e-006
 8.046875e+000  6.780354e-006
 8.054688e+000  6.318135e-006
 8.062500e+000  4.755692e-006
 8.070313e+000  4.567613e-006
 8.078125e+000  5.184843e-006
 8.085938e+000  5.384137e-006
 8.093750e+000  3.318169e-006
 8.101563e+000  2.744589e-006
 8.109375e+000  5.406554e-006
 8.117188e+000  4.607692e-006
 8.125000e+000  5.355450e-006
 8.132813e+000  4.900688e-006
 8.140625e+000  4.406488e-006
 8.148438e+000  5.030805e-006
 8.156250e+000  6.410319e-006
 8.164063e+000  6.271224e-006
 8.171875e+000  5.129707e-006
 8.179688e+000  4.503919e-006
 8.187500e+000  4.915255e-006
 8.195313e+000  5.276046e-006
 8.203125e+000  5.918773e-006
 8.210938e+000  5.374960e-006
 8.218750e+000  6.062795e-006
 8.226563e+000  6.105133e-006
 8.234375e+000  6.966568e-006
 8.242188e+000  6.165601e-006
 8.250000e+000  6.297595e-006
 8.257813e+000  3.371657e-006
 8.265625e+000  3.630873e-006
 8.273438e+000  4.304390e-006
 8.281250e+000  6.714503e-006
 8.289063e+000  4.653068e-006
 8.296875e+000  4.131742e-006
 8.304688e+000  5.543254e-006
 8.312500e+000  7.018122e-006
 8.320313e+000  6.860916e-006
 8.328125e+000  5.023933e-006
 8.335938e+000  4.798984e-006
 8.343750e+000  7.269740e-006
 8.351563e+000  6.187968e-006
 8.359375e+000  5.672269e-006
 8.367188e+000  6.936710e-006
 8.375000e+000  6.008499e-006
 8.382813e+000  4.883570e-006
 8.390625e+000  5.020145e-006
 8.398438e+000  4.423714e-006
 8.406250e+000  3.936804e-006
 8.414063e+000  3.905753e-006
 8.421875e+000  3.742680e-006
 8.429688e+000  6.288545e-006
 8.437500e+000  5.972085e-006
 8.445313e+000  4.711375e-006
 8.453125e+000  3.326965e-006
 8.460938e+000  3.394545e-006
 8.468750e+000  4.553284e-006
 8.476563e+000  6.002292e-006
 8.484375e+000  4.519026e-006
 8.492188e+000  3.717378e-006
 8.500000e+000  5.061807e-006
 8.507813e+000  6.929795e-006
 8.515625e+000  7.167817e-006
 8.523438e+000  5.573255e-006
 8.531250e+000  4.254133e-006
 8.539063e+000  5.800149e-006
 8.546875e+000  6.937160e-006
 8.554688e+000  6.561708e-006
 8.562500e+000  6.287633e-006
 8.570313e+000  5.997908e-006
 8.578125e+000  5.192439e-006
 8.585938e+000  6.278043e-006
 8.593750e+000  4.873851e-006
 8.601563e+000  5.336626e-006
 8.609375e+000  5.225547e-006
 8.617188e+000  4.357318e-006
 8.625000e+000  4.570979e-006
 8.632813e+000  6.158576e-006
 8.640625e+000  6.485768e-006
 8.648438e+000  6.545307e-006
 8.656250e+000  6.304848e-006
 8.664063e+000  4.227953e-006
 8.671875e+000  5.141529e-006
 8.679688e+000  5.462504e-006
 8.687500e+000  4.054373e-006
 8.695313e+000  4.425206e-006
 8.703125e+000  4.199365e-006
 8.710938e+000  5.433008e-006
 8.718750e+000  5.681962e-006
 8.726563e+000  5.329702e-006
 8.734375e+000  5.459664e-006
 8.742188e+000  4.511061e-006
 8.750000e+000  4.323320e-006
 8.757813e+000  5.264299e-006
 8.765625e+000  5.731152e-006
 8.773438e+000  4.704641e-006
 8.781250e+000  5.549535e-006
 8.789063e+000  5.932245e-006
 8.796875e+000  5.043883e-006
 8.804688e+000  3.785763e-006
 8.812500e+000  5.417478e-006
 8.820313e+000  5.504580e-006
 8.828125e+000  5.917444e-006
 8.835938e+000  6.070138e-006
 8.843750e+000  4.102110e-006
 8.851563e+000  5.093499e-006
 8.859375e+000  3.987577e-006
 8.867188e+000  4.348147e-006
 8.875000e+000  5.394383e-006
 8.882813e+000  3.516944e-006
 8.890625e+000  5.238250e-006
 8.898438e+000  5.542705e-006
 8.906250e+000  5.223865e-006
 8.914063e+000  4.575557e-006
 8.921875e+000  6.523317e-006
 8.929688e+000  7.234813e-006
 8.937500e+000  5.288388e-006
 8.945313e+000  5.028139e-006
 8.953125e+000  4.907337e-006
 8.960938e+000  6.434885e-006
 8.968750e+000  7.696032e-006
 8.976563e+000  6.238129e-006
 8.984375e+000  4.185603e-006
 8.992188e+000  5.714657e-006
 9.000000e+000  7.125385e-006
 9.007813e+000  5.979987e-006
 9.015625e+000  6.206428e-006
 9.023438e+000  5.371755e-006
 9.031250e+000  5.284946e-006
 9.039063e+000  5.639913e-006
 9.046875e+000  7.202475e-006
 9.054688e+000  6.525244e-006
 9.062500e+000  4.618034e-006
 9.070313e+000  4.912176e-006
 9.078125e+000  5.688822e-006
 9.085938e+000  5.895459e-006
 9.093750e+000  4.675150e-006
 9.101563e+000  4.765275e-006
 9.109375e+000  4.754697e-006
 9.117188e+000  3.404623e-006
 9.125000e+000  3.192438e-006
 9.132813e+000  3.913560e-006
 9.140625e+000  5.125164e-006
 9.148438e+000  6.278200e-006
 9.156250e+000  6.813159e-006
 9.164063e+000  6.019132e-006
 9.171875e+000  5.836477e-006
 9.179688e+000  4.866070e-006
 9.187500e+000  3.852552e-006
 9.195313e+000  5.041673e-006
 9.203125e+000  6.385286e-006
 9.210938e+000  6.673521e-006
 9.218750e+000  8.075547e-006
 9.226563e+000  6.584401e-006
 9.234375e+000  5.384067e-006
 9.242188e+000  4.912632e-006
 9.250000e+000  5.173051e-006
 9.257813e+000  5.042696e-006
 9.265625e+000  5.301822e-006
 9.273438e+000  3.426408e-006
 9.281250e+000  4.708314e-006
 9.289063e+000  3.598058e-006
 9.296875e+000  3.745906e-006
 9.304688e+000  5.681903e-006
 9.312500e+000  6.080635e-006
 9.320313e+000  5.056036e-006
 9.328125e+000  6.206670e-006
 9.335938e+000  5.313180e-006
 9.343750e+000  3.353837e-006
 9.351563e+000  4.041913e-006
 9.359375e+000  4.787018e-006
 9.367188e+000  4.334971e-006
 9.375000e+000  5.332443e-006
 9.382813e+000  6.327541e-006
 9.390625e+000  6.988126e-006
 9.398438e+000  5.451453e-006
 9.406250e+000  5.706902e-006
 9.414063e+000  4.108328e-006
 9.421875e+000  5.020853e-006
 9.429688e+000  6.875348e-006
 9.437500e+000  4.569114e-006
 9.445313e+000  5.407883e-006
 9.453125e+000  5.508686e-006
 9.460938e+000  5.211880e-006
 9.468750e+000  3.968060e-006
 9.476563e+000  4.384772e-006
 9.484375e+000  9.612850e-006
 9.492188e+000  8.719763e-006
 9.500000e+000  5.635879e-006
 9.507813e+000  4.462638e-006
 9.515625e+000  4.924044e-006
 9.523438e+000  7.902257e-006
 9.531250e+000  6.398822e-006
 9.539063e+000  3.814518e-006
 9.546875e+000  3.969161e-006
 9.554688e+000  3.379197e-006
 9.562500e+000  3.910418e-006
 9.570313e+000  6.332497e-006
 9.578125e+000  5.642769e-006
 9.585938e+000  3.897181e-006
 9.593750e+000  3.973047e-006
 9.601563e+000  4.935703e-006
 9.609375e+000  6.588031e-006
 9.617188e+000  7.017101e-006
 9.625000e+000  5.425258e-006
 9.632813e+000  6.193669e-006
 9.640625e+000  4.412774e-006
 9.648438e+000  3.362715e-006
 9.656250e+000  5.100729e-006
 9.664063e+000  5.383809e-006
 9.671875e+000  6.109136e-006
 9.679688e+000  5.222005e-006
 9.687500e+000  7.748461e-006
 9.695313e+000  6.417672e-006
 9.703125e+000  5.673912e-006
 9.710938e+000  4.498534e-006
 9.718750e+000  3.847768e-006
 9.726563e+000  2.361184e-006
 9.734375e+000  5.130906e-006
 9.742188e+000  6.615887e-006
 9.750000e+000  5.104169e-006
 9.757813e+000  3.156749e-006
 9.765625e+000  3.660604e-006
 9.773438e+000  5.660830e-006
 9.781250e+000  4.308430e-006
 9.789063e+000  4.705761e-006
 9.796875e+000  5.203462e-006
 9.804688e+000  4.802423e-006
 9.812500e+000  5.615805e-006
 9.820313e+000  6.000241e-006
 9.828125e+000  3.249017e-006
 9.835938e+000  4.064323e-006
 9.843750e+000  6.617636e-006
 9.851563e+000  7.876183e-006
 9.859375e+000  5.399442e-006
 9.867188e+000  3.910758e-006
 9.875000e+000  4.649041e-006
 9.882813e+000  2.577509e-006
 9.890625e+000  5.185683e-006
 9.898438e+000  5.622611e-006
 9.906250e+000  3.516686e-006
 9.914063e+000  4.579643e-006
 9.921875e+000  6.647026e-006
 9.929688e+000  5.061235e-006
 9.937500e+000  3.382588e-006
 9.945313e+000  2.698836e-006
 9.953125e+000  4.305940e-006
 9.960938e+000  5.878123e-006
 9.968750e+000  5.689224e-006
 9.976563e+000  4.949702e-006
 9.984375e+000  3.796800e-006
 9.992188e+000  3.690336e-006
 1.000000e+001  6.289715e-006
 1.000781e+001  6.644080e-006
 1.001563e+001  6.343326e-006
 1.002344e+001  5.680918e-006
 1.003125e+001  6.131037e-006
 1.003906e+001  4.111578e-006
 1.004688e+001  4.683013e-006
 1.005469e+001  5.293897e-006
 1.006250e+001  4.428622e-006
 1.007031e+001  5.010643e-006
 1.007813e+001  4.700024e-006
 1.008594e+001  5.463051e-006
 1.009375e+001  5.405255e-006
 1.010156e+001  5.233811e-006
 1.010938e+001  5.086336e-006
 1.011719e+001  3.929072e-006
 1.012500e+001  2.749516e-006
 1.013281e+001  4.122083e-006
 1.014063e+001  6.161845e-006
 1.014844e+001  6.303030e-006
 1.015625e+001  4.391485e-006
 1.016406e+001  3.189588e-006
 1.017188e+001  3.862711e-006
 1.017969e+001  4.153760e-006
 1.018750e+001  4.630454e-006
 1.019531e+001  6.084174e-006
 1.020313e+001  4.660256e-006
 1.021094e+001  4.487087e-006
 1.021875e+001  5.688718e-006
 1.022656e+001  5.194087e-006
 1.023438e+001  4.004162e-006
 1.024219e+001  4.907779e-006
 1.025000e+001  7.283536e-006
 1.025781e+001  6.206554e-006
 1.026563e+001  5.607221e-006
 1.027344e+001  3.414558e-006
 1.028125e+001  4.051358e-006
 1.028906e+001  3.938745e-006
 1.029688e+001  4.105471e-006
 1.030469e+001  5.052121e-006
 1.031250e+001  6.464516e-006
 1.032031e+001  5.368579e-006
 1.032813e+001  3.782794e-006
 1.033594e+001  4.292626e-006
 1.034375e+001  4.060073e-006
 1.035156e+001  3.930503e-006
 1.035938e+001  4.706339e-006
 1.036719e+001  6.334538e-006
 1.037500e+001  5.510896e-006
 1.038281e+001  4.544975e-006
 1.039063e+001  4.769781e-006
 1.039844e+001  4.274082e-006
 1.040625e+001  5.243030e-006
 1.041406e+001  6.196789e-006
 1.042188e+001  5.955122e-006
 1.042969e+001  3.936859e-006
 1.043750e+001  5.636124e-006
 1.044531e+001  6.313963e-006
 1.045313e+001  5.846760e-006
 1.046094e+001  4.711155e-006
 1.046875e+001  4.236292e-006
 1.047656e+001  4.670385e-006
 1.048438e+001  5.289425e-006
 1.049219e+001  2.951721e-006
 1.050000e+001  4.217134e-006
 1.050781e+001  6.189810e-006
 1.051563e+001  4.990163e-006
 1.052344e+001  5.441139e-006
 1.053125e+001  4.064489e-006
 1.053906e+001  5.080446e-006
 1.054688e+001  6.760972e-006
 1.055469e+001  4.297634e-006
 1.056250e+001  3.394693e-006
 1.057031e+001  4.525171e-006
 1.057813e+001  4.144305e-006
 1.058594e+001  4.433262e-006
 1.059375e+001  3.835411e-006
 1.060156e+001  4.859742e-006
 1.060938e+001  6.628782e-006
 1.061719e+001  7.198214e-006
 1.062500e+001  6.197864e-006
 1.063281e+001  4.011772e-006
 1.064063e+001  4.731779e-006
 1.064844e+001  3.829460e-006
 1.065625e+001  3.850223e-006
 1.066406e+001  6.815717e-006
 1.067188e+001  6.810600e-006
 1.067969e+001  5.859826e-006
 1.068750e+001  4.559562e-006
 1.069531e+001  3.135178e-006
 1.070313e+001  5.938272e-006
 1.071094e+001  6.487098e-006
 1.071875e+001  5.845680e-006
 1.072656e+001  3.826983e-006
 1.073438e+001  5.794029e-006
 1.074219e+001  4.366352e-006
 1.075000e+001  3.450301e-006
 1.075781e+001  5.255490e-006
 1.076563e+001  6.276292e-006
 1.077344e+001  4.127441e-006
 1.078125e+001  5.815892e-006
 1.078906e+001  7.807900e-006
 1.079688e+001  5.316797e-006
 1.080469e+001  4.599534e-006
 1.081250e+001  5.150952e-006
 1.082031e+001  4.507937e-006
 1.082813e+001  5.152225e-006
 1.083594e+001  5.576068e-006
 1.084375e+001  3.910863e-006
 1.085156e+001  3.382670e-006
 1.085938e+001  3.841834e-006
 1.086719e+001  4.995370e-006
 1.087500e+001  6.058529e-006
 1.088281e+001  5.434994e-006
 1.089063e+001  4.697992e-006
 1.089844e+001  3.448753e-006
 1.090625e+001  2.352319e-006
 1.091406e+001  5.493972e-006
 1.092188e+001  5.913402e-006
 1.092969e+001  3.857028e-006
 1.093750e+001  4.530861e-006
 1.094531e+001  4.213573e-006
 1.095313e+001  5.159520e-006
 1.096094e+001  3.909966e-006
 1.096875e+001  4.099809e-006
 1.097656e+001  5.381426e-006
 1.098438e+001  4.110991e-006
 1.099219e+001  4.784806e-006
 1.100000e+001  5.187724e-006
 1.100781e+001  8.233120e-006
 1.101563e+001  8.036897e-006
 1.102344e+001  4.395300e-006
 1.103125e+001  4.706671e-006
 1.103906e+001  6.233872e-006
 1.104688e+001  5.280414e-006
 1.105469e+001  2.854447e-006
 1.106250e+001  4.043531e-006
 1.107031e+001  4.273058e-006
 1.107813e+001  3.731977e-006
 1.108594e+001  4.248419e-006
 1.109375e+001  5.001122e-006
 1.110156e+001  3.494374e-006
 1.110938e+001  4.228130e-006
 1.111719e+001  5.422310e-006
 1.112500e+001  6.278821e-006
 1.113281e+001  6.080795e-006
 1.114063e+001  5.068517e-006
 1.114844e+001  4.732053e-006
 1.115625e+001  6.688149e-006
 1.116406e+001  6.505536e-006
 1.117188e+001  5.134858e-006
 1.117969e+001  4.285003e-006
 1.118750e+001  5.654109e-006
 1.119531e+001  6.856066e-006
 1.120313e+001  3.466482e-006
 1.121094e+001  4.861786e-006
 1.121875e+001  7.369560e-006
 1.122656e+001  7.031427e-006
 1.123438e+001  4.337551e-006
 1.124219e+001  2.832922e-006
 1.125000e+001  4.878049e-006
 1.125781e+001  4.608111e-006
 1.126563e+001  2.328446e-006
 1.127344e+001  3.356158e-006
 1.128125e+001  3.718112e-006
 1.128906e+001  5.343814e-006
 1.129688e+001  5.621951e-006
 1.130469e+001  5.307558e-006
 1.131250e+001  5.803940e-006
 1.132031e+001  6.307372e-006
 1.132813e+001  6.403347e-006
 1.133594e+001  5.220675e-006
 1.134375e+001  6.725280e-006
 1.135156e+001  6.346668e-006
 1.135938e+001  4.023663e-006
 1.136719e+001  2.817354e-006
 1.137500e+001  2.674577e-006
 1.138281e+001  3.470653e-006
 1.139063e+001  4.640555e-006
 1.139844e+001  3.436094e-006
 1.140625e+001  4.214847e-006
 1.141406e+001  5.443065e-006
 1.142188e+001  4.911700e-006
 1.142969e+001  4.392763e-006
 1.143750e+001  5.581205e-006
 1.144531e+001  6.290376e-006
 1.145313e+001  7.412790e-006
 1.146094e+001  7.925073e-006
 1.146875e+001  7.110140e-006
 1.147656e+001  5.665675e-006
 1.148438e+001  5.198869e-006
 1.149219e+001  5.534155e-006
 1.150000e+001  5.793637e-006
 1.150781e+001  5.376069e-006
 1.151563e+001  5.532635e-006
 1.152344e+001  4.938634e-006
 1.153125e+001  5.528428e-006
 1.153906e+001  3.950718e-006
 1.154688e+001  5.293017e-006
 1.155469e+001  8.167556e-006
 1.156250e+001  7.412995e-006
 1.157031e+001  4.880928e-006
 1.157813e+001  4.921585e-006
 1.158594e+001  4.888943e-006
 1.159375e+001  4.226822e-006
 1.160156e+001  4.652706e-006
 1.160938e+001  5.318460e-006
 1.161719e+001  5.038723e-006
 1.162500e+001  3.615065e-006
 1.163281e+001  4.969143e-006
 1.164063e+001  4.634658e-006
 1.164844e+001  5.471097e-006
 1.165625e+001  6.440387e-006
 1.166406e+001  5.320423e-006
 1.167188e+001  3.732086e-006
 1.167969e+001  3.661528e-006
 1.168750e+001  5.143581e-006
 1.169531e+001  4.932823e-006
 1.170313e+001  6.703107e-006
 1.171094e+001  4.668420e-006
 1.171875e+001  2.922119e-006
 1.172656e+001  2.120478e-006
 1.173438e+001  2.713615e-006
 1.174219e+001  4.120349e-006
 1.175000e+001  4.304476e-006
 1.175781e+001  3.923445e-006
 1.176563e+001  5.298225e-006
 1.177344e+001  6.013383e-006
 1.178125e+001  4.483319e-006
 1.178906e+001  5.818357e-006
 1.179688e+001  6.198043e-006
 1.180469e+001  6.584228e-006
 1.181250e+001  5.761243e-006
 1.182031e+001  5.790551e-006
 1.182813e+001  4.935449e-006
 1.183594e+001  4.376129e-006
 1.184375e+001  4.424616e-006
 1.185156e+001  3.891397e-006
 1.185938e+001  4.795327e-006
 1.186719e+001  4.171118e-006
 1.187500e+001  4.536352e-006
 1.188281e+001  6.153346e-006
 1.189063e+001  6.281902e-006
 1.189844e+001  5.876998e-006
 1.190625e+001  6.023611e-006
 1.191406e+001  5.186011e-006
 1.192188e+001  4.872669e-006
 1.192969e+001  3.613004e-006
 1.193750e+001  3.723384e-006
 1.194531e+001  5.050495e-006
 1.195313e+001  5.452551e-006
 1.196094e+001  5.302974e-006
 1.196875e+001  3.541589e-006
 1.197656e+001  3.860686e-006
 1.198438e+001  4.517149e-006
 1.199219e+001  3.451411e-006
 1.200000e+001  5.131284e-006
 1.200781e+001  4.843250e-006
 1.201563e+001  5.338960e-006
 1.202344e+001  3.801379e-006
 1.203125e+001  3.431342e-006
 1.203906e+001  4.053445e-006
 1.204688e+001  3.749223e-006
 1.205469e+001  4.016369e-006
 1.206250e+001  6.589584e-006
 1.207031e+001  6.496210e-006
 1.207813e+001  5.025479e-006
 1.208594e+001  5.320212e-006
 1.209375e+001  4.961612e-006
 1.210156e+001  4.909665e-006
 1.210938e+001  5.114299e-006
 1.211719e+001  4.042882e-006
 1.212500e+001  2.198422e-006
 1.213281e+001  4.601357e-006
 1.214063e+001  3.611733e-006
 1.214844e+001  2.077265e-006
 1.215625e+001  4.729935e-006
 1.216406e+001  4.323024e-006
 1.217188e+001  5.076702e-006
 1.217969e+001  4.737889e-006
 1.218750e+001  3.893808e-006
 1.219531e+001  5.272927e-006
 1.220313e+001  6.371281e-006
 1.221094e+001  4.457028e-006
 1.221875e+001  2.516117e-006
 1.222656e+001  3.460972e-006
 1.223438e+001  3.767040e-006
 1.224219e+001  2.760301e-006
 1.225000e+001  3.792045e-006
 1.225781e+001  3.595297e-006
 1.226563e+001  4.083105e-006
 1.227344e+001  4.157100e-006
 1.228125e+001  4.480255e-006
 1.228906e+001  3.580577e-006
 1.229688e+001  4.937235e-006
 1.230469e+001  5.342149e-006
 1.231250e+001  6.066888e-006
 1.232031e+001  6.467437e-006
 1.232813e+001  5.526685e-006
 1.233594e+001  3.944206e-006
 1.234375e+001  3.969429e-006
 1.235156e+001  4.580120e-006
 1.235938e+001  4.974103e-006
 1.236719e+001  5.965704e-006
 1.237500e+001  3.266259e-006
 1.238281e+001  3.345343e-006
 1.239063e+001  4.127683e-006
 1.239844e+001  4.384991e-006
 1.240625e+001  3.996895e-006
 1.241406e+001  4.566195e-006
 1.242188e+001  5.235357e-006
 1.242969e+001  4.671651e-006
 1.243750e+001  3.286069e-006
 1.244531e+001  4.280557e-006
 1.245313e+001  5.878759e-006
 1.246094e+001  5.937771e-006
 1.246875e+001  7.742074e-006
 1.247656e+001  7.629382e-006
 1.248438e+001  7.195090e-006
 1.249219e+001  5.918843e-006
 1.250000e+001  4.456561e-006
