# Filename:      /kagra/Dropbox/Personal/Miyo/LOG/190903/190903.0
# Plot type:     Transfer function
# Output Format: XY  Zero time  Save separate  
# Channels:      A           B         Conversion
# Column 1   current_in    current_out  Magnitude
# Data:
0.001        5.4794827   
0.0010115794 5.4180355   
0.001023293  5.3573031   
0.0010351422 5.2972808   
0.0010471286 5.2379622   
0.0010592537 5.1793385   
0.0010715193 5.1213989   
0.0010839269 5.0641375   
0.0010964782 5.0075483   
0.0011091748 4.951622    
0.0011220184 4.8963518   
0.0011350109 4.8417306   
0.0011481537 4.7877512   
0.0011614487 4.7344065   
0.0011748975 4.6816897   
0.0011885022 4.6295924   
0.0012022645 4.5781088   
0.001216186  4.5272307   
0.0012302687 4.4769549   
0.0012445146 4.4272704   
0.0012589254 4.3781738   
0.0012735031 4.3296566   
0.0012882495 4.281714    
0.0013031667 4.2343378   
0.0013182567 4.1875229   
0.0013335214 4.1412644   
0.0013489629 4.0955534   
0.0013645831 4.0503855   
0.0013803843 4.005754    
0.0013963684 3.9616532   
0.0014125375 3.9180775   
0.001428894  3.8750212   
0.0014454398 3.8324788   
0.0014621771 3.7904441   
0.0014791084 3.7489121   
0.0014962356 3.7078764   
0.0015135612 3.6673326   
0.0015310874 3.6272748   
0.0015488166 3.5876982   
0.001566751  3.5485961   
0.0015848932 3.5099647   
0.0016032454 3.4717994   
0.0016218101 3.4340925   
0.0016405898 3.3968415   
0.0016595869 3.3600411   
0.0016788041 3.3236854   
0.0016982437 3.2877703   
0.0017179084 3.2522919   
0.0017378008 3.2172439   
0.0017579236 3.1826227   
0.0017782794 3.1484227   
0.001798871  3.1146405   
0.0018197008 3.0812714   
0.001840772  3.04831     
0.0018620872 3.0157523   
0.001883649  2.9835958   
0.0019054607 2.9518337   
0.0019275249 2.9204633   
0.0019498446 2.8894799   
0.0019724227 2.8588796   
0.0019952622 2.8286588   
0.0020183665 2.7988119   
0.002041738  2.7693367   
0.0020653801 2.7402282   
0.0020892962 2.7114825   
0.002113489  2.6830969   
0.002137962  2.6550674   
0.0021627184 2.6273899   
0.0021877617 2.6000602   
0.0022130946 2.5730758   
0.0022387211 2.5464311   
0.0022646443 2.5201252   
0.0022908677 2.494153    
0.0023173946 2.4685116   
0.0023442288 2.4431977   
0.0023713738 2.4182079   
0.0023988329 2.3935382   
0.0024266101 2.3691859   
0.002454709  2.3451478   
0.002483133  2.3214207   
0.0025118864 2.2980018   
0.0025409728 2.2748871   
0.0025703958 2.2520742   
0.0026001595 2.2295599   
0.002630268  2.2073412   
0.002660725  2.1854157   
0.0026915348 2.16378     
0.0027227013 2.1424305   
0.0027542287 2.1213655   
0.0027861211 2.1005821   
0.002818383  2.0800772   
0.0028510182 2.0598478   
0.0028840315 2.039892    
0.0029174271 2.0202067   
0.0029512092 2.0007899   
0.0029853827 1.9816376   
0.0030199517 1.9627484   
0.003054921  1.9441198   
0.0030902955 1.9257492   
0.0031260794 1.9076341   
0.0031622776 1.8897718   
0.0031988951 1.8721604   
0.0032359366 1.8547978   
0.003273407  1.8376811   
0.0033113111 1.8208082   
0.0033496544 1.8041769   
0.0033884416 1.7877849   
0.0034276778 1.7716308   
0.0034673684 1.7557112   
0.0035075187 1.7400253   
0.0035481339 1.7245699   
0.0035892194 1.7093439   
0.0036307806 1.6943444   
0.0036728231 1.67957     
0.0037153524 1.665019    
0.0037583741 1.6506889   
0.0038018939 1.636578    
0.0038459178 1.6226851   
0.0038904515 1.6090065   
0.003935501  1.5955427   
0.0039810715 1.5822908   
0.0040271701 1.5692489   
0.0040738028 1.5564158   
0.0041209753 1.5437897   
0.0041686939 1.5313681   
0.0042169648 1.5191509   
0.004265795  1.5071354   
0.0043151909 1.4953201   
0.0043651583 1.483704    
0.0044157044 1.4722853   
0.0044668359 1.4610627   
0.0045185597 1.4500339   
0.0045708818 1.4391987   
0.0046238103 1.4285549   
0.0046773516 1.4181014   
0.0047315126 1.4078367   
0.0047863009 1.3977594   
0.0048417235 1.3878688   
0.0048977882 1.3781624   
0.004954502  1.3686399   
0.0050118724 1.3593001   
0.0050699073 1.3501418   
0.0051286137 1.3411633   
0.0051880004 1.3323638   
0.0052480744 1.323742    
0.0053088446 1.3152969   
0.005370318  1.3070277   
0.0054325033 1.2989331   
0.0054954085 1.2910119   
0.0055590426 1.2832633   
0.0056234132 1.2756864   
0.0056885295 1.2682801   
0.0057543996 1.2610435   
0.005821032  1.2539757   
0.0058884365 1.2470759   
0.0059566214 1.2403432   
0.0060255961 1.2337766   
0.0060953689 1.2273759   
0.0061659501 1.2211394   
0.0062373485 1.2150669   
0.0063095735 1.2091578   
0.0063826349 1.2034112   
0.0064565423 1.1978263   
0.0065313056 1.1924026   
0.0066069346 1.187139    
0.006683439  1.182036    
0.0067608296 1.1770921   
0.0068391166 1.1723065   
0.0069183097 1.1676795   
0.0069984198 1.1632102   
0.0070794579 1.158898    
0.0071614343 1.1547426   
0.0072443597 1.1507437   
0.0073282453 1.1469003   
0.0074131023 1.143213    
0.0074989423 1.1396805   
0.0075857756 1.1363026   
0.0076736151 1.1330798   
0.0077624712 1.1300107   
0.0078523559 1.1270956   
0.0079432819 1.1243343   
0.0080352612 1.1217268   
0.008128305  1.119272    
0.0082224263 1.1169708   
0.0083176373 1.1148226   
0.0084139518 1.1128272   
0.0085113803 1.1109848   
0.0086099375 1.1092948   
0.0087096356 1.1077578   
0.0088104885 1.1063737   
0.0089125093 1.1051422   
0.009015711  1.1040639   
0.0091201086 1.103138    
0.009225714  1.1023651   
0.0093325432 1.1017461   
0.0094406083 1.1012799   
0.009549926  1.1009675   
0.0096605085 1.1008091   
0.0097723724 1.1008043   
0.0098855309 1.1009545   
0.0099999998 1.1012589   
0.010115795  1.1017184   
0.01023293   1.1023335   
0.010351421  1.1031047   
0.010471285  1.1040318   
0.010592537  1.1051158   
0.010715193  1.1063572   
0.010839269  1.1077566   
0.010964782  1.1093147   
0.011091748  1.1110315   
0.011220184  1.1129086   
0.011350108  1.1149458   
0.011481537  1.1171441   
0.011614487  1.119505    
0.011748975  1.1220287   
0.011885022  1.1247158   
0.012022644  1.1275678   
0.01216186   1.1305853   
0.012302687  1.1337695   
0.012445146  1.1371214   
0.012589254  1.1406418   
0.012735031  1.1443323   
0.012882495  1.1481937   
0.013031668  1.1522273   
0.013182567  1.1564345   
0.013335214  1.1608168   
0.013489629  1.1653755   
0.013645831  1.1701114   
0.013803842  1.1750268   
0.013963684  1.1801229   
0.014125375  1.1854014   
0.01428894   1.190864    
0.014454397  1.1965122   
0.014621772  1.2023486   
0.014791084  1.2083737   
0.014962357  1.2145904   
0.015135612  1.2210006   
0.015310874  1.2276063   
0.015488166  1.2344098   
0.015667511  1.2414128   
0.015848933  1.2486181   
0.016032454  1.2560281   
0.016218102  1.2636449   
0.016405897  1.2714714   
0.016595868  1.2795104   
0.016788039  1.2877641   
0.016982436  1.2962354   
0.017179083  1.3049279   
0.017378008  1.3138441   
0.017579237  1.3229872   
0.017782794  1.3323607   
0.01798871   1.3419676   
0.018197009  1.3518119   
0.018407719  1.3618972   
0.018620871  1.3722265   
0.018836491  1.3828045   
0.019054607  1.3936349   
0.01927525   1.4047221   
0.019498445  1.4160696   
0.019724227  1.4276832   
0.019952623  1.4395669   
0.020183664  1.4517252   
0.020417379  1.4641634   
0.020653801  1.4768867   
0.020892961  1.4899004   
0.021134891  1.5032102   
0.021379622  1.5168217   
0.021627186  1.5307407   
0.021877617  1.5449742   
0.022130948  1.5595279   
0.022387212  1.5744088   
0.022646444  1.5896235   
0.022908676  1.6051798   
0.023173947  1.6210849   
0.023442289  1.6373465   
0.023713738  1.6539733   
0.023988329  1.6709731   
0.024266101  1.6883551   
0.024547089  1.7061282   
0.02483133   1.7243024   
0.025118865  1.7428867   
0.025409726  1.7618922   
0.025703957  1.7813301   
0.026001595  1.8012104   
0.02630268   1.8215458   
0.026607251  1.8423485   
0.026915347  1.8636308   
0.027227012  1.885406    
0.027542287  1.9076891   
0.027861211  1.930493    
0.028183829  1.9538341   
0.028510183  1.9777282   
0.028840315  2.0021918   
0.02917427   2.0272427   
0.029512092  2.0528982   
0.029853826  2.0791793   
0.030199517  2.1061041   
0.030549211  2.1336954   
0.030902954  2.1619742   
0.031260792  2.1909645   
0.031622775  2.2206907   
0.031988952  2.2511787   
0.032359365  2.2824547   
0.03273407   2.3145485   
0.033113111  2.3474894   
0.033496544  2.381309    
0.033884417  2.4160416   
0.03427678   2.4517224   
0.034673683  2.4883881   
0.035075188  2.5260785   
0.035481337  2.564836    
0.035892192  2.6047039   
0.036307804  2.6457307   
0.036728229  2.6879644   
0.037153523  2.7314596   
0.037583742  2.7762718   
0.038018938  2.8224609   
0.038459178  2.8700902   
0.038904514  2.9192283   
0.039355006  2.9699473   
0.039810717  3.0223248   
0.040271703  3.0764437   
0.040738028  3.1323926   
0.041209754  3.1902664   
0.041686937  3.2501664   
0.042169649  3.3122027   
0.042657953  3.3764935   
0.043151908  3.4431641   
0.043651585  3.5123534   
0.044157043  3.5842063   
0.044668358  3.6588845   
0.045185596  3.7365615   
0.04570882   3.8174229   
0.046238102  3.9016752   
0.046773516  3.9895394   
0.047315124  4.0812564   
0.04786301   4.177093    
0.048417237  4.2773376   
0.048977882  4.382309    
0.04954502   4.4923558   
0.050118722  4.607861    
0.05069907   4.7292519   
0.051286139  4.8569989   
0.051880006  4.991622    
0.052480746  5.1336989   
0.053088445  5.2838802   
0.053703181  5.4428868   
0.054325033  5.6115308   
0.054954089  5.7907257   
0.055590425  5.9814992   
0.056234132  6.1850219   
0.056885295  6.4026189   
0.057543993  6.6358018   
0.058210321  6.8863072   
0.058884367  7.156126    
0.059566215  7.4475594   
0.06025596   7.7632771   
0.060953688  8.1063814   
0.0616595    8.4805164   
0.062373482  8.8899488   
0.063095734  9.3397264   
0.063826345  9.8358192   
0.06456542   10.385344   
0.065313056  10.996777   
0.066069342  11.680231   
0.06683439   12.447797   
0.067608297  13.313787   
0.068391167  14.294982   
0.069183096  15.410533   
0.069984198  16.681236   
0.070794575  18.127335   
0.07161434   19.763395   
0.072443597  21.587788   
0.07328245   23.563492   
0.074131027  25.58843    
0.074989423  27.46295    
0.075857759  28.886003   
0.076736152  29.530529   
0.077624708  29.203491   
0.078523561  27.972376   
0.079432823  26.122404   
0.080352612  23.99147    
0.081283055  21.840246   
0.082224265  19.819271   
0.083176374  17.993286   
0.084139511  16.376137   
0.085113801  14.956653   
0.086099379  13.713743   
0.087096356  12.624135   
0.088104889  11.665758   
0.089125097  10.819118   
0.090157114  10.067505   
0.091201082  9.3968439   
0.092257142  8.7953558   
0.093325429  8.2532272   
0.094406091  7.7622476   
0.095499262  7.3155556   
0.096605085  6.9073806   
0.097723722  6.5328503   
0.098855309  6.1878386   
0.1          5.868825    
0.10115795   5.5728006   
0.1023293    5.297173    
0.10351422   5.0397019   
0.10471285   4.7984462   
0.10592537   4.571702    
0.10715193   4.3579869   
0.10839269   4.1559882   
0.10964782   3.9645476   
0.11091748   3.7826345   
0.11220185   3.6093314   
0.11350108   3.443814    
0.11481536   3.285342    
0.11614486   3.133245    
0.11748976   2.9869106   
0.11885022   2.8457849   
0.12022644   2.7093563   
0.1216186    2.5771527   
0.12302688   2.4487367   
0.12445146   2.3236995   
0.12589253   2.201658    
0.12735032   2.0822475   
0.12882495   1.9651271   
0.13031667   1.8499631   
0.13182567   1.7364397   
0.13335215   1.624249    
0.13489629   1.5130929   
0.13645831   1.402683    
0.13803843   1.292737    
0.13963683   1.1829902   
0.14125375   1.0731961   
0.1428894    0.96315008  
0.14454398   0.85271937  
0.14621772   0.7419166   
0.14791083   0.63106024  
0.14962357   0.52114356  
0.15135613   0.41481787  
0.15310875   0.31913659  
0.15488166   0.25257728  
0.1566751    0.24836437  
0.15848932   0.31685755  
0.16032454   0.43154562  
0.162181     0.57209909  
0.16405898   0.73081625  
0.16595869   0.90567923  
0.1678804    1.0971159   
0.16982436   1.3068907   
0.17179084   1.5377948   
0.17378008   1.7936467   
0.17579237   2.0794868   
0.17782794   2.4019339   
0.17988709   2.7697566   
0.18197009   3.1947484   
0.1840772    3.6930809   
0.18620871   4.2874975   
0.18836491   5.0109072   
0.19054607   5.9125309   
0.1927525    7.0689297   
0.19498447   8.6044149   
0.19724227   10.730112   
0.19952624   13.815467   
0.20183663   18.470684   
0.20417379   25.184523   
0.20653802   31.137871   
0.20892961   29.092344   
0.21134891   22.722178   
0.21379621   17.606899   
0.21627185   14.15451    
0.21877617   11.794847   
0.22130947   10.111538   
0.22387211   8.8593435   
0.22646444   7.8940396   
0.22908677   7.1276007   
0.23173946   6.5039887   
0.23442288   5.9861078   
0.23713738   5.5485349   
0.23988329   5.1733203   
0.24266101   4.8474393   
0.2454709    4.5612373   
0.24831331   4.3074017   
0.25118864   4.080297    
0.25409728   3.8755131   
0.25703958   3.6895483   
0.26001596   3.5195844   
0.2630268    3.3633289   
0.26607251   3.2188957   
0.26915348   3.084718    
0.27227014   2.95948     
0.27542287   2.8420708   
0.27861211   2.7315404   
0.2818383    2.6270707   
0.28510183   2.5279543   
0.28840315   2.4335699   
0.29174271   2.3433702   
0.29512092   2.2568676   
0.29853827   2.1736243   
0.30199516   2.0932429   
0.3054921    2.0153582   
0.30902955   1.93963     
0.31260794   1.8657409   
0.31622776   1.7933866   
0.31988952   1.7222716   
0.32359365   1.6521057   
0.32734069   1.5825965   
0.33113113   1.5134475   
0.33496544   1.4443482   
0.33884415   1.3749696   
0.34276778   1.304956    
0.34673685   1.2339144   
0.35075188   1.1614038   
0.3548134    1.0869199   
0.35892195   1.009876    
0.36307806   0.92957836  
0.3672823    0.84519237  
0.37153524   0.75570101  
0.37583742   0.65985012  
0.38018939   0.55608308  
0.38459179   0.44249445  
0.38904515   0.31701294  
0.39355007   0.17961858  
0.39810717   0.079108715 
0.40271702   0.2212199   
0.40738028   0.45653263  
0.41209751   0.7597543   
0.41686937   1.1605514   
0.42169651   1.7191714   
0.42657951   2.5605614   
0.43151909   3.9862368   
0.43651584   6.9283414   
0.44157046   15.554866   
0.44668359   23.085022   
0.45185596   11.010841   
0.4570882    7.0705276   
0.46238104   5.3253345   
0.46773514   4.3474231   
0.47315127   3.719604    
0.4786301    3.2796817   
0.48417237   2.9519939   
0.48977882   2.6966147   
0.4954502    2.4905033   
0.50118721   2.3194411   
0.50699073   2.1741691   
0.51286137   2.0484006   
0.51880002   1.9377054   
0.52480745   1.8388671   
0.53088444   1.7494874   
0.53703177   1.6677336   
0.54325032   1.5921707   
0.54954088   1.5216544   
0.55590427   1.4552468   
0.56234133   1.3921646   
0.5688529    1.3317332   
0.57543993   1.2733555   
0.58210319   1.2164878   
0.58884364   1.1606113   
0.59566212   1.1052157   
0.60255957   1.0497726   
0.60953689   0.99371225  
0.61659503   0.93639016  
0.62373483   0.87704706  
0.63095737   0.81474733  
0.63826346   0.74829662  
0.6456542    0.67610627  
0.65313053   0.59599084  
0.66069347   0.5048424   
0.6683439    0.39816943  
0.67608297   0.270033    
0.68391162   0.12567304  
0.69183099   0.19348899  
0.69984198   0.54895782  
0.70794576   1.221831    
0.71614343   2.8772709   
0.72443599   9.5047293   
0.7328245    5.7459741   
0.74131024   3.2359238   
0.7498942    2.3553963   
0.75857759   1.9037932   
0.76736146   1.6207299   
0.77624714   1.4194758   
0.78523564   1.2627813   
0.79432821   1.131518    
0.8035261    1.0141642   
0.81283051   0.9025079   
0.82224268   0.7904442   
0.83176374   0.68318266  
0.84139514   0.6961568   
0.85113806   1.1718483   
0.86099374   1.183094    
0.87096357   0.96136504  
0.88104886   0.80374831  
0.89125091   0.68372226  
0.90157115   0.58163559  
0.91201085   0.48846039  
0.92257142   0.4002673   
0.9332543    0.31706417  
0.94406086   0.24744074  
0.95499259   0.22436869  
0.96605086   0.25814658  
0.97723722   0.21499842  
0.98855311   0.12658474  
1            0.076412037 
1.0115795    0.064338371 
1.023293     0.21745774  
1.0351422    0.56722134  
1.0471286    0.52910757  
1.0592537    0.52689183  
1.0715193    0.54032022  
1.0839269    0.55634493  
1.0964782    0.57049519  
1.1091748    0.5811426   
1.1220185    0.58771294  
1.1350108    0.59003103  
1.1481537    0.58802748  
1.1614486    0.58157641  
1.1748976    0.57037622  
1.1885022    0.55384243  
1.2022644    0.5310387   
1.216186     0.50090545  
1.2302687    0.46416724  
1.2445146    0.43266243  
1.2589254    0.44994524  
1.2735031    0.53479683  
1.2882495    0.58835441  
1.3031667    0.57396132  
1.3182567    0.5215537   
1.3335215    0.45777649  
1.3489629    0.44682971  
1.3645831    0.57534307  
1.3803842    0.7217381   
1.3963684    0.77789503  
1.4125376    0.7800886   
1.4288939    0.76469803  
1.4454398    0.74531096  
1.4621772    0.72604549  
1.4791083    0.70799011  
1.4962356    0.6913076   
1.5135612    0.67589176  
1.5310875    0.66157717  
1.5488166    0.6482023   
1.5667511    0.63562769  
1.5848932    0.62373835  
1.6032454    0.61243975  
1.6218101    0.60165519  
1.6405897    0.59132189  
1.6595869    0.58138841  
1.678804     0.57181203  
1.6982436    0.56255716  
1.7179084    0.55359364  
1.7378008    0.54489642  
1.7579236    0.53644371  
1.7782794    0.52821672  
1.7988709    0.5201996   
1.8197008    0.51237798  
1.840772     0.50473952  
1.8620871    0.49727345  
1.8836491    0.48996994  
1.9054607    0.48282036  
1.9275249    0.47581688  
1.9498446    0.46895251  
1.9724227    0.46222082  
1.9952623    0.45561609  
2.0183663    0.44913289  
2.041738     0.44276637  
2.0653801    0.43651214  
2.0892961    0.43036595  
2.1134892    0.42432401  
2.1379621    0.41838273  
2.1627185    0.41253871  
2.1877615    0.40678892  
2.2130947    0.40113041  
2.2387211    0.39556026  
2.2646444    0.39007613  
2.2908676    0.38467538  
2.3173947    0.37935582  
2.3442287    0.37411532  
2.3713737    0.36895153  
2.398833     0.36386266  
2.42661      0.35884684  
2.4547088    0.35390222  
2.4831331    0.34902716  
2.5118864    0.34421989  
2.5409727    0.33947894  
2.5703957    0.33480281  
2.6001596    0.33018994  
2.6302681    0.32563904  
2.6607251    0.32114884  
2.6915348    0.31671804  
2.7227013    0.31234533  
2.7542286    0.30802947  
2.7861211    0.30376956  
2.818383     0.29956424  
2.8510182    0.29541254  
2.8840315    0.29131344  
2.9174271    0.28726605  
2.9512093    0.28326914  
2.9853826    0.27932206  
3.0199518    0.27542368  
3.0549212    0.27157328  
3.0902953    0.26776993  
3.1260793    0.26401284  
3.1622777    0.26030117  
3.1988952    0.25663427  
3.2359366    0.25301123  
3.273407     0.24943142  
3.3113112    0.24589407  
3.3496544    0.24239853  
3.3884416    0.23894414  
3.4276779    0.23553015  
3.4673686    0.23215605  
3.5075188    0.22882119  
3.5481339    0.22552486  
3.5892193    0.22226657  
3.6307805    0.21904579  
3.672823     0.21586184  
3.7153523    0.21271423  
3.758374     0.20960249  
3.8018939    0.20652597  
3.8459177    0.2034843   
3.8904514    0.20047688  
3.9355009    0.19750328  
3.9810717    0.19456306  
4.0271702    0.19165565  
4.0738029    0.18878067  
4.120975     0.18593769  
4.168694     0.18312626  
4.2169652    0.18034588  
4.2657952    0.17759626  
4.3151908    0.17487691  
4.3651586    0.17218742  
4.4157043    0.16952744  
4.466836     0.16689651  
4.5185595    0.16429432  
4.5708818    0.16172045  
4.6238103    0.15917453  
4.6773515    0.15665615  
4.7315125    0.15416503  
4.7863011    0.15170068  
4.8417234    0.14926288  
4.897788     0.14685115  
4.9545021    0.14446519  
5.0118723    0.14210461  
5.0699072    0.13976906  
5.1286139    0.13745819  
5.1880002    0.13517162  
5.2480745    0.13290899  
5.3088446    0.13066991  
5.3703179    0.12845406  
5.4325032    0.12626106  
5.4954085    0.12409047  
5.5590425    0.12194193  
5.6234131    0.11981506  
5.6885295    0.11770946  
5.7543993    0.1156247   
5.821032     0.11356036  
5.8884363    0.11151604  
5.9566216    0.10949124  
6.0255957    0.10748558  
6.0953689    0.10549854  
6.1659498    0.10352968  
6.2373486    0.10157847  
6.3095737    0.099644437 
6.3826346    0.09772706  
6.4565425    0.095825776 
6.5313053    0.093940094 
6.6069345    0.092069402 
6.6834393    0.090213142 
6.7608299    0.088370718 
6.8391166    0.086541571 
6.9183097    0.08472506  
6.9984198    0.082920581 
7.0794578    0.081127495 
7.1614342    0.079345234 
7.2443595    0.07757315  
7.3282452    0.075810649 
7.4131026    0.074057147 
7.4989419    0.072312087 
7.5857759    0.070574887 
7.673615     0.068845086 
7.7624712    0.067122228 
7.8523564    0.06540589  
7.9432821    0.063695773 
8.0352612    0.06199161  
8.1283054    0.060293231 
8.2224264    0.058600627 
8.3176374    0.05691383  
8.4139519    0.055233028 
8.5113802    0.053558614 
8.6099377    0.051891033 
8.7096357    0.050230954 
8.8104887    0.048579209 
8.912509     0.046936799 
9.0157118    0.045304876 
9.1201086    0.04368481  
9.2257147    0.0420781   
9.3325434    0.040486418 
9.440609     0.03891157  
9.5499258    0.037355486 
9.6605091    0.035820179 
9.7723722    0.034307759 
9.8855305    0.032820359 
10           0.031360097 
10.115794    0.029929126 
10.23293     0.028529476 
10.351421    0.027163142 
10.471286    0.025831934 
10.592537    0.024537591 
10.715193    0.023281591 
10.839269    0.02206528  
10.964782    0.020889753 
11.091748    0.019755919 
11.220184    0.018664431 
11.350108    0.017615724 
11.481536    0.01661001  
11.614486    0.015647272 
11.748976    0.014727294 
11.885022    0.013849675 
12.022644    0.01301382  
12.16186     0.01221898  
12.302688    0.011464275 
12.445147    0.010748688 
12.589254    0.010071104 
12.735031    0.0094303237
12.882496    0.0088250795
13.031668    0.0082540503
13.182568    0.0077158757
13.335215    0.0072091827
13.489629    0.0067325812
13.645831    0.0062846821
13.803843    0.0058641094
13.963684    0.0054695033
14.125376    0.0050995364
14.288939    0.0047529098
14.454398    0.0044283564
14.621772    0.0041246582
14.791084    0.0038406334
14.962357    0.0035751511
15.135612    0.0033271231
15.310875    0.0030955088
15.488166    0.0028793197
15.667511    0.0026776099
15.848932    0.002489483 
16.032454    0.0023140891
16.218102    0.002150621 
16.405897    0.0019983193
16.595869    0.0018564629
16.78804     0.0017243741
16.982437    0.0016014143
17.179085    0.0014869827
17.378008    0.0013805142
17.579237    0.0012814765
17.782795    0.0011893727
17.988708    0.0011037362
18.197008    0.0010241275
18.407721    0.00095013698
18.620871    0.00088138203
18.836491    0.00081750238
19.054607    0.00075816311
19.275249    0.00070305041
19.498446    0.00065187144
19.724228    0.00060435239
19.952623    0.00056023843
20.183664    0.00051929097
20.417379    0.00048128839
20.653801    0.00044602336
20.892962    0.00041330265
21.13489     0.00038294701
21.379622    0.00035478832
21.627186    0.00032867113
21.877617    0.00030445008
22.130947    0.00028199004
22.387211    0.00026116514
22.646442    0.00024185845
22.908676    0.00022396113
23.173946    0.00020737197
23.442287    0.00019199695
23.713737    0.00017774843
23.988329    0.00016454527
24.266102    0.00015231177
24.547089    0.00014097789
24.831331    0.00013047826
25.118864    0.00012075244
25.409727    0.00011174405
25.703959    0.0001034009
26.001596    9.5674513e-05
26.302679    8.8519897e-05
26.60725     8.1895174e-05
26.915348    7.5761585e-05
27.227013    7.0083224e-05
27.542288    6.4826578e-05
27.861212    5.9960774e-05
28.18383     5.5457022e-05
28.510183    5.1288691e-05
28.840315    4.7431073e-05
29.174271    4.3861219e-05
29.512093    4.0557894e-05
29.853827    3.7501399e-05
30.199516    3.4673481e-05
30.549212    3.2057182e-05
30.902954    2.9636836e-05
31.260794    2.7397889e-05
31.622776    2.5326877e-05
31.988951    2.3411309e-05
32.359367    2.1639617e-05
32.73407     2.00011e-05 
33.113113    1.8485816e-05
33.496544    1.7084585e-05
33.884415    1.5788881e-05
34.276779    1.4590817e-05
34.673683    1.348311e-05
35.075188    1.2458972e-05
35.481339    1.1512162e-05
35.892193    1.0636882e-05
36.307804    9.8277633e-06
36.72823     9.0798367e-06
37.153522    8.3885161e-06
37.58374     7.749537e-06
38.01894     7.1589675e-06
38.459179    6.6131638e-06
38.904514    6.1087544e-06
39.355007    5.6426197e-06
39.810719    5.2118703e-06
40.271702    4.8138427e-06
40.738029    4.4460576e-06
41.209751    4.1062399e-06
41.686939    3.7922666e-06
42.169651    3.5021894e-06
42.657951    3.2341975e-06
43.151909    2.9866171e-06
43.651585    2.7579049e-06
44.157043    2.5466295e-06
44.668358    2.3514674e-06
45.185593    2.1711969e-06
45.70882     2.0046859e-06
46.238102    1.8508923e-06
46.773514    1.7088478e-06
47.315125    1.5776592e-06
47.86301     1.4565002e-06
48.417236    1.344609e-06
48.977882    1.2412791e-06
49.545017    1.1458585e-06
50.118725    1.057744e-06
50.69907     9.7637974e-07
51.286137    9.0125002e-07
51.880005    8.3187911e-07
52.480747    7.6782794e-07
53.088444    7.0869027e-07
53.703178    6.5409029e-07
54.325031    6.0368137e-07
54.954086    5.5714321e-07
55.590427    5.1417965e-07
56.234131    4.7451746e-07
56.885292    4.3790357e-07
57.543995    4.0410467e-07
58.210323    3.7290533e-07
58.884365    3.4410635e-07
59.566216    3.1752361e-07
60.255959    2.9298729e-07
60.95369     2.7034042e-07
61.6595      2.4943785e-07
62.373482    2.3014596e-07
63.095734    2.1234091e-07
63.826347    1.9590858e-07
64.565422    1.8074344e-07
65.313057    1.6674815e-07
66.069344    1.5383291e-07
66.834389    1.419145e-07
67.608299    1.3091616e-07
68.391167    1.2076734e-07
69.183098    1.1140249e-07
69.9842      1.0276133e-07
70.794579    9.4788057e-08
71.614342    8.743126e-08
72.443596    8.0643446e-08
73.282455    7.4380701e-08
74.131027    6.8602603e-08
74.989418    6.3271791e-08
75.857758    5.8353677e-08
76.736153    5.3816432e-08
77.62471     4.9630739e-08
78.523567    4.5769351e-08
79.432823    4.2207297e-08
80.352615    3.8921399e-08
81.283051    3.589037e-08
82.224266    3.3094466e-08
83.176376    3.051553e-08
84.139511    2.8136778e-08
85.1138      2.5942722e-08
86.099373    2.3919066e-08
87.096359    2.2052623e-08
88.104889    2.033123e-08
89.125092    1.8743666e-08
90.157112    1.7279536e-08
91.20108     1.5929292e-08
92.257141    1.4684101e-08
93.325432    1.3535821e-08
94.40609     1.247694e-08
95.49926     1.1500527e-08
96.605087    1.0600177e-08
97.723724    9.7699848e-09
98.855309    9.0045109e-09
100          8.2987217e-09