1213312640 1213316736
1213312640 1213316736
1213853312 1213857408
1213312640 1213316736
1213312640 1213316736
1213853312 1213857408
1213312640 1213316736
1213312640 1213316736
1213853312 1213857408
1214959232 1214963328
1214963328 1214967424
1216560768 1216564864
1216564864 1216568960
1221860992 1221865088
1224916608 1224920704
1225264768 1225268864
1225268864 1225272960
1227341440 1227345536
1227345536 1227349632
1228619392 1228623488
1235287680 1235291776
1238019712 1238023808
1240383104 1240387200
1240596096 1240600192
1241222784 1241226880
1243856512 1243860608
1243860608 1243864704
