#Mirror displacement noise requirements in [m/sqrt(Hz). The mirror vibration levels have to be below these values in order to keep the contribution of these noises to DARM below the target sensitivity by the safety factor 10.
#freq, SAS Noise,ETMX,ETMY,ITMX,ITMY,BS,PRM,SRM
1,7.775e-16,2.453e-13,2.2233e-13,1.8486e-13,7.1504e-14,7.4865e-14,2.4259e-11,5.2819e-14
1.0093,7.2126e-16,2.2701e-13,2.067e-13,1.8718e-13,6.8557e-14,7.2862e-14,2.3329e-11,5.1405e-14
1.0186,6.7359e-16,2.1153e-13,1.9343e-13,1.9101e-13,6.608e-14,7.1291e-14,2.2579e-11,5.0297e-14
1.028,6.239e-16,1.9552e-13,1.795e-13,1.9359e-13,6.3087e-14,6.9094e-14,2.1668e-11,4.8747e-14
1.0376,5.8201e-16,1.8204e-13,1.6775e-13,1.9797e-13,6.0585e-14,6.7364e-14,2.0935e-11,4.7526e-14
1.0472,5.3843e-16,1.6811e-13,1.5544e-13,2.0122e-13,5.7635e-14,6.5061e-14,2.0052e-11,4.5901e-14
1.0569,5.0157e-16,1.5634e-13,1.4503e-13,2.0651e-13,5.5149e-14,6.3208e-14,1.9333e-11,4.4594e-14
1.0667,4.6689e-16,1.453e-13,1.352e-13,2.125e-13,5.2678e-14,6.1304e-14,1.862e-11,4.3251e-14
1.0765,4.343e-16,1.3496e-13,1.2593e-13,2.1939e-13,5.0236e-14,5.9361e-14,1.7914e-11,4.1881e-14
1.0865,4.0378e-16,1.253e-13,1.1723e-13,2.2749e-13,4.7839e-14,5.7402e-14,1.722e-11,4.0499e-14
1.0966,3.7509e-16,1.1625e-13,1.0904e-13,2.3709e-13,4.5481e-14,5.5418e-14,1.6533e-11,3.91e-14
1.1067,3.4829e-16,1.0781e-13,1.0136e-13,2.4877e-13,4.3185e-14,5.3439e-14,1.5861e-11,3.7704e-14
1.117,3.2303e-16,9.9877e-14,9.4114e-14,2.6305e-13,4.0927e-14,5.1434e-14,1.5194e-11,3.6289e-14
1.1273,2.9966e-16,9.2549e-14,8.7394e-14,2.8132e-13,3.8766e-14,4.948e-14,1.4553e-11,3.4911e-14
1.1378,2.7954e-16,8.6244e-14,8.1605e-14,3.0689e-13,3.69e-14,4.7836e-14,1.4013e-11,3.3752e-14
1.1483,2.5888e-16,7.9794e-14,7.5645e-14,3.3866e-13,3.4848e-14,4.5886e-14,1.339e-11,3.2376e-14
1.1589,2.4119e-16,7.4271e-14,7.0537e-14,3.857e-13,3.3086e-14,4.4253e-14,1.2869e-11,3.1225e-14
1.1697,2.2469e-16,6.9129e-14,6.5767e-14,4.5573e-13,3.1393e-14,4.2652e-14,1.2363e-11,3.0096e-14
1.1805,2.0909e-16,6.4277e-14,6.1252e-14,5.6959e-13,2.9739e-14,4.1044e-14,1.1861e-11,2.8962e-14
1.1915,1.9314e-16,5.9326e-14,5.6623e-14,7.8156e-13,2.7948e-14,3.9185e-14,1.1291e-11,2.7651e-14
1.2025,1.7959e-16,5.512e-14,5.2687e-14,1.3517e-12,2.6424e-14,3.7639e-14,1.0818e-11,2.656e-14
1.2136,1.678e-16,5.1464e-14,4.9263e-14,6.4267e-12,2.5094e-14,3.6315e-14,1.0412e-11,2.5627e-14
1.2249,1.5575e-16,4.7734e-14,4.5755e-14,1.8853e-12,2.3662e-14,3.4791e-14,9.9521e-12,2.4551e-14
1.2362,1.4452e-16,4.4265e-14,4.2485e-14,7.938e-13,2.2296e-14,3.3308e-14,9.508e-12,2.3506e-14
1.2477,1.3479e-16,4.1258e-14,3.9648e-14,4.8552e-13,2.1106e-14,3.2038e-14,9.1277e-12,2.261e-14
1.2592,1.2484e-16,3.819e-14,3.6743e-14,3.3811e-13,1.9834e-14,3.0592e-14,8.6999e-12,2.159e-14
1.2709,1.1629e-16,3.5552e-14,3.4245e-14,2.5441e-13,1.8737e-14,2.9367e-14,8.3377e-12,2.0726e-14
1.2826,1.0834e-16,3.3103e-14,3.1921e-14,2.001e-13,1.7696e-14,2.8185e-14,7.9898e-12,1.9893e-14
1.2945,1.008e-16,3.0783e-14,2.9715e-14,1.6197e-13,1.6686e-14,2.7007e-14,7.645e-12,1.9062e-14
1.3065,9.3684e-17,2.8595e-14,2.7631e-14,1.3382e-13,1.5711e-14,2.5843e-14,7.3058e-12,1.8241e-14
1.3186,8.7047e-17,2.6556e-14,2.5686e-14,1.1234e-13,1.4783e-14,2.4713e-14,6.9783e-12,1.7444e-14
1.3308,8.0824e-17,2.4646e-14,2.3861e-14,9.5454e-14,1.3896e-14,2.361e-14,6.6595e-12,1.6666e-14
1.3432,7.5005e-17,2.2861e-14,2.2153e-14,8.1889e-14,1.3051e-14,2.2538e-14,6.3506e-12,1.5909e-14
1.3556,6.9961e-17,2.1315e-14,2.0672e-14,7.1204e-14,1.2316e-14,2.1618e-14,6.086e-12,1.5261e-14
1.3682,6.4845e-17,1.9747e-14,1.9168e-14,6.1949e-14,1.1546e-14,2.06e-14,5.7945e-12,1.4542e-14
1.3808,6.041e-17,1.8389e-14,1.7864e-14,5.4491e-14,1.0877e-14,1.9724e-14,5.5443e-12,1.3925e-14
1.3936,5.6244e-17,1.7114e-14,1.6639e-14,4.8142e-14,1.0237e-14,1.8871e-14,5.3008e-12,1.3323e-14
1.4065,5.2323e-17,1.5915e-14,1.5485e-14,4.2683e-14,9.624e-15,1.8035e-14,5.0631e-12,1.2733e-14
1.4196,4.8645e-17,1.4791e-14,1.4401e-14,3.7962e-14,9.04e-15,1.7221e-14,4.8323e-12,1.2159e-14
1.4327,4.5198e-17,1.3738e-14,1.3385e-14,3.3853e-14,8.484e-15,1.643e-14,4.6084e-12,1.1602e-14
1.446,4.1967e-17,1.2751e-14,1.2432e-14,3.0258e-14,7.955e-15,1.5662e-14,4.3914e-12,1.106e-14
1.4594,3.8949e-17,1.183e-14,1.1542e-14,2.7102e-14,7.4538e-15,1.492e-14,4.1821e-12,1.0536e-14
1.4729,3.6313e-17,1.1026e-14,1.0764e-14,2.4444e-14,7.0145e-15,1.4275e-14,4.0004e-12,1.0081e-14
1.4865,3.3836e-17,1.0271e-14,1.0033e-14,2.208e-14,6.5959e-15,1.3648e-14,3.8239e-12,9.6385e-15
1.5003,3.1344e-17,9.5117e-15,9.2969e-15,1.9866e-14,6.1647e-15,1.2969e-14,3.6334e-12,9.1597e-15
1.5142,2.9162e-17,8.8471e-15,8.6523e-15,1.7982e-14,5.7856e-15,1.2376e-14,3.4671e-12,8.7413e-15
1.5282,2.7121e-17,8.2255e-15,8.0488e-15,1.6296e-14,5.4264e-15,1.1803e-14,3.3065e-12,8.3369e-15
1.5424,2.5207e-17,7.6429e-15,7.4827e-15,1.478e-14,5.0854e-15,1.1248e-14,3.1511e-12,7.9449e-15
1.5567,2.3531e-17,7.1327e-15,6.9869e-15,1.3482e-14,4.7858e-15,1.0764e-14,3.0158e-12,7.6034e-15
1.5711,2.1843e-17,6.6194e-15,6.4873e-15,1.2243e-14,4.4778e-15,1.0241e-14,2.8698e-12,7.2346e-15
1.5856,2.0358e-17,6.168e-15,6.0479e-15,1.1176e-14,4.2059e-15,9.782e-15,2.7417e-12,6.9107e-15
1.6003,1.8873e-17,5.7165e-15,5.6079e-15,1.0158e-14,3.9285e-15,9.2918e-15,2.605e-12,6.5647e-15
1.6151,1.7569e-17,5.3205e-15,5.2217e-15,9.2797e-15,3.6843e-15,8.8621e-15,2.4853e-12,6.2615e-15
1.6301,1.6353e-17,4.951e-15,4.8613e-15,8.4837e-15,3.4541e-15,8.4496e-15,2.3704e-12,5.9704e-15
1.6452,1.5207e-17,4.6029e-15,4.5215e-15,7.7551e-15,3.2347e-15,8.0476e-15,2.2585e-12,5.6867e-15
1.6604,1.4134e-17,4.2772e-15,4.2033e-15,7.0911e-15,3.0272e-15,7.6599e-15,2.1507e-12,5.413e-15
1.6758,1.3182e-17,3.9884e-15,3.9211e-15,6.5111e-15,2.8425e-15,7.3153e-15,2.0549e-12,5.1699e-15
1.6913,1.2233e-17,3.7004e-15,3.6394e-15,5.9525e-15,2.6553e-15,6.9502e-15,1.9534e-12,4.9122e-15
1.707,1.14e-17,3.4479e-15,3.3924e-15,5.4687e-15,2.4906e-15,6.6309e-15,1.8647e-12,4.6868e-15
1.7228,1.062e-17,3.2112e-15,3.1607e-15,5.0249e-15,2.3348e-15,6.3225e-15,1.7791e-12,4.4691e-15
1.7388,9.8792e-18,2.9867e-15,2.9408e-15,4.6133e-15,2.1854e-15,6.0197e-15,1.6949e-12,4.2553e-15
1.7549,9.188e-18,2.7772e-15,2.7355e-15,4.2366e-15,2.0448e-15,5.7292e-15,1.6142e-12,4.0502e-15
1.7711,8.5402e-18,2.5809e-15,2.543e-15,3.8904e-15,1.9119e-15,5.4489e-15,1.5364e-12,3.8524e-15
1.7875,7.9671e-18,2.4073e-15,2.3727e-15,3.5872e-15,1.7939e-15,5.2009e-15,1.4676e-12,3.6772e-15
1.8041,7.3964e-18,2.2344e-15,2.2031e-15,3.2931e-15,1.6748e-15,4.9394e-15,1.3949e-12,3.4926e-15
1.8208,6.8928e-18,2.0819e-15,2.0534e-15,3.0358e-15,1.5695e-15,4.7085e-15,1.3308e-12,3.3296e-15
1.8377,6.4198e-18,1.9387e-15,1.9127e-15,2.7982e-15,1.4697e-15,4.4854e-15,1.2689e-12,3.1721e-15
1.8547,5.981e-18,1.8059e-15,1.7822e-15,2.5809e-15,1.3765e-15,4.2737e-15,1.2101e-12,3.0226e-15
1.8719,5.6829e-18,1.7156e-15,1.6936e-15,2.4286e-15,1.3146e-15,4.1525e-15,1.1769e-12,2.9371e-15
1.8892,5.2129e-18,1.5734e-15,1.5537e-15,2.207e-15,1.212e-15,3.8948e-15,1.105e-12,2.7551e-15
1.9067,4.8219e-18,1.4551e-15,1.4372e-15,2.023e-15,1.1267e-15,3.6833e-15,1.0461e-12,2.6057e-15
1.9244,4.4721e-18,1.3493e-15,1.3331e-15,1.8599e-15,1.05e-15,3.4923e-15,9.9287e-13,2.4707e-15
1.9422,4.1639e-18,1.256e-15,1.2413e-15,1.7171e-15,9.8222e-16,3.3238e-15,9.4601e-13,2.3517e-15
1.9602,3.8757e-18,1.1688e-15,1.1554e-15,1.5851e-15,9.1841e-16,3.162e-15,9.01e-13,2.2375e-15
1.9783,3.6056e-18,1.0871e-15,1.0748e-15,1.463e-15,8.5822e-16,3.0063e-15,8.5764e-13,2.1275e-15
1.9966,3.3653e-18,1.0143e-15,1.0031e-15,1.3549e-15,8.0448e-16,2.8673e-15,8.1896e-13,2.0293e-15
2.0151,3.1269e-18,9.4211e-16,9.3197e-16,1.2494e-15,7.506e-16,2.722e-15,7.7844e-13,1.9266e-15
2.0338,2.9147e-18,8.7775e-16,8.6851e-16,1.1559e-15,7.0243e-16,2.5919e-15,7.4218e-13,1.8347e-15
2.0526,2.7152e-18,8.1719e-16,8.0876e-16,1.0689e-15,6.568e-16,2.4659e-15,7.0705e-13,1.7457e-15
2.0716,2.5287e-18,7.6045e-16,7.5277e-16,9.8816e-16,6.1379e-16,2.3448e-15,6.7325e-13,1.6601e-15
2.0908,2.3527e-18,7.0668e-16,6.997e-16,9.1247e-16,5.7277e-16,2.2265e-15,6.4017e-13,1.5765e-15
2.1102,2.1877e-18,6.559e-16,6.4956e-16,8.417e-16,5.3378e-16,2.1114e-15,6.0794e-13,1.4951e-15
2.1297,2.0401e-18,6.0993e-16,6.0416e-16,7.7804e-16,4.9835e-16,2.0058e-15,5.7841e-13,1.4206e-15
2.1495,1.8951e-18,5.6409e-16,5.5887e-16,7.154e-16,4.627e-16,1.8951e-15,5.473e-13,1.3423e-15
2.1694,1.7658e-18,5.2272e-16,5.1798e-16,6.5921e-16,4.3041e-16,1.7939e-15,5.1887e-13,1.2707e-15
2.1895,1.6436e-18,4.8472e-16,4.8041e-16,6.0795e-16,4.0062e-16,1.6991e-15,4.9224e-13,1.2037e-15
2.2098,1.5345e-18,4.5325e-16,4.4931e-16,5.6548e-16,3.7599e-16,1.6228e-15,4.7089e-13,1.1497e-15
2.2302,1.4271e-18,4.2343e-16,4.1982e-16,5.2555e-16,3.5251e-16,1.5483e-15,4.5002e-13,1.0971e-15
2.2509,1.3307e-18,3.9647e-16,3.9317e-16,4.8964e-16,3.3124e-16,1.4805e-15,4.3107e-13,1.0492e-15
2.2717,1.2403e-18,3.7062e-16,3.676e-16,4.5549e-16,3.1072e-16,1.4133e-15,4.1221e-13,1.0017e-15
2.2928,1.155e-18,3.4581e-16,3.4304e-16,4.2299e-16,2.909e-16,1.3465e-15,3.9344e-13,9.5448e-16
2.314,1.0751e-18,3.2227e-16,3.1975e-16,3.924e-16,2.72e-16,1.2813e-15,3.7508e-13,9.0837e-16
2.3354,1.0007e-18,3.0024e-16,2.9794e-16,3.6394e-16,2.5423e-16,1.2188e-15,3.5744e-13,8.6416e-16
2.3571,9.333e-19,2.8017e-16,2.7807e-16,3.3814e-16,2.38e-16,1.1612e-15,3.412e-13,8.2341e-16
2.3789,8.7008e-19,2.6131e-16,2.5938e-16,3.1404e-16,2.2266e-16,1.1056e-15,3.2551e-13,7.8412e-16
2.4009,8.1057e-19,2.4351e-16,2.4175e-16,2.9144e-16,2.0813e-16,1.0518e-15,3.1028e-13,7.4604e-16
2.4232,7.5481e-19,2.268e-16,2.252e-16,2.7037e-16,1.9444e-16,1e-15,2.956e-13,7.0941e-16
2.4456,7.0455e-19,2.1173e-16,2.1027e-16,2.5142e-16,1.8206e-16,9.5297e-16,2.8228e-13,6.7612e-16
2.4683,6.5527e-19,1.9695e-16,1.9561e-16,2.3298e-16,1.6983e-16,9.0476e-16,2.6857e-13,6.42e-16
2.4911,6.1095e-19,1.8364e-16,1.8242e-16,2.1644e-16,1.5881e-16,8.6107e-16,2.5615e-13,6.1109e-16
2.5142,5.6934e-19,1.7114e-16,1.7003e-16,2.0098e-16,1.4841e-16,8.1901e-16,2.4418e-13,5.8132e-16
2.5375,5.3025e-19,1.594e-16,1.5838e-16,1.8653e-16,1.386e-16,7.7849e-16,2.3262e-13,5.5264e-16
2.561,4.9499e-19,1.488e-16,1.4787e-16,1.7354e-16,1.2973e-16,7.4166e-16,2.2213e-13,5.2657e-16
2.5847,4.6178e-19,1.3882e-16,1.3797e-16,1.6136e-16,1.2135e-16,7.0607e-16,2.1197e-13,5.0138e-16
2.6087,4.3053e-19,1.2943e-16,1.2865e-16,1.4996e-16,1.1343e-16,6.7174e-16,2.0215e-13,4.7708e-16
2.6328,4.012e-19,1.2061e-16,1.199e-16,1.393e-16,1.0596e-16,6.3874e-16,1.9269e-13,4.5371e-16
2.6572,3.7368e-19,1.1234e-16,1.1169e-16,1.2934e-16,9.8937e-17,6.0701e-16,1.8357e-13,4.3125e-16
2.6818,3.4877e-19,1.0485e-16,1.0425e-16,1.2035e-16,9.2564e-17,5.7805e-16,1.7526e-13,4.1074e-16
2.7067,3.2541e-19,9.7822e-17,9.728e-17,1.1196e-16,8.6567e-17,5.5025e-16,1.6726e-13,3.9105e-16
2.7317,3.0332e-19,9.1182e-17,9.0687e-17,1.0406e-16,8.0879e-17,5.2327e-16,1.5948e-13,3.7194e-16
2.757,2.8266e-19,8.4969e-17,8.4517e-17,9.6702e-17,7.5539e-17,4.9746e-16,1.5203e-13,3.5365e-16
2.7826,2.639e-19,7.9328e-17,7.8914e-17,9.0036e-17,7.0682e-17,4.7379e-16,1.4519e-13,3.3689e-16
2.8083,2.4567e-19,7.3844e-17,7.3467e-17,8.359e-17,6.594e-17,4.4991e-16,1.3826e-13,3.1996e-16
2.8343,2.2908e-19,6.8858e-17,6.8513e-17,7.7743e-17,6.162e-17,4.2795e-16,1.3189e-13,3.044e-16
2.8606,2.1411e-19,6.4356e-17,6.404e-17,7.2476e-17,5.7712e-17,4.0799e-16,1.261e-13,2.9025e-16
2.8871,1.9953e-19,5.9973e-17,5.9684e-17,6.7374e-17,5.3893e-17,3.8781e-16,1.2022e-13,2.7595e-16
2.9138,1.8626e-19,5.5983e-17,5.5719e-17,6.274e-17,5.0409e-17,3.6923e-16,1.1481e-13,2.6278e-16
2.9408,1.7376e-19,5.2224e-17,5.1983e-17,5.839e-17,4.7119e-17,3.5131e-16,1.0958e-13,2.5008e-16
2.9681,1.6206e-19,4.8705e-17,4.8484e-17,5.433e-17,4.4029e-17,3.3416e-16,1.0456e-13,2.3792e-16
2.9955,1.5136e-19,4.5488e-17,4.5286e-17,5.0627e-17,4.1199e-17,3.1828e-16,9.9908e-14,2.2666e-16
3.0233,1.4098e-19,4.2369e-17,4.2184e-17,4.7052e-17,3.8446e-17,3.0234e-16,9.5215e-14,2.1535e-16
3.0513,1.3159e-19,3.9546e-17,3.9377e-17,4.3823e-17,3.5951e-17,2.8778e-16,9.0933e-14,2.0503e-16
3.0796,1.2302e-19,3.6968e-17,3.6813e-17,4.0881e-17,3.3668e-17,2.7434e-16,8.6981e-14,1.9549e-16
3.1081,1.1466e-19,3.4457e-17,3.4315e-17,3.8025e-17,3.1436e-17,2.6075e-16,8.2959e-14,1.8585e-16
3.1369,1.0712e-19,3.2189e-17,3.2059e-17,3.5452e-17,2.9418e-17,2.4839e-16,7.9306e-14,1.7708e-16
3.1659,9.9952e-20,3.0035e-17,2.9917e-17,3.3015e-17,2.7497e-17,2.3634e-16,7.5728e-14,1.6852e-16
3.1952,9.3233e-20,2.8016e-17,2.7907e-17,3.0737e-17,2.5691e-17,2.2478e-16,7.2289e-14,1.6032e-16
3.2248,8.7128e-20,2.6181e-17,2.6081e-17,2.867e-17,2.4047e-17,2.1418e-16,6.9137e-14,1.5279e-16
3.2547,8.1371e-20,2.4451e-17,2.436e-17,2.6726e-17,2.2494e-17,2.0394e-16,6.6085e-14,1.4553e-16
3.2849,7.5952e-20,2.2822e-17,2.2739e-17,2.4902e-17,2.1029e-17,1.9409e-16,6.3135e-14,1.3853e-16
3.3153,7.0855e-20,2.129e-17,2.1214e-17,2.319e-17,1.9648e-17,1.846e-16,6.0286e-14,1.3179e-16
3.346,6.621e-20,1.9895e-17,1.9825e-17,2.1633e-17,1.8388e-17,1.7586e-16,5.7664e-14,1.2558e-16
3.377,6.1842e-20,1.8582e-17,1.8518e-17,2.0172e-17,1.72e-17,1.6746e-16,5.5136e-14,1.1961e-16
3.4083,5.773e-20,1.7346e-17,1.7288e-17,1.88e-17,1.608e-17,1.5936e-16,5.2691e-14,1.1386e-16
3.4398,5.3972e-20,1.6218e-17,1.6164e-17,1.7548e-17,1.5055e-17,1.5189e-16,5.0433e-14,1.0855e-16
3.4717,5.0427e-20,1.5153e-17,1.5103e-17,1.637e-17,1.4086e-17,1.4467e-16,4.8245e-14,1.0342e-16
3.5038,4.71e-20,1.4153e-17,1.4108e-17,1.5267e-17,1.3175e-17,1.3774e-16,4.614e-14,9.8492e-17
3.5363,4.3959e-20,1.3209e-17,1.3168e-17,1.4228e-17,1.2313e-17,1.3105e-16,4.4096e-14,9.3732e-17
3.569,4.1102e-20,1.2351e-17,1.2313e-17,1.3284e-17,1.1528e-17,1.249e-16,4.2222e-14,8.9361e-17
3.6021,3.8399e-20,1.1539e-17,1.1504e-17,1.2393e-17,1.0784e-17,1.1894e-16,4.0397e-14,8.5124e-17
3.6355,3.5866e-20,1.0778e-17,1.0746e-17,1.1559e-17,1.0086e-17,1.1324e-16,3.8646e-14,8.1068e-17
3.6691,3.354e-20,1.008e-17,1.0051e-17,1.0795e-17,9.4444e-18,1.0794e-16,3.7018e-14,7.7298e-17
3.7031,3.1353e-20,9.4229e-18,9.3961e-18,1.0078e-17,8.8398e-18,1.0285e-16,3.5447e-14,7.3673e-17
3.7374,2.9289e-20,8.8029e-18,8.7784e-18,9.403e-18,8.2682e-18,9.7928e-17,3.3923e-14,7.0171e-17
3.772,2.7401e-20,8.2361e-18,8.2136e-18,8.7863e-18,7.745e-18,9.3381e-17,3.2516e-14,6.6934e-17
3.807,2.5626e-20,7.703e-18,7.6824e-18,8.2072e-18,7.252e-18,8.901e-17,3.1158e-14,6.3821e-17
3.8422,2.3946e-20,7.1986e-18,7.1797e-18,7.6604e-18,6.7849e-18,8.4773e-17,2.9836e-14,6.0804e-17
3.8778,2.2405e-20,6.736e-18,6.7187e-18,7.1595e-18,6.356e-18,8.0843e-17,2.8609e-14,5.8004e-17
3.9137,2.0959e-20,6.302e-18,6.2861e-18,6.6903e-18,5.953e-18,7.7078e-17,2.7431e-14,5.5322e-17
3.95,1.9601e-20,5.8942e-18,5.8796e-18,6.2501e-18,5.5737e-18,7.3465e-17,2.6295e-14,5.2748e-17
3.9866,1.8346e-20,5.5177e-18,5.5043e-18,5.8444e-18,5.2232e-18,7.0084e-17,2.5232e-14,5.0338e-17
4.0235,1.7169e-20,5.1645e-18,5.1521e-18,5.4641e-18,4.8939e-18,6.6845e-17,2.421e-14,4.8029e-17
4.0608,1.6052e-20,4.8291e-18,4.8178e-18,5.1038e-18,4.5808e-18,6.3693e-17,2.321e-14,4.5781e-17
4.0984,1.5007e-20,4.5156e-18,4.5052e-18,4.7674e-18,4.2877e-18,6.0689e-17,2.2253e-14,4.3638e-17
4.1363,1.404e-20,4.2256e-18,4.2161e-18,4.4566e-18,4.0162e-18,5.7869e-17,2.1354e-14,4.1626e-17
4.1747,1.3158e-20,3.9609e-18,3.9521e-18,4.1732e-18,3.7682e-18,5.5271e-17,2.0529e-14,3.9773e-17
4.2133,1.2305e-20,3.7051e-18,3.6971e-18,3.8998e-18,3.5282e-18,5.2681e-17,1.9697e-14,3.7924e-17
4.2523,1.1517e-20,3.4688e-18,3.4614e-18,3.6475e-18,3.3062e-18,5.0253e-17,1.8917e-14,3.6191e-17
4.2917,1.08e-20,3.2537e-18,3.2469e-18,3.4181e-18,3.1041e-18,4.8027e-17,1.8205e-14,3.4603e-17
4.3315,1.0099e-20,3.0434e-18,3.0372e-18,3.1942e-18,2.906e-18,4.5771e-17,1.7473e-14,3.2991e-17
4.3716,9.4713e-21,2.8553e-18,2.8496e-18,2.994e-18,2.7288e-18,4.3751e-17,1.6824e-14,3.1548e-17
4.4121,8.8656e-21,2.6738e-18,2.6685e-18,2.8011e-18,2.5575e-18,4.1741e-17,1.617e-14,3.0112e-17
4.453,8.3085e-21,2.5068e-18,2.502e-18,2.6239e-18,2.3998e-18,3.987e-17,1.5563e-14,2.8775e-17
4.4942,7.7826e-21,2.3493e-18,2.3448e-18,2.4569e-18,2.2508e-18,3.8066e-17,1.4975e-14,2.7485e-17
4.5358,7.2978e-21,2.2041e-18,2.2e-18,2.3031e-18,2.1134e-18,3.6383e-17,1.4427e-14,2.6282e-17
4.5778,6.8416e-21,2.0674e-18,2.0637e-18,2.1585e-18,1.984e-18,3.4768e-17,1.39e-14,2.5127e-17
4.6202,6.4107e-21,1.9384e-18,1.935e-18,2.0222e-18,1.8617e-18,3.3209e-17,1.3388e-14,2.4012e-17
4.663,6.0136e-21,1.8196e-18,1.8164e-18,1.8967e-18,1.7488e-18,3.1756e-17,1.2913e-14,2.2972e-17
4.7062,5.6393e-21,1.7076e-18,1.7046e-18,1.7786e-18,1.6424e-18,3.0358e-17,1.2454e-14,2.1972e-17
4.7498,5.2936e-21,1.6042e-18,1.6015e-18,1.6696e-18,1.5441e-18,2.9052e-17,1.2026e-14,2.1037e-17
4.7938,4.9678e-21,1.5068e-18,1.5043e-18,1.567e-18,1.4514e-18,2.7797e-17,1.1614e-14,2.0138e-17
4.8382,4.6612e-21,1.4151e-18,1.4128e-18,1.4706e-18,1.3641e-18,2.6592e-17,1.1218e-14,1.9276e-17
4.883,4.3776e-21,1.3304e-18,1.3283e-18,1.3816e-18,1.2833e-18,2.5465e-17,1.0848e-14,1.8468e-17
4.9282,4.1095e-21,1.2503e-18,1.2483e-18,1.2975e-18,1.2069e-18,2.4377e-17,1.0491e-14,1.7689e-17
4.9739,3.8628e-21,1.1766e-18,1.1748e-18,1.2202e-18,1.1365e-18,2.3367e-17,1.0162e-14,1.6965e-17
5.02,3.6296e-21,1.1071e-18,1.1054e-18,1.1473e-18,1.07e-18,2.2393e-17,9.8442e-15,1.6267e-17
5.0665,3.4097e-21,1.0415e-18,1.0399e-18,1.0786e-18,1.0073e-18,2.1457e-17,9.5388e-15,1.5596e-17
5.1134,3.2072e-21,9.8113e-19,9.797e-19,1.0155e-18,9.4952e-19,2.0587e-17,9.259e-15,1.4973e-17
5.1607,3.0192e-21,9.2509e-19,9.2377e-19,9.5685e-19,8.9585e-19,1.977e-17,8.999e-15,1.4387e-17
5.2085,2.8421e-21,8.7238e-19,8.7115e-19,9.0176e-19,8.4532e-19,1.8988e-17,8.7516e-15,1.3826e-17
5.2568,2.6745e-21,8.225e-19,8.2137e-19,8.4969e-19,7.9747e-19,1.8233e-17,8.5136e-15,1.3284e-17
5.3055,2.5176e-21,7.7586e-19,7.7481e-19,8.0102e-19,7.5268e-19,1.7516e-17,8.2906e-15,1.277e-17
5.3546,2.3744e-21,7.333e-19,7.3232e-19,7.5663e-19,7.1181e-19,1.686e-17,8.0944e-15,1.2299e-17
5.4042,2.2371e-21,6.9251e-19,6.9161e-19,7.1413e-19,6.7259e-19,1.6215e-17,7.9019e-15,1.1836e-17
5.4543,2.1093e-21,6.5461e-19,6.5378e-19,6.7467e-19,6.3614e-19,1.5609e-17,7.7273e-15,1.1401e-17
5.5048,1.9917e-21,6.1973e-19,6.1895e-19,6.3837e-19,6.0257e-19,1.5048e-17,7.5749e-15,1.0999e-17
5.5558,1.88e-21,5.8664e-19,5.8592e-19,6.0396e-19,5.707e-19,1.4506e-17,7.4322e-15,1.061e-17
5.6072,1.7753e-21,5.5565e-19,5.5498e-19,5.7175e-19,5.4084e-19,1.3991e-17,7.3053e-15,1.0241e-17
5.6592,1.6787e-21,5.2706e-19,5.2643e-19,5.4204e-19,5.1327e-19,1.3514e-17,7.2008e-15,9.8982e-18
5.7116,1.5888e-21,5.0049e-19,4.9991e-19,5.1446e-19,4.8765e-19,1.3067e-17,7.1173e-15,9.5779e-18
5.7645,1.5017e-21,4.7478e-19,4.7424e-19,4.8779e-19,4.6283e-19,1.2622e-17,7.0414e-15,9.2584e-18
5.8179,1.4236e-21,4.5173e-19,4.5122e-19,4.6387e-19,4.4057e-19,1.2228e-17,7.0035e-15,8.9761e-18
5.8718,1.3489e-21,4.297e-19,4.2923e-19,4.4104e-19,4.1929e-19,1.1843e-17,6.9842e-15,8.7003e-18
5.9262,1.2785e-21,4.0896e-19,4.0852e-19,4.1956e-19,3.9924e-19,1.1476e-17,6.9936e-15,8.4375e-18
5.981,1.2136e-21,3.8984e-19,3.8943e-19,3.9976e-19,3.8075e-19,1.1138e-17,7.0455e-15,8.1955e-18
6.0364,1.1523e-21,3.718e-19,3.7141e-19,3.8108e-19,3.6329e-19,1.0815e-17,7.142e-15,7.9643e-18
6.0923,1.0954e-21,3.5504e-19,3.5468e-19,3.6375e-19,3.4708e-19,1.0515e-17,7.303e-15,7.7495e-18
6.1488,1.0424e-21,3.3943e-19,3.3909e-19,3.476e-19,3.3196e-19,1.0234e-17,7.5497e-15,7.5491e-18
6.2057,9.9241e-22,3.2468e-19,3.2436e-19,3.3235e-19,3.1767e-19,9.9656e-18,7.913e-15,7.3579e-18
6.2632,9.4517e-22,3.1071e-19,3.1041e-19,3.1791e-19,3.0413e-19,9.7083e-18,8.4498e-15,7.1745e-18
6.3212,9.0127e-22,2.9766e-19,2.9737e-19,3.0443e-19,2.9147e-19,9.4675e-18,9.2678e-15,7.0032e-18
6.3798,8.6044e-22,2.8541e-19,2.8515e-19,2.9179e-19,2.796e-19,9.2408e-18,1.0558e-14,6.8424e-18
6.4389,8.218e-22,2.737e-19,2.7345e-19,2.7971e-19,2.6823e-19,9.0202e-18,1.2695e-14,6.686e-18
6.4985,7.853e-22,2.6249e-19,2.6225e-19,2.6814e-19,2.5735e-19,8.8052e-18,1.6406e-14,6.5337e-18
6.5587,7.5188e-22,2.5201e-19,2.5179e-19,2.5733e-19,2.4716e-19,8.6046e-18,2.2019e-14,6.3919e-18
6.6194,7.1964e-22,2.4177e-19,2.4156e-19,2.4679e-19,2.3721e-19,8.4026e-18,2.2681e-14,6.2488e-18
6.6807,6.9014e-22,2.3226e-19,2.3206e-19,2.3699e-19,2.2797e-19,8.2166e-18,1.5966e-14,6.1172e-18
6.7426,6.6208e-22,2.232e-19,2.2302e-19,2.2767e-19,2.1916e-19,8.038e-18,1.1079e-14,5.9906e-18
6.8051,6.3554e-22,2.147e-19,2.1453e-19,2.1892e-19,2.1089e-19,7.8709e-18,8.3993e-15,5.872e-18
6.8681,6.1077e-22,2.0686e-19,2.067e-19,2.1085e-19,2.0326e-19,7.7199e-18,6.8789e-15,5.7649e-18
6.9317,5.8756e-22,1.9961e-19,1.9946e-19,2.034e-19,1.962e-19,7.5834e-18,5.9629e-15,5.6683e-18
6.9959,5.6554e-22,1.9284e-19,1.9269e-19,1.9642e-19,1.896e-19,7.4575e-18,5.381e-15,5.5795e-18
7.0607,5.4494e-22,1.8655e-19,1.8641e-19,1.8996e-19,1.8348e-19,7.3437e-18,4.9979e-15,5.4996e-18
7.1261,5.2523e-22,1.8058e-19,1.8045e-19,1.8382e-19,1.7767e-19,7.2358e-18,4.7346e-15,5.4241e-18
7.1921,5.069e-22,1.7504e-19,1.7491e-19,1.7812e-19,1.7227e-19,7.1388e-18,4.5513e-15,5.3568e-18
7.2587,4.8963e-22,1.6981e-19,1.6969e-19,1.7275e-19,1.6718e-19,7.049e-18,4.4198e-15,5.2949e-18
7.326,4.7313e-22,1.6482e-19,1.647e-19,1.6762e-19,1.6231e-19,6.9633e-18,4.3219e-15,5.236e-18
7.3938,4.5765e-22,1.6011e-19,1.6001e-19,1.6279e-19,1.5773e-19,6.8845e-18,4.2491e-15,5.1825e-18
7.4623,4.4283e-22,1.556e-19,1.5549e-19,1.5815e-19,1.5332e-19,6.8086e-18,4.1919e-15,5.1311e-18
7.5314,4.2893e-22,1.5133e-19,1.5123e-19,1.5377e-19,1.4916e-19,6.7389e-18,4.1478e-15,5.0844e-18
7.6012,4.1583e-22,1.4729e-19,1.4719e-19,1.4962e-19,1.4521e-19,6.6744e-18,4.1126e-15,5.0417e-18
7.6716,4.035e-22,1.4345e-19,1.4335e-19,1.4568e-19,1.4147e-19,6.6148e-18,4.0841e-15,5.0027e-18
7.7426,3.9157e-22,1.3972e-19,1.3963e-19,1.4186e-19,1.3783e-19,6.5562e-18,4.0579e-15,4.9644e-18
7.8144,3.8021e-22,1.3615e-19,1.3607e-19,1.382e-19,1.3435e-19,6.5008e-18,4.0341e-15,4.9287e-18
7.8867,3.6963e-22,1.3279e-19,1.3271e-19,1.3475e-19,1.3106e-19,6.4513e-18,4.0133e-15,4.8974e-18
7.9598,3.5955e-22,1.2956e-19,1.2949e-19,1.3145e-19,1.2791e-19,6.4047e-18,3.993e-15,4.8684e-18
8.0335,3.4989e-22,1.2645e-19,1.2638e-19,1.2826e-19,1.2488e-19,6.3601e-18,3.9718e-15,4.841e-18
8.1079,3.4068e-22,1.2347e-19,1.234e-19,1.252e-19,1.2196e-19,6.3181e-18,3.9497e-15,4.8156e-18
8.183,3.32e-22,1.2062e-19,1.2056e-19,1.2228e-19,1.1918e-19,6.2799e-18,3.9269e-15,4.7931e-18
8.2588,3.2373e-22,1.179e-19,1.1783e-19,1.1949e-19,1.1651e-19,6.2444e-18,3.9025e-15,4.7728e-18
8.3353,3.1578e-22,1.1525e-19,1.1519e-19,1.1679e-19,1.1393e-19,6.2104e-18,3.8754e-15,4.7536e-18
8.4125,3.0826e-22,1.1273e-19,1.1267e-19,1.142e-19,1.1146e-19,6.1795e-18,3.8463e-15,4.7368e-18
8.4904,3.0121e-22,1.1033e-19,1.1028e-19,1.1175e-19,1.0911e-19,6.1527e-18,3.8159e-15,4.7233e-18
8.5691,2.9444e-22,1.0802e-19,1.0796e-19,1.0938e-19,1.0684e-19,6.1273e-18,3.7823e-15,4.711e-18
8.6484,2.8804e-22,1.058e-19,1.0575e-19,1.0711e-19,1.0467e-19,6.105e-18,3.7464e-15,4.701e-18
8.7285,2.8206e-22,1.037e-19,1.0364e-19,1.0496e-19,1.0261e-19,6.0864e-18,3.7088e-15,4.6941e-18
8.8094,2.7635e-22,1.0167e-19,1.0162e-19,1.0289e-19,1.0063e-19,6.07e-18,3.6685e-15,4.6889e-18
8.891,2.7103e-22,9.975e-20,9.9703e-20,1.0092e-19,9.8751e-20,6.0573e-18,3.6265e-15,4.6868e-18
8.9733,2.6596e-22,9.7899e-20,9.7854e-20,9.9032e-20,9.6939e-20,6.0466e-18,3.5819e-15,4.6862e-18
9.0564,2.6128e-22,9.6156e-20,9.6112e-20,9.725e-20,9.5232e-20,6.0403e-18,3.5363e-15,4.6892e-18
9.1403,2.5689e-22,9.4493e-20,9.445e-20,9.5549e-20,9.3603e-20,6.0369e-18,3.489e-15,4.6946e-18
9.225,2.5297e-22,9.2955e-20,9.2914e-20,9.3977e-20,9.2097e-20,6.0397e-18,3.442e-15,4.7049e-18
9.3104,2.4928e-22,9.1484e-20,9.1445e-20,9.2473e-20,9.0657e-20,6.0449e-18,3.3934e-15,4.7174e-18
9.3966,2.4599e-22,9.0121e-20,9.0083e-20,9.1078e-20,8.9323e-20,6.0557e-18,3.3451e-15,4.7343e-18
9.4837,2.4311e-22,8.8871e-20,8.8834e-20,8.9799e-20,8.81e-20,6.0727e-18,3.2976e-15,4.7563e-18
9.5715,2.4069e-22,8.7742e-20,8.7706e-20,8.8643e-20,8.6996e-20,6.0967e-18,3.2514e-15,4.784e-18
9.6602,2.3859e-22,8.6703e-20,8.6669e-20,8.7579e-20,8.5982e-20,6.1259e-18,3.2058e-15,4.816e-18
9.7496,2.3705e-22,8.5815e-20,8.5782e-20,8.6667e-20,8.5116e-20,6.1651e-18,3.1633e-15,4.8561e-18
9.84,2.3603e-22,8.5068e-20,8.5035e-20,8.5899e-20,8.4389e-20,6.2138e-18,3.1236e-15,4.9042e-18
9.9311,2.3554e-22,8.4468e-20,8.4436e-20,8.5279e-20,8.3807e-20,6.2732e-18,3.0873e-15,4.9609e-18
10.023,2.3571e-22,8.4046e-20,8.4015e-20,8.4839e-20,8.3402e-20,6.3461e-18,3.0555e-15,5.0287e-18
10.116,2.3651e-22,8.38e-20,8.377e-20,8.4578e-20,8.3172e-20,6.4329e-18,3.0285e-15,5.108e-18
10.21,2.3832e-22,8.3829e-20,8.3799e-20,8.4594e-20,8.3213e-20,6.5421e-18,3.0098e-15,5.2055e-18
10.304,2.411e-22,8.4125e-20,8.4095e-20,8.488e-20,8.352e-20,6.6741e-18,2.9992e-15,5.3219e-18
10.4,2.4475e-22,8.4671e-20,8.4642e-20,8.5418e-20,8.4075e-20,6.8285e-18,2.9959e-15,5.4568e-18
10.496,2.496e-22,8.5557e-20,8.5528e-20,8.63e-20,8.4967e-20,7.0139e-18,3.0031e-15,5.6173e-18
10.593,2.5674e-22,8.7077e-20,8.7048e-20,8.782e-20,8.6489e-20,7.256e-18,3.0309e-15,5.8242e-18
10.691,2.6518e-22,8.8985e-20,8.8956e-20,8.9732e-20,8.8397e-20,7.5368e-18,3.0703e-15,6.0634e-18
10.79,2.7596e-22,9.1573e-20,9.1543e-20,9.2329e-20,9.098e-20,7.8831e-18,3.1309e-15,6.3566e-18
10.89,2.8996e-22,9.5091e-20,9.5062e-20,9.5864e-20,9.4489e-20,8.3198e-18,3.2209e-15,6.7246e-18
10.991,3.0797e-22,9.979e-20,9.9759e-20,1.0059e-19,9.9172e-20,8.8733e-18,3.3475e-15,7.189e-18
11.093,3.3143e-22,1.0609e-19,1.0606e-19,1.0693e-19,1.0545e-19,9.5873e-18,3.524e-15,7.7863e-18
11.196,3.5938e-22,1.1377e-19,1.1374e-19,1.1465e-19,1.131e-19,1.0448e-17,3.7411e-15,8.5062e-18
11.299,4.0013e-22,1.2523e-19,1.2519e-19,1.2618e-19,1.245e-19,1.1686e-17,4.0758e-15,9.5381e-18
11.404,4.581e-22,1.4182e-19,1.4178e-19,1.4289e-19,1.4102e-19,1.3448e-17,4.5681e-15,1.1004e-17
11.51,5.3381e-22,1.638e-19,1.6375e-19,1.65e-19,1.6289e-19,1.5782e-17,5.2205e-15,1.2947e-17
11.616,6.5079e-22,1.9814e-19,1.9809e-19,1.9958e-19,1.9707e-19,1.9398e-17,6.2481e-15,1.5956e-17
11.724,8.7509e-22,2.6463e-19,2.6456e-19,2.6652e-19,2.6322e-19,2.6321e-17,8.2552e-15,2.1709e-17
11.832,1.31e-21,3.9439e-19,3.9428e-19,3.9716e-19,3.9233e-19,3.9853e-17,1.217e-14,3.2958e-17
11.942,3.3035e-21,9.9169e-19,9.9143e-19,9.9854e-19,9.8664e-19,1.0181e-16,3.0268e-14,8.4426e-17
12.053,4.0149e-20,1.2046e-17,1.2043e-17,1.2128e-17,1.1986e-17,1.2563e-15,3.6365e-13,1.0447e-15
12.164,2.2228e-21,6.6763e-19,6.6746e-19,6.721e-19,6.6438e-19,7.0728e-17,1.9933e-14,5.8985e-17
12.277,1.1816e-21,3.558e-19,3.5571e-19,3.5814e-19,3.541e-19,3.8287e-17,1.0505e-14,3.2023e-17
12.391,7.6997e-22,2.329e-19,2.3284e-19,2.344e-19,2.3181e-19,2.5456e-17,6.8002e-15,2.1354e-17
12.505,5.855e-22,1.7804e-19,1.78e-19,1.7918e-19,1.7723e-19,1.9766e-17,5.1409e-15,1.663e-17
12.621,4.6131e-22,1.413e-19,1.4127e-19,1.4219e-19,1.4067e-19,1.5932e-17,4.0345e-15,1.3445e-17
12.738,3.8612e-22,1.1916e-19,1.1913e-19,1.199e-19,1.1864e-19,1.3645e-17,3.3645e-15,1.155e-17
12.856,3.317e-22,1.0322e-19,1.032e-19,1.0385e-19,1.0278e-19,1.2003e-17,2.8819e-15,1.0192e-17
12.975,2.9048e-22,9.1199e-20,9.1179e-20,9.1746e-20,9.082e-20,1.0769e-17,2.518e-15,9.1737e-18
13.095,2.5826e-22,8.1849e-20,8.1831e-20,8.2332e-20,8.1517e-20,9.8144e-18,2.2346e-15,8.3872e-18
13.217,2.3235e-22,7.4358e-20,7.4342e-20,7.479e-20,7.4063e-20,9.0532e-18,2.0075e-15,7.7621e-18
13.339,2.112e-22,6.8265e-20,6.8251e-20,6.8656e-20,6.8e-20,8.4387e-18,1.8225e-15,7.2593e-18
13.463,1.9356e-22,6.3192e-20,6.3179e-20,6.3548e-20,6.2953e-20,7.9309e-18,1.6683e-15,6.8455e-18
13.587,1.7965e-22,5.9188e-20,5.9176e-20,5.9516e-20,5.8969e-20,7.5414e-18,1.5453e-15,6.5316e-18
13.713,1.668e-22,5.5498e-20,5.5487e-20,5.5801e-20,5.5298e-20,7.1785e-18,1.4329e-15,6.2389e-18
13.84,1.5625e-22,5.246e-20,5.245e-20,5.2742e-20,5.2275e-20,6.888e-18,1.3395e-15,6.0076e-18
13.968,1.4708e-22,4.9812e-20,4.9802e-20,5.0076e-20,4.964e-20,6.6387e-18,1.2579e-15,5.811e-18
14.098,1.3881e-22,4.742e-20,4.7411e-20,4.7667e-20,4.726e-20,6.4146e-18,1.1843e-15,5.6353e-18
14.228,1.3137e-22,4.526e-20,4.5252e-20,4.5493e-20,4.5112e-20,6.214e-18,1.118e-15,5.4792e-18
14.36,1.2467e-22,4.331e-20,4.3303e-20,4.353e-20,4.3172e-20,6.0347e-18,1.0582e-15,5.3411e-18
14.493,1.1856e-22,4.1525e-20,4.1517e-20,4.1732e-20,4.1395e-20,5.8717e-18,1.0035e-15,5.2166e-18
14.627,1.1339e-22,3.999e-20,3.9983e-20,4.0187e-20,3.9868e-20,5.7382e-18,9.56e-16,5.1177e-18
14.763,1.0829e-22,3.8487e-20,3.848e-20,3.8673e-20,3.8372e-20,5.6036e-18,9.1014e-16,5.0173e-18
14.9,1.038e-22,3.7144e-20,3.7138e-20,3.7322e-20,3.7037e-20,5.4874e-18,8.6897e-16,4.9327e-18
15.038,9.9705e-23,3.5908e-20,3.5902e-20,3.6077e-20,3.5807e-20,5.3821e-18,8.3109e-16,4.8577e-18
15.177,9.5843e-23,3.4739e-20,3.4733e-20,3.4899e-20,3.4643e-20,5.2824e-18,7.9548e-16,4.7872e-18
15.317,9.2226e-23,3.3636e-20,3.3631e-20,3.379e-20,3.3546e-20,5.1888e-18,7.6211e-16,4.7219e-18
15.459,8.882e-23,3.2593e-20,3.2588e-20,3.274e-20,3.2507e-20,5.1002e-18,7.3072e-16,4.6608e-18
15.602,8.5618e-23,3.1606e-20,3.1601e-20,3.1746e-20,3.1525e-20,5.0166e-18,7.012e-16,4.604e-18
15.747,8.2789e-23,3.0715e-20,3.071e-20,3.0849e-20,3.0639e-20,4.9448e-18,6.7438e-16,4.5578e-18
15.893,7.9914e-23,2.9819e-20,2.9814e-20,2.9947e-20,2.9746e-20,4.8687e-18,6.4797e-16,4.5074e-18
16.04,7.7346e-23,2.9002e-20,2.8998e-20,2.9125e-20,2.8933e-20,4.8023e-18,6.2378e-16,4.4658e-18
16.189,7.4903e-23,2.822e-20,2.8216e-20,2.8338e-20,2.8155e-20,4.7386e-18,6.0081e-16,4.4264e-18
16.339,7.2567e-23,2.7468e-20,2.7464e-20,2.7581e-20,2.7406e-20,4.677e-18,5.7893e-16,4.3889e-18
16.49,7.033e-23,2.6744e-20,2.674e-20,2.6853e-20,2.6686e-20,4.6172e-18,5.5806e-16,4.353e-18
16.643,6.8189e-23,2.6048e-20,2.6044e-20,2.6152e-20,2.5993e-20,4.5594e-18,5.3817e-16,4.3188e-18
16.797,6.6256e-23,2.5405e-20,2.5401e-20,2.5505e-20,2.5352e-20,4.5083e-18,5.1975e-16,4.2907e-18
16.952,6.4283e-23,2.4756e-20,2.4753e-20,2.4853e-20,2.4706e-20,4.4536e-18,5.0158e-16,4.2592e-18
17.109,6.2491e-23,2.4154e-20,2.4151e-20,2.4247e-20,2.4107e-20,4.4047e-18,4.8469e-16,4.2331e-18
17.268,6.0761e-23,2.357e-20,2.3567e-20,2.366e-20,2.3526e-20,4.3568e-18,4.685e-16,4.2078e-18
17.428,5.9094e-23,2.3005e-20,2.3002e-20,2.3091e-20,2.2963e-20,4.3099e-18,4.5298e-16,4.1835e-18
17.589,5.7473e-23,2.2454e-20,2.2452e-20,2.2537e-20,2.2414e-20,4.2633e-18,4.3804e-16,4.1595e-18
17.752,5.5921e-23,2.1923e-20,2.192e-20,2.2003e-20,2.1885e-20,4.2182e-18,4.2376e-16,4.1367e-18
17.917,5.4493e-23,2.1424e-20,2.1421e-20,2.1501e-20,2.1387e-20,4.1771e-18,4.1037e-16,4.1179e-18
18.082,5.3028e-23,2.0919e-20,2.0917e-20,2.0993e-20,2.0885e-20,4.1328e-18,3.9713e-16,4.0958e-18
18.25,5.1692e-23,2.0448e-20,2.0445e-20,2.0519e-20,2.0415e-20,4.0929e-18,3.8477e-16,4.0781e-18
18.419,5.0393e-23,1.9988e-20,1.9986e-20,2.0057e-20,1.9957e-20,4.0534e-18,3.7287e-16,4.0607e-18
18.59,4.9133e-23,1.954e-20,1.9538e-20,1.9607e-20,1.9511e-20,4.0142e-18,3.614e-16,4.0436e-18
18.762,4.7903e-23,1.9102e-20,1.91e-20,1.9167e-20,1.9075e-20,3.9752e-18,3.5034e-16,4.0267e-18
18.936,4.6777e-23,1.8691e-20,1.8689e-20,1.8753e-20,1.8665e-20,3.9398e-18,3.3997e-16,4.0134e-18
19.111,4.5617e-23,1.8275e-20,1.8274e-20,1.8335e-20,1.8251e-20,3.9016e-18,3.297e-16,3.9972e-18
19.288,4.4559e-23,1.7886e-20,1.7884e-20,1.7943e-20,1.7862e-20,3.867e-18,3.2009e-16,3.9847e-18
19.467,4.3521e-23,1.7503e-20,1.7501e-20,1.7559e-20,1.7481e-20,3.8323e-18,3.1079e-16,3.9721e-18
19.647,4.2503e-23,1.7128e-20,1.7126e-20,1.7182e-20,1.7107e-20,3.7974e-18,3.0179e-16,3.9593e-18
19.829,4.1525e-23,1.6765e-20,1.6763e-20,1.6817e-20,1.6745e-20,3.7634e-18,2.9316e-16,3.9474e-18
20.012,4.0571e-23,1.6409e-20,1.6408e-20,1.646e-20,1.639e-20,3.7295e-18,2.8482e-16,3.9356e-18
20.198,3.9688e-23,1.6072e-20,1.6071e-20,1.6121e-20,1.6055e-20,3.6982e-18,2.7695e-16,3.9265e-18
20.385,3.878e-23,1.5733e-20,1.5731e-20,1.578e-20,1.5716e-20,3.6645e-18,2.6917e-16,3.9149e-18
20.574,3.794e-23,1.5411e-20,1.5409e-20,1.5456e-20,1.5395e-20,3.6334e-18,2.6183e-16,3.9061e-18
20.764,3.7133e-23,1.5099e-20,1.5097e-20,1.5143e-20,1.5084e-20,3.6031e-18,2.5479e-16,3.8981e-18
20.957,3.6377e-23,1.48e-20,1.4799e-20,1.4843e-20,1.4786e-20,3.5745e-18,2.481e-16,3.8921e-18
21.151,3.5606e-23,1.4501e-20,1.45e-20,1.4542e-20,1.4487e-20,3.5442e-18,2.4151e-16,3.8842e-18
21.347,3.4894e-23,1.4217e-20,1.4216e-20,1.4257e-20,1.4204e-20,3.5163e-18,2.3529e-16,3.8789e-18
21.544,3.4171e-23,1.3933e-20,1.3932e-20,1.3972e-20,1.3921e-20,3.4869e-18,2.2918e-16,3.872e-18
21.744,3.3498e-23,1.3662e-20,1.3661e-20,1.37e-20,1.3651e-20,3.4593e-18,2.2338e-16,3.8673e-18
21.945,3.2878e-23,1.3406e-20,1.3405e-20,1.3442e-20,1.3395e-20,3.4341e-18,2.1791e-16,3.8651e-18
22.149,3.2252e-23,1.315e-20,1.3149e-20,1.3185e-20,1.314e-20,3.4076e-18,2.1255e-16,3.8617e-18
22.354,3.1641e-23,1.29e-20,1.2899e-20,1.2934e-20,1.2891e-20,3.3814e-18,2.0736e-16,3.8585e-18
22.561,3.1082e-23,1.2663e-20,1.2662e-20,1.2697e-20,1.2655e-20,3.3574e-18,2.0248e-16,3.858e-18
22.77,3.0538e-23,1.2432e-20,1.2431e-20,1.2465e-20,1.2424e-20,3.3336e-18,1.9776e-16,3.8577e-18
22.981,3.0019e-23,1.2209e-20,1.2208e-20,1.224e-20,1.2201e-20,3.3106e-18,1.9324e-16,3.8586e-18
23.193,2.9516e-23,1.1991e-20,1.199e-20,1.2021e-20,1.1984e-20,3.288e-18,1.8888e-16,3.8599e-18
23.408,2.907e-23,1.1787e-20,1.1786e-20,1.1817e-20,1.1781e-20,3.2682e-18,1.8481e-16,3.8646e-18
23.625,2.8629e-23,1.1587e-20,1.1586e-20,1.1616e-20,1.1581e-20,3.2482e-18,1.8086e-16,3.8693e-18
23.844,2.8204e-23,1.1392e-20,1.1392e-20,1.142e-20,1.1387e-20,3.2287e-18,1.7706e-16,3.8747e-18
24.065,2.7815e-23,1.1208e-20,1.1207e-20,1.1235e-20,1.1202e-20,3.211e-18,1.7348e-16,3.8824e-18
24.288,2.7468e-23,1.1034e-20,1.1033e-20,1.1061e-20,1.1029e-20,3.1955e-18,1.7012e-16,3.893e-18
24.513,2.7142e-23,1.0867e-20,1.0867e-20,1.0893e-20,1.0863e-20,3.181e-18,1.6692e-16,3.905e-18
24.74,2.6847e-23,1.0709e-20,1.0709e-20,1.0735e-20,1.0705e-20,3.1682e-18,1.639e-16,3.9194e-18
24.969,2.6588e-23,1.0562e-20,1.0561e-20,1.0586e-20,1.0558e-20,3.1576e-18,1.6109e-16,3.9367e-18
25.2,2.6367e-23,1.0424e-20,1.0423e-20,1.0448e-20,1.042e-20,3.1492e-18,1.5848e-16,3.9572e-18
25.433,2.6184e-23,1.0297e-20,1.0297e-20,1.0321e-20,1.0294e-20,3.1434e-18,1.5607e-16,3.9812e-18
25.669,2.6036e-23,1.0181e-20,1.018e-20,1.0204e-20,1.0178e-20,3.1399e-18,1.5386e-16,4.0087e-18
25.907,2.5944e-23,1.0079e-20,1.0078e-20,1.0102e-20,1.0076e-20,3.1405e-18,1.5191e-16,4.0419e-18
26.147,2.5901e-23,9.9907e-21,9.9902e-21,1.0013e-20,9.9882e-21,3.1447e-18,1.502e-16,4.0803e-18
26.389,2.5917e-23,9.9186e-21,9.918e-21,9.9403e-21,9.9162e-21,3.1536e-18,1.4877e-16,4.1255e-18
26.633,2.5994e-23,9.8635e-21,9.863e-21,9.8849e-21,9.8614e-21,3.1676e-18,1.4762e-16,4.1782e-18
26.88,2.6157e-23,9.8311e-21,9.8306e-21,9.8522e-21,9.8293e-21,3.1886e-18,1.4684e-16,4.2411e-18
27.129,2.6399e-23,9.821e-21,9.8205e-21,9.8419e-21,9.8193e-21,3.2168e-18,1.4643e-16,4.3147e-18
27.38,2.6753e-23,9.8411e-21,9.8406e-21,9.8618e-21,9.8396e-21,3.2549e-18,1.4649e-16,4.403e-18
27.634,2.7242e-23,9.8985e-21,9.898e-21,9.9192e-21,9.8973e-21,3.3058e-18,1.4714e-16,4.5102e-18
27.89,2.7871e-23,9.9951e-21,9.9946e-21,1.0016e-20,9.994e-21,3.3702e-18,1.4839e-16,4.6378e-18
28.148,2.8684e-23,1.0143e-20,1.0143e-20,1.0164e-20,1.0142e-20,3.4528e-18,1.5043e-16,4.7929e-18
28.409,2.9751e-23,1.0362e-20,1.0362e-20,1.0383e-20,1.0362e-20,3.561e-18,1.5355e-16,4.9865e-18
28.672,3.1152e-23,1.0677e-20,1.0676e-20,1.0698e-20,1.0676e-20,3.7035e-18,1.581e-16,5.232e-18
28.938,3.2914e-23,1.1096e-20,1.1096e-20,1.1118e-20,1.1096e-20,3.8849e-18,1.6424e-16,5.5373e-18
29.206,3.5261e-23,1.1685e-20,1.1684e-20,1.1708e-20,1.1685e-20,4.1289e-18,1.729e-16,5.9379e-18
29.476,3.8431e-23,1.2514e-20,1.2514e-20,1.2539e-20,1.2514e-20,4.4625e-18,1.8516e-16,6.4759e-18
29.749,4.2867e-23,1.3717e-20,1.3716e-20,1.3743e-20,1.3717e-20,4.9358e-18,2.0298e-16,7.2282e-18
30.025,4.9386e-23,1.5537e-20,1.5536e-20,1.5567e-20,1.5537e-20,5.6412e-18,2.2999e-16,8.3371e-18
30.303,5.9155e-23,1.833e-20,1.8329e-20,1.8365e-20,1.8331e-20,6.7148e-18,2.7147e-16,1.0016e-17
30.583,7.5974e-23,2.3232e-20,2.3231e-20,2.3276e-20,2.3234e-20,8.5861e-18,3.4433e-16,1.2927e-17
30.867,1.0889e-22,3.2963e-20,3.2962e-20,3.3025e-20,3.2966e-20,1.229e-17,4.8902e-16,1.8676e-17
31.153,3.9147e-22,1.1752e-19,1.1752e-19,1.1774e-19,1.1753e-19,4.4198e-17,1.7455e-15,6.7802e-17
31.441,2.0603e-20,6.1812e-18,6.1809e-18,6.1926e-18,6.1819e-18,2.3447e-15,9.1932e-14,3.6312e-15
31.732,1.9458e-22,5.8522e-20,5.852e-20,5.863e-20,5.8531e-20,2.2389e-17,8.7178e-16,3.5007e-17
32.026,9.6866e-23,2.9345e-20,2.9344e-20,2.9398e-20,2.9349e-20,1.1322e-17,4.3792e-16,1.7874e-17
32.323,6.2243e-23,1.9096e-20,1.9096e-20,1.9131e-20,1.91e-20,7.4298e-18,2.8556e-16,1.1844e-17
32.622,4.5861e-23,1.4307e-20,1.4306e-20,1.4332e-20,1.4309e-20,5.6126e-18,2.1442e-16,9.0347e-18
32.924,3.6078e-23,1.1487e-20,1.1487e-20,1.1507e-20,1.1489e-20,4.5437e-18,1.7259e-16,7.3863e-18
33.229,2.9787e-23,9.7005e-21,9.7002e-21,9.7176e-21,9.7026e-21,3.8684e-18,1.4614e-16,6.3512e-18
33.537,2.532e-23,8.4503e-21,8.45e-21,8.4651e-21,8.4522e-21,3.3972e-18,1.2768e-16,5.6333e-18
33.848,2.1996e-23,7.5324e-21,7.5322e-21,7.5455e-21,7.5342e-21,3.0525e-18,1.1418e-16,5.1128e-18
34.161,1.9447e-23,6.8364e-21,6.8361e-21,6.8482e-21,6.8381e-21,2.7925e-18,1.0398e-16,4.7248e-18
34.478,1.7501e-23,6.3077e-21,6.3075e-21,6.3185e-21,6.3094e-21,2.5968e-18,9.6293e-17,4.4387e-18
34.797,1.5922e-23,5.8803e-21,5.8801e-21,5.8903e-21,5.8819e-21,2.4398e-18,9.0121e-17,4.2132e-18
35.119,1.4619e-23,5.5277e-21,5.5275e-21,5.537e-21,5.5293e-21,2.3112e-18,8.5071e-17,4.0325e-18
35.445,1.3541e-23,5.2345e-21,5.2343e-21,5.2432e-21,5.236e-21,2.2054e-18,8.0915e-17,3.888e-18
35.773,1.2652e-23,4.9896e-21,4.9895e-21,4.9979e-21,4.9912e-21,2.1181e-18,7.7491e-17,3.7735e-18
36.104,1.1885e-23,4.776e-21,4.7758e-21,4.7839e-21,4.7775e-21,2.0427e-18,7.4541e-17,3.6776e-18
36.439,1.1238e-23,4.592e-21,4.5919e-21,4.5996e-21,4.5936e-21,1.9786e-18,7.2043e-17,3.6002e-18
36.776,1.0673e-23,4.4281e-21,4.428e-21,4.4353e-21,4.4296e-21,1.922e-18,6.9852e-17,3.5347e-18
37.117,1.0171e-23,4.2799e-21,4.2798e-21,4.2869e-21,4.2815e-21,1.8712e-18,6.7903e-17,3.4785e-18
37.461,9.723e-24,4.145e-21,4.1449e-21,4.1517e-21,4.1465e-21,1.8253e-18,6.6157e-17,3.43e-18
37.807,9.3318e-24,4.0234e-21,4.0233e-21,4.0298e-21,4.0249e-21,1.7844e-18,6.4621e-17,3.3899e-18
38.158,8.9775e-24,3.9108e-21,3.9107e-21,3.917e-21,3.9123e-21,1.7467e-18,6.3225e-17,3.3549e-18
38.511,8.6534e-24,3.8056e-21,3.8055e-21,3.8116e-21,3.8071e-21,1.7116e-18,6.1946e-17,3.324e-18
38.868,8.3642e-24,3.7086e-21,3.7085e-21,3.7145e-21,3.7102e-21,1.6795e-18,6.0799e-17,3.2981e-18
39.228,8.0972e-24,3.6172e-21,3.6171e-21,3.6228e-21,3.6187e-21,1.6493e-18,5.9739e-17,3.2753e-18
39.591,7.8506e-24,3.5308e-21,3.5307e-21,3.5363e-21,3.5323e-21,1.6208e-18,5.8762e-17,3.2552e-18
39.958,7.6261e-24,3.4498e-21,3.4497e-21,3.4551e-21,3.4513e-21,1.5942e-18,5.7872e-17,3.2384e-18
40.328,7.4149e-24,3.3723e-21,3.3722e-21,3.3774e-21,3.3738e-21,1.5687e-18,5.704e-17,3.2232e-18
40.701,7.2175e-24,3.2984e-21,3.2983e-21,3.3034e-21,3.2999e-21,1.5443e-18,5.6268e-17,3.21e-18
41.078,7.0355e-24,3.2283e-21,3.2283e-21,3.2332e-21,3.2298e-21,1.5213e-18,5.5561e-17,3.199e-18
41.459,6.8636e-24,3.1611e-21,3.161e-21,3.1658e-21,3.1626e-21,1.4991e-18,5.4901e-17,3.1895e-18
41.843,6.7e-24,3.0962e-21,3.0962e-21,3.1009e-21,3.0977e-21,1.4776e-18,5.4282e-17,3.181e-18
42.23,6.5478e-24,3.0344e-21,3.0343e-21,3.0389e-21,3.0359e-21,1.4571e-18,5.3716e-17,3.1743e-18
42.622,6.4034e-24,2.9748e-21,2.9748e-21,2.9792e-21,2.9763e-21,1.4373e-18,5.3189e-17,3.1688e-18
43.016,6.2678e-24,2.9177e-21,2.9177e-21,2.922e-21,2.9192e-21,1.4183e-18,5.2706e-17,3.1648e-18
43.415,6.1352e-24,2.862e-21,2.8619e-21,2.8662e-21,2.8635e-21,1.3995e-18,5.2246e-17,3.161e-18
43.817,6.0134e-24,2.809e-21,2.8089e-21,2.8131e-21,2.8105e-21,1.3818e-18,5.1837e-17,3.1593e-18
44.223,5.8931e-24,2.757e-21,2.757e-21,2.761e-21,2.7585e-21,1.3641e-18,5.1447e-17,3.1576e-18
44.632,5.7809e-24,2.7073e-21,2.7073e-21,2.7113e-21,2.7088e-21,1.3473e-18,5.1098e-17,3.1575e-18
45.046,5.6744e-24,2.6594e-21,2.6594e-21,2.6633e-21,2.6609e-21,1.331e-18,5.0783e-17,3.1585e-18
45.463,5.5682e-24,2.6123e-21,2.6122e-21,2.616e-21,2.6137e-21,1.3147e-18,5.0482e-17,3.1594e-18
45.884,5.4682e-24,2.567e-21,2.567e-21,2.5706e-21,2.5685e-21,1.2991e-18,5.0217e-17,3.1617e-18
46.309,5.3747e-24,2.5236e-21,2.5236e-21,2.5272e-21,2.5251e-21,1.2841e-18,4.9989e-17,3.1654e-18
46.738,5.2826e-24,2.4812e-21,2.4811e-21,2.4847e-21,2.4826e-21,1.2694e-18,4.9779e-17,3.1695e-18
47.171,5.194e-24,2.44e-21,2.44e-21,2.4435e-21,2.4415e-21,1.255e-18,4.9596e-17,3.1743e-18
47.608,5.1103e-24,2.4005e-21,2.4004e-21,2.4038e-21,2.4019e-21,1.2411e-18,4.9444e-17,3.1805e-18
48.049,5.0271e-24,2.3617e-21,2.3616e-21,2.3649e-21,2.3631e-21,1.2273e-18,4.9308e-17,3.1868e-18
48.494,4.9475e-24,2.3241e-21,2.3241e-21,2.3274e-21,2.3256e-21,1.214e-18,4.9198e-17,3.1941e-18
48.943,4.8716e-24,2.288e-21,2.2879e-21,2.2911e-21,2.2894e-21,1.2011e-18,4.9117e-17,3.2026e-18
49.396,4.7994e-24,2.2531e-21,2.253e-21,2.2562e-21,2.2545e-21,1.1886e-18,4.9064e-17,3.2121e-18
49.854,4.7269e-24,2.2187e-21,2.2187e-21,2.2218e-21,2.2201e-21,1.1762e-18,4.9023e-17,3.2218e-18
50.315,4.6594e-24,2.186e-21,2.1859e-21,2.1889e-21,2.1873e-21,1.1644e-18,4.9016e-17,3.2331e-18
50.782,4.5925e-24,2.1538e-21,2.1538e-21,2.1567e-21,2.1552e-21,1.1527e-18,4.9025e-17,3.2447e-18
51.252,4.5275e-24,2.1227e-21,2.1227e-21,2.1255e-21,2.1241e-21,1.1413e-18,4.9056e-17,3.2573e-18
51.727,4.4665e-24,2.0928e-21,2.0928e-21,2.0956e-21,2.0942e-21,1.1304e-18,4.9118e-17,3.2712e-18
52.206,4.406e-24,2.0637e-21,2.0636e-21,2.0664e-21,2.065e-21,1.1197e-18,4.9196e-17,3.2857e-18
52.689,4.3475e-24,2.0354e-21,2.0354e-21,2.0381e-21,2.0368e-21,1.1093e-18,4.9297e-17,3.3011e-18
53.177,4.2907e-24,2.008e-21,2.008e-21,2.0106e-21,2.0093e-21,1.0991e-18,4.9419e-17,3.3175e-18
53.67,4.2358e-24,1.9815e-21,1.9814e-21,1.9841e-21,1.9828e-21,1.0893e-18,4.9565e-17,3.3349e-18
54.167,4.1833e-24,1.9559e-21,1.9559e-21,1.9585e-21,1.9573e-21,1.0798e-18,4.9736e-17,3.3535e-18
54.669,4.1312e-24,1.931e-21,1.931e-21,1.9335e-21,1.9323e-21,1.0704e-18,4.9923e-17,3.3727e-18
55.175,4.0804e-24,1.9068e-21,1.9068e-21,1.9093e-21,1.9081e-21,1.0614e-18,5.0132e-17,3.3928e-18
55.686,4.0334e-24,1.8838e-21,1.8838e-21,1.8863e-21,1.8852e-21,1.0528e-18,5.0374e-17,3.4148e-18
56.202,3.9852e-24,1.8611e-21,1.8611e-21,1.8635e-21,1.8624e-21,1.0442e-18,5.0626e-17,3.437e-18
56.722,3.9393e-24,1.8393e-21,1.8393e-21,1.8417e-21,1.8406e-21,1.036e-18,5.0904e-17,3.4605e-18
57.248,3.8953e-24,1.8183e-21,1.8183e-21,1.8206e-21,1.8196e-21,1.0281e-18,5.1207e-17,3.4854e-18
57.778,3.8525e-24,1.798e-21,1.798e-21,1.8003e-21,1.7993e-21,1.0204e-18,5.1533e-17,3.5114e-18
58.313,3.8102e-24,1.7783e-21,1.7783e-21,1.7805e-21,1.7796e-21,1.013e-18,5.1877e-17,3.5382e-18
58.853,3.7698e-24,1.7593e-21,1.7593e-21,1.7615e-21,1.7606e-21,1.0058e-18,5.2248e-17,3.5665e-18
59.398,3.73e-24,1.7409e-21,1.7409e-21,1.7431e-21,1.7422e-21,9.9885e-19,5.2639e-17,3.5958e-18
59.948,3.6919e-24,1.7233e-21,1.7232e-21,1.7254e-21,1.7246e-21,9.9219e-19,5.3056e-17,3.6266e-18
60.504,3.6537e-24,1.706e-21,1.706e-21,1.7081e-21,1.7073e-21,9.8564e-19,5.349e-17,3.6581e-18
61.064,3.6173e-24,1.6895e-21,1.6895e-21,1.6916e-21,1.6908e-21,9.794e-19,5.3951e-17,3.6912e-18
61.63,3.5827e-24,1.6737e-21,1.6737e-21,1.6758e-21,1.675e-21,9.7349e-19,5.4441e-17,3.7259e-18
62.2,3.5478e-24,1.6583e-21,1.6582e-21,1.6603e-21,1.6595e-21,9.6766e-19,5.4947e-17,3.7615e-18
62.777,3.5148e-24,1.6436e-21,1.6435e-21,1.6456e-21,1.6448e-21,9.6216e-19,5.5482e-17,3.7988e-18
63.358,3.4815e-24,1.6291e-21,1.6291e-21,1.6311e-21,1.6304e-21,9.5674e-19,5.6034e-17,3.8369e-18
63.945,3.4499e-24,1.6154e-21,1.6154e-21,1.6174e-21,1.6167e-21,9.5163e-19,5.6616e-17,3.8768e-18
64.537,3.4185e-24,1.6021e-21,1.6021e-21,1.6041e-21,1.6034e-21,9.4666e-19,5.7219e-17,3.9178e-18
65.135,3.3884e-24,1.5894e-21,1.5894e-21,1.5913e-21,1.5906e-21,9.4194e-19,5.7849e-17,3.9605e-18
65.738,3.3589e-24,1.5771e-21,1.5771e-21,1.579e-21,1.5783e-21,9.374e-19,5.8503e-17,4.0046e-18
66.347,3.3301e-24,1.5653e-21,1.5652e-21,1.5672e-21,1.5665e-21,9.3306e-19,5.9182e-17,4.0502e-18
66.962,3.3023e-24,1.5539e-21,1.5539e-21,1.5558e-21,1.5552e-21,9.2893e-19,5.9888e-17,4.0974e-18
67.582,3.2748e-24,1.543e-21,1.5429e-21,1.5448e-21,1.5442e-21,9.2494e-19,6.0617e-17,4.1459e-18
68.208,3.2487e-24,1.5326e-21,1.5325e-21,1.5344e-21,1.5338e-21,9.2121e-19,6.1377e-17,4.1964e-18
68.84,3.2225e-24,1.5224e-21,1.5224e-21,1.5242e-21,1.5237e-21,9.1758e-19,6.2158e-17,4.2481e-18
69.477,3.1975e-24,1.5128e-21,1.5128e-21,1.5146e-21,1.514e-21,9.1418e-19,6.297e-17,4.3018e-18
70.121,3.1725e-24,1.5035e-21,1.5034e-21,1.5052e-21,1.5047e-21,9.1088e-19,6.3804e-17,4.3568e-18
70.77,3.1482e-24,1.4945e-21,1.4945e-21,1.4963e-21,1.4957e-21,9.0776e-19,6.4666e-17,4.4136e-18
71.426,3.1246e-24,1.486e-21,1.486e-21,1.4877e-21,1.4872e-21,9.0481e-19,6.5557e-17,4.4721e-18
72.087,3.101e-24,1.4777e-21,1.4776e-21,1.4794e-21,1.4789e-21,9.0195e-19,6.647e-17,4.5321e-18
72.755,3.0781e-24,1.4697e-21,1.4697e-21,1.4715e-21,1.471e-21,8.9927e-19,6.7413e-17,4.5939e-18
73.429,3.0568e-24,1.4623e-21,1.4623e-21,1.464e-21,1.4635e-21,8.9684e-19,6.8392e-17,4.6582e-18
74.109,3.0348e-24,1.455e-21,1.455e-21,1.4567e-21,1.4563e-21,8.9443e-19,6.9391e-17,4.7236e-18
74.795,3.0145e-24,1.4483e-21,1.4482e-21,1.45e-21,1.4495e-21,8.9228e-19,7.0429e-17,4.7916e-18
75.488,2.9931e-24,1.4415e-21,1.4415e-21,1.4432e-21,1.4427e-21,8.901e-19,7.1482e-17,4.8606e-18
76.187,2.9723e-24,1.4351e-21,1.4351e-21,1.4368e-21,1.4363e-21,8.8806e-19,7.2566e-17,4.9316e-18
76.893,2.9528e-24,1.4291e-21,1.4291e-21,1.4308e-21,1.4303e-21,8.8624e-19,7.3687e-17,5.0051e-18
77.605,2.9342e-24,1.4234e-21,1.4234e-21,1.4251e-21,1.4247e-21,8.8459e-19,7.4843e-17,5.0809e-18
78.324,2.9143e-24,1.4178e-21,1.4177e-21,1.4194e-21,1.419e-21,8.8286e-19,7.6013e-17,5.1576e-18
79.049,2.8961e-24,1.4126e-21,1.4125e-21,1.4142e-21,1.4138e-21,8.814e-19,7.7227e-17,5.2373e-18
79.781,2.8782e-24,1.4076e-21,1.4076e-21,1.4092e-21,1.4088e-21,8.8003e-19,7.847e-17,5.319e-18
80.52,2.8604e-24,1.4028e-21,1.4028e-21,1.4044e-21,1.404e-21,8.7875e-19,7.9743e-17,5.4027e-18
81.266,2.8423e-24,1.3981e-21,1.3981e-21,1.3997e-21,1.3994e-21,8.7748e-19,8.1041e-17,5.4881e-18
82.019,2.825e-24,1.3938e-21,1.3937e-21,1.3953e-21,1.395e-21,8.7636e-19,8.2374e-17,5.576e-18
82.779,2.8085e-24,1.3897e-21,1.3897e-21,1.3913e-21,1.3909e-21,8.754e-19,8.3746e-17,5.6665e-18
83.545,2.7918e-24,1.3857e-21,1.3857e-21,1.3873e-21,1.3869e-21,8.7445e-19,8.5145e-17,5.7589e-18
84.319,2.7758e-24,1.382e-21,1.382e-21,1.3836e-21,1.3832e-21,8.7364e-19,8.658e-17,5.8539e-18
85.1,2.7608e-24,1.3786e-21,1.3786e-21,1.3802e-21,1.3798e-21,8.7298e-19,8.8056e-17,5.9518e-18
85.888,2.7449e-24,1.3752e-21,1.3752e-21,1.3767e-21,1.3764e-21,8.7228e-19,8.9554e-17,6.0513e-18
86.684,2.7293e-24,1.3719e-21,1.3719e-21,1.3735e-21,1.3731e-21,8.7165e-19,9.1086e-17,6.1532e-18
87.487,2.7144e-24,1.3689e-21,1.3689e-21,1.3704e-21,1.3701e-21,8.7114e-19,9.2656e-17,6.2579e-18
88.297,2.6993e-24,1.366e-21,1.366e-21,1.3675e-21,1.3672e-21,8.7065e-19,9.4257e-17,6.3648e-18
89.115,2.6854e-24,1.3634e-21,1.3633e-21,1.3649e-21,1.3646e-21,8.7032e-19,9.5903e-17,6.475e-18
89.94,2.6709e-24,1.3608e-21,1.3607e-21,1.3623e-21,1.362e-21,8.6998e-19,9.7576e-17,6.5873e-18
90.773,2.6575e-24,1.3584e-21,1.3584e-21,1.36e-21,1.3597e-21,8.6977e-19,9.9294e-17,6.7028e-18
91.614,2.6433e-24,1.3561e-21,1.3561e-21,1.3576e-21,1.3573e-21,8.6953e-19,1.0104e-16,6.8203e-18
92.463,2.6304e-24,1.354e-21,1.354e-21,1.3555e-21,1.3553e-21,8.6944e-19,1.0283e-16,6.9414e-18
93.319,2.6167e-24,1.3519e-21,1.3519e-21,1.3535e-21,1.3532e-21,8.6931e-19,1.0465e-16,7.0645e-18
94.183,2.604e-24,1.3501e-21,1.3501e-21,1.3516e-21,1.3514e-21,8.6931e-19,1.0651e-16,7.1912e-18
95.056,2.5908e-24,1.3483e-21,1.3483e-21,1.3498e-21,1.3495e-21,8.6928e-19,1.084e-16,7.3202e-18
95.936,2.5786e-24,1.3467e-21,1.3467e-21,1.3482e-21,1.3479e-21,8.6938e-19,1.1035e-16,7.4528e-18
96.825,2.5664e-24,1.3452e-21,1.3452e-21,1.3467e-21,1.3464e-21,8.695e-19,1.1233e-16,7.5884e-18
97.721,2.5546e-24,1.3438e-21,1.3438e-21,1.3453e-21,1.345e-21,8.6969e-19,1.1435e-16,7.7273e-18
98.627,2.5421e-24,1.3424e-21,1.3424e-21,1.3439e-21,1.3436e-21,8.6982e-19,1.164e-16,7.8684e-18
99.54,2.5305e-24,1.3412e-21,1.3412e-21,1.3427e-21,1.3424e-21,8.7007e-19,1.185e-16,8.0136e-18
100.46,2.5196e-24,1.3402e-21,1.3401e-21,1.3416e-21,1.3414e-21,8.704e-19,1.2065e-16,8.1626e-18
101.39,2.5081e-24,1.3391e-21,1.3391e-21,1.3406e-21,1.3403e-21,8.7069e-19,1.2282e-16,8.3141e-18
102.33,2.4967e-24,1.3381e-21,1.3381e-21,1.3396e-21,1.3393e-21,8.71e-19,1.2504e-16,8.469e-18
103.28,2.4864e-24,1.3373e-21,1.3373e-21,1.3388e-21,1.3386e-21,8.7144e-19,1.2732e-16,8.6283e-18
104.24,2.4752e-24,1.3365e-21,1.3365e-21,1.338e-21,1.3377e-21,8.7179e-19,1.2963e-16,8.7901e-18
105.2,2.4651e-24,1.3359e-21,1.3359e-21,1.3373e-21,1.3371e-21,8.7227e-19,1.3199e-16,8.9565e-18
106.18,2.4559e-24,1.3354e-21,1.3354e-21,1.3369e-21,1.3367e-21,8.7286e-19,1.3441e-16,9.1276e-18
107.16,2.446e-24,1.3349e-21,1.3349e-21,1.3364e-21,1.3362e-21,8.7337e-19,1.3687e-16,9.3014e-18
108.15,2.4361e-24,1.3345e-21,1.3345e-21,1.336e-21,1.3358e-21,8.739e-19,1.3936e-16,9.479e-18
109.15,2.4264e-24,1.3341e-21,1.3341e-21,1.3356e-21,1.3354e-21,8.7445e-19,1.4191e-16,9.6605e-18
110.16,2.4176e-24,1.3339e-21,1.3339e-21,1.3354e-21,1.3352e-21,8.751e-19,1.4451e-16,9.847e-18
111.18,2.408e-24,1.3336e-21,1.3336e-21,1.3351e-21,1.3349e-21,8.7567e-19,1.4716e-16,1.0037e-17
112.21,2.3995e-24,1.3336e-21,1.3336e-21,1.335e-21,1.3348e-21,8.7636e-19,1.4986e-16,1.0232e-17
113.25,2.391e-24,1.3335e-21,1.3335e-21,1.335e-21,1.3348e-21,8.7704e-19,1.5262e-16,1.0431e-17
114.3,2.3828e-24,1.3336e-21,1.3336e-21,1.335e-21,1.3348e-21,8.7776e-19,1.5543e-16,1.0634e-17
115.36,2.3746e-24,1.3336e-21,1.3336e-21,1.3351e-21,1.3349e-21,8.7848e-19,1.5829e-16,1.0842e-17
116.43,2.3667e-24,1.3338e-21,1.3338e-21,1.3352e-21,1.3351e-21,8.7922e-19,1.6121e-16,1.1055e-17
117.51,2.3588e-24,1.3339e-21,1.3339e-21,1.3354e-21,1.3352e-21,8.7997e-19,1.6418e-16,1.1272e-17
118.6,2.352e-24,1.3343e-21,1.3343e-21,1.3358e-21,1.3356e-21,8.8082e-19,1.6722e-16,1.1496e-17
119.7,2.3454e-24,1.3347e-21,1.3347e-21,1.3362e-21,1.336e-21,8.8169e-19,1.7033e-16,1.1724e-17
120.8,2.3381e-24,1.3351e-21,1.3351e-21,1.3365e-21,1.3364e-21,8.825e-19,1.7348e-16,1.1957e-17
121.92,2.332e-24,1.3356e-21,1.3356e-21,1.3371e-21,1.3369e-21,8.8341e-19,1.7671e-16,1.2195e-17
123.05,2.3267e-24,1.3363e-21,1.3363e-21,1.3377e-21,1.3376e-21,8.8439e-19,1.8002e-16,1.2441e-17
124.19,2.3212e-24,1.3369e-21,1.3369e-21,1.3384e-21,1.3382e-21,8.8534e-19,1.8339e-16,1.2691e-17
125.34,2.3161e-24,1.3377e-21,1.3377e-21,1.3391e-21,1.339e-21,8.8633e-19,1.8683e-16,1.2947e-17
126.5,2.3118e-24,1.3386e-21,1.3385e-21,1.34e-21,1.3399e-21,8.8738e-19,1.9035e-16,1.3209e-17
127.68,2.3079e-24,1.3395e-21,1.3395e-21,1.3409e-21,1.3408e-21,8.8846e-19,1.9395e-16,1.3478e-17
128.86,2.3044e-24,1.3405e-21,1.3405e-21,1.342e-21,1.3418e-21,8.8958e-19,1.9763e-16,1.3754e-17
130.05,2.3015e-24,1.3416e-21,1.3416e-21,1.3431e-21,1.3429e-21,8.9074e-19,2.014e-16,1.4036e-17
131.26,2.2991e-24,1.3428e-21,1.3428e-21,1.3443e-21,1.3441e-21,8.9194e-19,2.0525e-16,1.4325e-17
132.47,2.2974e-24,1.3441e-21,1.3441e-21,1.3456e-21,1.3454e-21,8.9319e-19,2.0919e-16,1.4621e-17
133.7,2.2966e-24,1.3455e-21,1.3455e-21,1.347e-21,1.3469e-21,8.945e-19,2.1324e-16,1.4925e-17
134.94,2.2965e-24,1.3471e-21,1.3471e-21,1.3485e-21,1.3484e-21,8.9588e-19,2.1739e-16,1.5236e-17
136.19,2.2982e-24,1.3489e-21,1.3489e-21,1.3503e-21,1.3502e-21,8.9739e-19,2.2166e-16,1.5558e-17
137.45,2.3008e-24,1.3508e-21,1.3508e-21,1.3522e-21,1.3521e-21,8.9898e-19,2.2605e-16,1.5888e-17
138.72,2.304e-24,1.3528e-21,1.3528e-21,1.3542e-21,1.3541e-21,9.006e-19,2.3055e-16,1.6225e-17
140.01,2.3097e-24,1.3551e-21,1.3551e-21,1.3566e-21,1.3565e-21,9.0243e-19,2.352e-16,1.6575e-17
141.3,2.3159e-24,1.3575e-21,1.3575e-21,1.359e-21,1.3589e-21,9.0429e-19,2.3998e-16,1.6933e-17
142.61,2.3246e-24,1.3603e-21,1.3602e-21,1.3617e-21,1.3616e-21,9.0636e-19,2.4492e-16,1.7303e-17
143.93,2.3358e-24,1.3633e-21,1.3633e-21,1.3648e-21,1.3647e-21,9.0862e-19,2.5005e-16,1.7686e-17
145.27,2.3484e-24,1.3666e-21,1.3666e-21,1.3681e-21,1.3679e-21,9.11e-19,2.5533e-16,1.808e-17
146.61,2.3664e-24,1.3705e-21,1.3705e-21,1.372e-21,1.3719e-21,9.1383e-19,2.6088e-16,1.8493e-17
147.97,2.3862e-24,1.3748e-21,1.3748e-21,1.3762e-21,1.3761e-21,9.1682e-19,2.6662e-16,1.8919e-17
149.34,2.4121e-24,1.3798e-21,1.3798e-21,1.3813e-21,1.3812e-21,9.2032e-19,2.7267e-16,1.9366e-17
150.72,2.4424e-24,1.3854e-21,1.3854e-21,1.3869e-21,1.3868e-21,9.2422e-19,2.7901e-16,1.9832e-17
152.12,2.4784e-24,1.3919e-21,1.3918e-21,1.3934e-21,1.3933e-21,9.2862e-19,2.8568e-16,2.0321e-17
153.53,2.5242e-24,1.3997e-21,1.3997e-21,1.4012e-21,1.4011e-21,9.3393e-19,2.9283e-16,2.0843e-17
154.95,2.5811e-24,1.4091e-21,1.4091e-21,1.4106e-21,1.4105e-21,9.4029e-19,3.0053e-16,2.1402e-17
156.38,2.6464e-24,1.4198e-21,1.4198e-21,1.4213e-21,1.4212e-21,9.475e-19,3.0874e-16,2.1996e-17
157.83,2.7354e-24,1.4341e-21,1.4341e-21,1.4356e-21,1.4355e-21,9.571e-19,3.18e-16,2.2662e-17
159.3,2.8392e-24,1.4509e-21,1.4509e-21,1.4525e-21,1.4524e-21,9.6836e-19,3.2813e-16,2.3387e-17
160.77,2.9752e-24,1.4732e-21,1.4732e-21,1.4748e-21,1.4747e-21,9.8321e-19,3.3985e-16,2.4222e-17
162.26,3.1528e-24,1.5029e-21,1.5029e-21,1.5046e-21,1.5045e-21,1.0031e-18,3.5373e-16,2.5207e-17
163.76,3.3913e-24,1.5445e-21,1.5445e-21,1.5462e-21,1.5461e-21,1.0308e-18,3.7094e-16,2.6424e-17
165.28,3.7229e-24,1.6055e-21,1.6055e-21,1.6072e-21,1.6071e-21,1.0714e-18,3.9355e-16,2.8021e-17
166.81,4.2029e-24,1.7004e-21,1.7004e-21,1.7022e-21,1.7021e-21,1.1347e-18,4.2549e-16,3.0274e-17
168.36,4.8909e-24,1.8485e-21,1.8485e-21,1.8505e-21,1.8504e-21,1.2334e-18,4.7231e-16,3.3574e-17
169.91,6.0997e-24,2.1355e-21,2.1355e-21,2.1378e-21,2.1377e-21,1.4247e-18,5.5727e-16,3.9569e-17
171.49,8.2598e-24,2.7005e-21,2.7005e-21,2.7034e-21,2.7033e-21,1.8015e-18,7.1992e-16,5.1049e-17
173.08,1.3605e-23,4.2131e-21,4.2131e-21,4.2177e-21,4.2175e-21,2.8101e-18,1.1477e-15,8.1254e-17
174.68,4.4904e-23,1.351e-20,1.351e-20,1.3525e-20,1.3524e-20,9.0097e-18,3.7618e-15,2.6583e-16
176.3,3.2252e-23,9.7298e-21,9.7297e-21,9.7403e-21,9.7399e-21,6.4874e-18,2.7698e-15,1.9532e-16
177.93,1.1719e-23,3.6685e-21,3.6685e-21,3.6725e-21,3.6723e-21,2.4455e-18,1.0681e-15,7.5138e-17
179.58,7.3273e-24,2.4494e-21,2.4494e-21,2.4521e-21,2.452e-21,1.6325e-18,7.2959e-16,5.1188e-17
181.24,5.2911e-24,1.9413e-21,1.9413e-21,1.9434e-21,1.9433e-21,1.2935e-18,5.9176e-16,4.1394e-17
182.92,4.2442e-24,1.7143e-21,1.7143e-21,1.7162e-21,1.7161e-21,1.1419e-18,5.3498e-16,3.7298e-17
184.61,3.5915e-24,1.592e-21,1.592e-21,1.5937e-21,1.5937e-21,1.0602e-18,5.088e-16,3.5343e-17
186.32,3.1522e-24,1.5206e-21,1.5206e-21,1.5223e-21,1.5222e-21,1.0123e-18,4.979e-16,3.4447e-17
188.05,2.8576e-24,1.4787e-21,1.4787e-21,1.4803e-21,1.4802e-21,9.8409e-19,4.9625e-16,3.4182e-17
189.79,2.6256e-24,1.4494e-21,1.4494e-21,1.451e-21,1.4509e-21,9.6428e-19,4.9877e-16,3.419e-17
191.55,2.4599e-24,1.431e-21,1.431e-21,1.4325e-21,1.4325e-21,9.5165e-19,5.0513e-16,3.4446e-17
193.32,2.3233e-24,1.4174e-21,1.4174e-21,1.4189e-21,1.4189e-21,9.4227e-19,5.135e-16,3.482e-17
195.11,2.221e-24,1.4085e-21,1.4085e-21,1.4101e-21,1.41e-21,9.3601e-19,5.2396e-16,3.5313e-17
196.92,2.1376e-24,1.4023e-21,1.4023e-21,1.4038e-21,1.4038e-21,9.3144e-19,5.3586e-16,3.5878e-17
198.75,2.0696e-24,1.3979e-21,1.3979e-21,1.3995e-21,1.3994e-21,9.2816e-19,5.4909e-16,3.6504e-17
200.59,2.0139e-24,1.3951e-21,1.3951e-21,1.3966e-21,1.3966e-21,9.2584e-19,5.6353e-16,3.7181e-17
202.44,1.9655e-24,1.3932e-21,1.3932e-21,1.3947e-21,1.3946e-21,9.241e-19,5.7907e-16,3.7895e-17
204.32,1.9257e-24,1.3922e-21,1.3922e-21,1.3937e-21,1.3936e-21,9.2297e-19,5.9579e-16,3.8651e-17
206.21,1.8911e-24,1.3917e-21,1.3917e-21,1.3933e-21,1.3932e-21,9.2221e-19,6.1364e-16,3.9439e-17
208.12,1.8596e-24,1.3917e-21,1.3917e-21,1.3933e-21,1.3932e-21,9.2169e-19,6.3262e-16,4.0256e-17
210.05,1.8325e-24,1.3922e-21,1.3922e-21,1.3937e-21,1.3936e-21,9.2146e-19,6.5284e-16,4.1104e-17
212,1.8092e-24,1.393e-21,1.393e-21,1.3945e-21,1.3945e-21,9.2147e-19,6.744e-16,4.1983e-17
213.96,1.788e-24,1.3941e-21,1.3941e-21,1.3956e-21,1.3956e-21,9.2162e-19,6.9732e-16,4.289e-17
215.94,1.7677e-24,1.3953e-21,1.3953e-21,1.3968e-21,1.3968e-21,9.2185e-19,7.2166e-16,4.3823e-17
217.94,1.7499e-24,1.3968e-21,1.3968e-21,1.3983e-21,1.3983e-21,9.2223e-19,7.4762e-16,4.4785e-17
219.96,1.734e-24,1.3985e-21,1.3985e-21,1.4e-21,1.4e-21,9.2273e-19,7.7532e-16,4.5777e-17
222,1.7184e-24,1.4003e-21,1.4002e-21,1.4018e-21,1.4018e-21,9.2327e-19,8.0483e-16,4.6794e-17
224.05,1.7044e-24,1.4022e-21,1.4022e-21,1.4038e-21,1.4037e-21,9.2389e-19,8.3639e-16,4.7842e-17
226.13,1.6905e-24,1.4042e-21,1.4042e-21,1.4058e-21,1.4058e-21,9.2455e-19,8.7013e-16,4.8917e-17
228.22,1.6778e-24,1.4064e-21,1.4064e-21,1.408e-21,1.4079e-21,9.2528e-19,9.0632e-16,5.0023e-17
230.34,1.6657e-24,1.4087e-21,1.4087e-21,1.4103e-21,1.4102e-21,9.2606e-19,9.4517e-16,5.1159e-17
232.47,1.6546e-24,1.4111e-21,1.4111e-21,1.4127e-21,1.4126e-21,9.2689e-19,9.8699e-16,5.2327e-17
234.62,1.6433e-24,1.4135e-21,1.4135e-21,1.4151e-21,1.4151e-21,9.2773e-19,1.0321e-15,5.3525e-17
236.8,1.6338e-24,1.4161e-21,1.4161e-21,1.4177e-21,1.4177e-21,9.2866e-19,1.0808e-15,5.4758e-17
238.99,1.6237e-24,1.4188e-21,1.4188e-21,1.4204e-21,1.4203e-21,9.2959e-19,1.1336e-15,5.6023e-17
241.2,1.6137e-24,1.4215e-21,1.4215e-21,1.4231e-21,1.4231e-21,9.3054e-19,1.191e-15,5.7321e-17
243.44,1.604e-24,1.4243e-21,1.4243e-21,1.4259e-21,1.4259e-21,9.3151e-19,1.2535e-15,5.8654e-17
245.69,1.5958e-24,1.4272e-21,1.4272e-21,1.4288e-21,1.4288e-21,9.3256e-19,1.3219e-15,6.0026e-17
247.97,1.5868e-24,1.4302e-21,1.4302e-21,1.4318e-21,1.4318e-21,9.3359e-19,1.3969e-15,6.1433e-17
250.26,1.5779e-24,1.4332e-21,1.4332e-21,1.4348e-21,1.4348e-21,9.3465e-19,1.4795e-15,6.2878e-17
252.58,1.5701e-24,1.4363e-21,1.4363e-21,1.438e-21,1.4379e-21,9.3576e-19,1.5709e-15,6.4364e-17
254.92,1.5614e-24,1.4395e-21,1.4395e-21,1.4411e-21,1.4411e-21,9.3686e-19,1.6725e-15,6.5888e-17
257.28,1.5541e-24,1.4428e-21,1.4428e-21,1.4444e-21,1.4444e-21,9.3801e-19,1.7861e-15,6.7456e-17
259.67,1.5459e-24,1.4461e-21,1.4461e-21,1.4478e-21,1.4477e-21,9.3916e-19,1.9137e-15,6.9064e-17
262.07,1.5377e-24,1.4495e-21,1.4495e-21,1.4512e-21,1.4511e-21,9.4033e-19,2.058e-15,7.0717e-17
264.5,1.5306e-24,1.453e-21,1.453e-21,1.4547e-21,1.4547e-21,9.4154e-19,2.2224e-15,7.2416e-17
266.95,1.5235e-24,1.4566e-21,1.4566e-21,1.4583e-21,1.4582e-21,9.4277e-19,2.4113e-15,7.4162e-17
269.42,1.5157e-24,1.4602e-21,1.4602e-21,1.4619e-21,1.4619e-21,9.44e-19,2.6302e-15,7.5955e-17
271.92,1.509e-24,1.4639e-21,1.4639e-21,1.4656e-21,1.4656e-21,9.4527e-19,2.8866e-15,7.78e-17
274.43,1.5013e-24,1.4677e-21,1.4677e-21,1.4694e-21,1.4694e-21,9.4654e-19,3.1905e-15,7.9693e-17
276.98,1.4948e-24,1.4716e-21,1.4716e-21,1.4733e-21,1.4732e-21,9.4786e-19,3.5556e-15,8.1641e-17
279.54,1.4881e-24,1.4755e-21,1.4755e-21,1.4772e-21,1.4772e-21,9.4918e-19,4.001e-15,8.3643e-17
282.13,1.4807e-24,1.4795e-21,1.4795e-21,1.4812e-21,1.4812e-21,9.5051e-19,4.5538e-15,8.57e-17
284.74,1.4743e-24,1.4836e-21,1.4836e-21,1.4853e-21,1.4853e-21,9.5188e-19,5.2531e-15,8.7816e-17
287.38,1.4681e-24,1.4878e-21,1.4878e-21,1.4895e-21,1.4895e-21,9.5327e-19,6.1549e-15,8.9992e-17
290.04,1.4616e-24,1.492e-21,1.492e-21,1.4938e-21,1.4937e-21,9.5468e-19,7.3349e-15,9.2229e-17
292.73,1.4544e-24,1.4963e-21,1.4963e-21,1.4981e-21,1.4981e-21,9.5609e-19,8.8748e-15,9.4528e-17
295.44,1.4482e-24,1.5007e-21,1.5007e-21,1.5025e-21,1.5025e-21,9.5753e-19,1.0772e-14,9.6894e-17
298.18,1.4422e-24,1.5052e-21,1.5052e-21,1.507e-21,1.507e-21,9.59e-19,1.2652e-14,9.9327e-17
300.94,1.436e-24,1.5098e-21,1.5098e-21,1.5116e-21,1.5116e-21,9.6048e-19,1.3502e-14,1.0183e-16
303.73,1.4301e-24,1.5145e-21,1.5145e-21,1.5163e-21,1.5162e-21,9.6198e-19,1.2662e-14,1.044e-16
306.54,1.4241e-24,1.5192e-21,1.5192e-21,1.521e-21,1.521e-21,9.6351e-19,1.0905e-14,1.0705e-16
309.38,1.4183e-24,1.524e-21,1.524e-21,1.5258e-21,1.5258e-21,9.6505e-19,9.1613e-15,1.0978e-16
312.24,1.4124e-24,1.5289e-21,1.5289e-21,1.5308e-21,1.5307e-21,9.6661e-19,7.7456e-15,1.1258e-16
315.14,1.4066e-24,1.5339e-21,1.5339e-21,1.5358e-21,1.5358e-21,9.6819e-19,6.6535e-15,1.1547e-16
318.06,1.4011e-24,1.539e-21,1.539e-21,1.5409e-21,1.5409e-21,9.698e-19,5.8124e-15,1.1844e-16
321,1.3954e-24,1.5442e-21,1.5442e-21,1.5461e-21,1.546e-21,9.7141e-19,5.1552e-15,1.2149e-16
323.97,1.3899e-24,1.5495e-21,1.5495e-21,1.5513e-21,1.5513e-21,9.7305e-19,4.6322e-15,1.2464e-16
326.97,1.3845e-24,1.5548e-21,1.5548e-21,1.5567e-21,1.5567e-21,9.7471e-19,4.2086e-15,1.2788e-16
330,1.3791e-24,1.5603e-21,1.5603e-21,1.5622e-21,1.5621e-21,9.7639e-19,3.8595e-15,1.3121e-16
333.06,1.3739e-24,1.5658e-21,1.5658e-21,1.5677e-21,1.5677e-21,9.7809e-19,3.5677e-15,1.3464e-16
336.14,1.3688e-24,1.5714e-21,1.5714e-21,1.5734e-21,1.5733e-21,9.7981e-19,3.3205e-15,1.3818e-16
339.26,1.365e-24,1.5772e-21,1.5772e-21,1.5791e-21,1.5791e-21,9.8155e-19,3.1088e-15,1.4182e-16
342.4,1.3602e-24,1.583e-21,1.583e-21,1.585e-21,1.5849e-21,9.8331e-19,2.9254e-15,1.4557e-16
345.57,1.3558e-24,1.5889e-21,1.5889e-21,1.5909e-21,1.5909e-21,9.8509e-19,2.7652e-15,1.4943e-16
348.77,1.3516e-24,1.5949e-21,1.5949e-21,1.5969e-21,1.5969e-21,9.8688e-19,2.6242e-15,1.534e-16
352,1.3487e-24,1.6011e-21,1.6011e-21,1.6031e-21,1.6031e-21,9.887e-19,2.4992e-15,1.575e-16
355.26,1.3454e-24,1.6073e-21,1.6073e-21,1.6093e-21,1.6093e-21,9.9054e-19,2.3876e-15,1.6172e-16
358.55,1.3426e-24,1.6136e-21,1.6136e-21,1.6157e-21,1.6156e-21,9.9239e-19,2.2873e-15,1.6607e-16
361.87,1.3414e-24,1.6201e-21,1.6201e-21,1.6221e-21,1.6221e-21,9.9427e-19,2.1969e-15,1.7055e-16
365.23,1.3401e-24,1.6266e-21,1.6266e-21,1.6287e-21,1.6286e-21,9.9616e-19,2.1149e-15,1.7516e-16
368.61,1.3402e-24,1.6332e-21,1.6332e-21,1.6353e-21,1.6353e-21,9.9807e-19,2.0402e-15,1.7992e-16
372.02,1.3429e-24,1.64e-21,1.64e-21,1.6421e-21,1.6421e-21,1e-18,1.9719e-15,1.8482e-16
375.47,1.347e-24,1.6468e-21,1.6468e-21,1.649e-21,1.6489e-21,1.0019e-18,1.9092e-15,1.8987e-16
378.95,1.3559e-24,1.6538e-21,1.6538e-21,1.6559e-21,1.6559e-21,1.0039e-18,1.8514e-15,1.9508e-16
382.46,1.3686e-24,1.6609e-21,1.6609e-21,1.663e-21,1.663e-21,1.0059e-18,1.7981e-15,2.0045e-16
386,1.3913e-24,1.668e-21,1.668e-21,1.6702e-21,1.6702e-21,1.0079e-18,1.7486e-15,2.0598e-16
389.57,1.4274e-24,1.6753e-21,1.6753e-21,1.6775e-21,1.6775e-21,1.0099e-18,1.7026e-15,2.1169e-16
393.18,1.4918e-24,1.6827e-21,1.6827e-21,1.6849e-21,1.6849e-21,1.0119e-18,1.6598e-15,2.1757e-16
396.82,1.6135e-24,1.6903e-21,1.6903e-21,1.6925e-21,1.6925e-21,1.014e-18,1.6198e-15,2.2364e-16
400.5,1.8692e-24,1.6984e-21,1.6984e-21,1.7006e-21,1.7006e-21,1.0164e-18,1.5828e-15,2.2996e-16
404.21,2.5745e-24,1.7124e-21,1.7124e-21,1.7147e-21,1.7147e-21,1.0222e-18,1.5533e-15,2.3728e-16
407.95,6.1038e-24,2.0674e-21,2.0674e-21,2.0702e-21,2.0702e-21,1.231e-18,1.8269e-15,2.9319e-16
411.73,8.359e-24,2.5888e-21,2.5888e-21,2.5923e-21,2.5923e-21,1.5375e-18,2.2303e-15,3.7575e-16
415.55,2.6984e-24,1.7337e-21,1.7337e-21,1.736e-21,1.736e-21,1.0269e-18,1.4572e-15,2.5755e-16
419.39,1.8556e-24,1.7355e-21,1.7355e-21,1.7379e-21,1.7379e-21,1.0253e-18,1.4241e-15,2.639e-16
423.28,1.5586e-24,1.7443e-21,1.7443e-21,1.7466e-21,1.7466e-21,1.0277e-18,1.3982e-15,2.7148e-16
427.2,1.4194e-24,1.7532e-21,1.7532e-21,1.7556e-21,1.7555e-21,1.0301e-18,1.3736e-15,2.7932e-16
431.16,1.3449e-24,1.762e-21,1.762e-21,1.7645e-21,1.7644e-21,1.0325e-18,1.3502e-15,2.8738e-16
435.15,1.2965e-24,1.771e-21,1.771e-21,1.7734e-21,1.7734e-21,1.0348e-18,1.3278e-15,2.9569e-16
439.18,1.2659e-24,1.7799e-21,1.7799e-21,1.7824e-21,1.7824e-21,1.0371e-18,1.3065e-15,3.0424e-16
443.25,1.2431e-24,1.789e-21,1.789e-21,1.7915e-21,1.7915e-21,1.0394e-18,1.2861e-15,3.1307e-16
447.35,1.2263e-24,1.7982e-21,1.7982e-21,1.8007e-21,1.8007e-21,1.0417e-18,1.2666e-15,3.2218e-16
451.5,1.2122e-24,1.8075e-21,1.8075e-21,1.81e-21,1.81e-21,1.044e-18,1.248e-15,3.3158e-16
455.68,1.2007e-24,1.8169e-21,1.8169e-21,1.8194e-21,1.8194e-21,1.0463e-18,1.2302e-15,3.4128e-16
459.9,1.1906e-24,1.8264e-21,1.8264e-21,1.829e-21,1.829e-21,1.0486e-18,1.213e-15,3.5129e-16
464.16,1.1818e-24,1.836e-21,1.836e-21,1.8387e-21,1.8387e-21,1.0509e-18,1.1966e-15,3.6162e-16
468.46,1.1737e-24,1.8458e-21,1.8458e-21,1.8485e-21,1.8485e-21,1.0533e-18,1.1808e-15,3.7229e-16
472.8,1.1651e-24,1.8558e-21,1.8558e-21,1.8584e-21,1.8584e-21,1.0556e-18,1.1657e-15,3.833e-16
477.18,1.1581e-24,1.8658e-21,1.8658e-21,1.8685e-21,1.8685e-21,1.0579e-18,1.1511e-15,3.9468e-16
481.6,1.1514e-24,1.876e-21,1.876e-21,1.8788e-21,1.8787e-21,1.0603e-18,1.137e-15,4.0642e-16
486.06,1.1461e-24,1.8863e-21,1.8863e-21,1.8891e-21,1.8891e-21,1.0626e-18,1.1234e-15,4.1854e-16
490.56,1.14e-24,1.8968e-21,1.8968e-21,1.8996e-21,1.8996e-21,1.065e-18,1.1103e-15,4.3107e-16
495.1,1.1339e-24,1.9074e-21,1.9074e-21,1.9102e-21,1.9102e-21,1.0674e-18,1.0976e-15,4.44e-16
499.69,1.1281e-24,1.9182e-21,1.9182e-21,1.921e-21,1.921e-21,1.0698e-18,1.0853e-15,4.5736e-16
504.32,1.1224e-24,1.929e-21,1.929e-21,1.932e-21,1.9319e-21,1.0722e-18,1.0735e-15,4.7116e-16
508.99,1.1168e-24,1.9401e-21,1.9401e-21,1.943e-21,1.943e-21,1.0746e-18,1.062e-15,4.8541e-16
513.7,1.1113e-24,1.9513e-21,1.9513e-21,1.9543e-21,1.9542e-21,1.077e-18,1.0508e-15,5.0014e-16
518.46,1.1059e-24,1.9626e-21,1.9626e-21,1.9656e-21,1.9656e-21,1.0794e-18,1.04e-15,5.1535e-16
523.26,1.1005e-24,1.9741e-21,1.9741e-21,1.9771e-21,1.9771e-21,1.0818e-18,1.0295e-15,5.3107e-16
528.11,1.0961e-24,1.9857e-21,1.9857e-21,1.9888e-21,1.9888e-21,1.0842e-18,1.0193e-15,5.473e-16
533,1.0908e-24,1.9975e-21,1.9975e-21,2.0006e-21,2.0006e-21,1.0867e-18,1.0094e-15,5.6408e-16
537.94,1.0855e-24,2.0095e-21,2.0095e-21,2.0126e-21,2.0126e-21,1.0891e-18,9.9969e-16,5.8142e-16
542.92,1.0803e-24,2.0215e-21,2.0215e-21,2.0248e-21,2.0248e-21,1.0916e-18,9.9028e-16,5.9934e-16
547.95,1.0761e-24,2.0338e-21,2.0338e-21,2.037e-21,2.037e-21,1.094e-18,9.811e-16,6.1786e-16
553.02,1.071e-24,2.0462e-21,2.0462e-21,2.0495e-21,2.0495e-21,1.0965e-18,9.7215e-16,6.3699e-16
558.14,1.0659e-24,2.0588e-21,2.0588e-21,2.0621e-21,2.0621e-21,1.0989e-18,9.6342e-16,6.5678e-16
563.31,1.0618e-24,2.0715e-21,2.0715e-21,2.0749e-21,2.0749e-21,1.1014e-18,9.5488e-16,6.7722e-16
568.53,1.0567e-24,2.0844e-21,2.0844e-21,2.0878e-21,2.0878e-21,1.1038e-18,9.4655e-16,6.9835e-16
573.8,1.0517e-24,2.0974e-21,2.0974e-21,2.1009e-21,2.1009e-21,1.1063e-18,9.384e-16,7.2019e-16
579.11,1.0476e-24,2.1106e-21,2.1106e-21,2.1141e-21,2.1141e-21,1.1087e-18,9.3041e-16,7.4277e-16
584.48,1.0427e-24,2.124e-21,2.124e-21,2.1276e-21,2.1276e-21,1.1112e-18,9.2261e-16,7.6612e-16
589.89,1.0387e-24,2.1375e-21,2.1375e-21,2.1412e-21,2.1412e-21,1.1137e-18,9.1495e-16,7.9025e-16
595.35,1.0338e-24,2.1513e-21,2.1513e-21,2.1549e-21,2.1549e-21,1.1161e-18,9.0746e-16,8.152e-16
600.87,1.0298e-24,2.1651e-21,2.1651e-21,2.1689e-21,2.1689e-21,1.1186e-18,9.001e-16,8.4099e-16
606.43,1.0249e-24,2.1792e-21,2.1792e-21,2.183e-21,2.183e-21,1.1211e-18,8.9289e-16,8.6767e-16
612.05,1.021e-24,2.1934e-21,2.1934e-21,2.1972e-21,2.1972e-21,1.1235e-18,8.858e-16,8.9525e-16
617.72,1.0162e-24,2.2078e-21,2.2078e-21,2.2117e-21,2.2117e-21,1.126e-18,8.7885e-16,9.2378e-16
623.44,1.0124e-24,2.2224e-21,2.2224e-21,2.2263e-21,2.2263e-21,1.1284e-18,8.7201e-16,9.5327e-16
629.21,1.0077e-24,2.2371e-21,2.2371e-21,2.2411e-21,2.2411e-21,1.1309e-18,8.6529e-16,9.8377e-16
635.04,1.0038e-24,2.2521e-21,2.2521e-21,2.2561e-21,2.2561e-21,1.1333e-18,8.5867e-16,1.0153e-15
640.92,9.9983e-25,2.2672e-21,2.2672e-21,2.2713e-21,2.2713e-21,1.1358e-18,8.5216e-16,1.0479e-15
646.86,9.9603e-25,2.2825e-21,2.2825e-21,2.2866e-21,2.2866e-21,1.1382e-18,8.4575e-16,1.0817e-15
652.85,9.9233e-25,2.2979e-21,2.2979e-21,2.3022e-21,2.3022e-21,1.1407e-18,8.3944e-16,1.1166e-15
658.9,9.889e-25,2.3136e-21,2.3136e-21,2.3179e-21,2.3179e-21,1.1431e-18,8.3322e-16,1.1527e-15
665,9.8568e-25,2.3294e-21,2.3294e-21,2.3338e-21,2.3338e-21,1.1455e-18,8.2708e-16,1.19e-15
671.16,9.8295e-25,2.3454e-21,2.3454e-21,2.3498e-21,2.3498e-21,1.1479e-18,8.2103e-16,1.2286e-15
677.38,9.8076e-25,2.3616e-21,2.3616e-21,2.3661e-21,2.3661e-21,1.1503e-18,8.1505e-16,1.2686e-15
683.65,9.7947e-25,2.3779e-21,2.3779e-21,2.3825e-21,2.3825e-21,1.1527e-18,8.0915e-16,1.3099e-15
689.98,9.7963e-25,2.3944e-21,2.3944e-21,2.3991e-21,2.3991e-21,1.1551e-18,8.0331e-16,1.3526e-15
696.37,9.8247e-25,2.4111e-21,2.4111e-21,2.4158e-21,2.4158e-21,1.1574e-18,7.9752e-16,1.3967e-15
702.82,9.903e-25,2.4278e-21,2.4278e-21,2.4326e-21,2.4326e-21,1.1597e-18,7.9177e-16,1.4424e-15
709.33,1.0095e-24,2.4445e-21,2.4445e-21,2.4494e-21,2.4494e-21,1.1618e-18,7.8601e-16,1.4894e-15
715.9,1.0593e-24,2.4607e-21,2.4607e-21,2.4656e-21,2.4656e-21,1.1636e-18,7.8009e-16,1.5376e-15
722.53,1.2394e-24,2.4737e-21,2.4737e-21,2.4787e-21,2.4787e-21,1.1638e-18,7.7318e-16,1.5854e-15
729.23,2.6109e-24,2.4353e-21,2.4353e-21,2.4403e-21,2.4403e-21,1.14e-18,7.505e-16,1.6008e-15
735.98,2.3855e-24,2.4646e-21,2.4646e-21,2.4697e-21,2.4697e-21,1.1477e-18,7.4883e-16,1.6617e-15
742.8,1.1889e-24,2.5287e-21,2.5287e-21,2.534e-21,2.5339e-21,1.1714e-18,7.5748e-16,1.7487e-15
749.68,1.0241e-24,2.551e-21,2.551e-21,2.5564e-21,2.5564e-21,1.1756e-18,7.5341e-16,1.8095e-15
756.62,9.7031e-25,2.5707e-21,2.5707e-21,2.5762e-21,2.5762e-21,1.1784e-18,7.4854e-16,1.8705e-15
763.63,9.454e-25,2.59e-21,2.59e-21,2.5956e-21,2.5956e-21,1.1809e-18,7.4351e-16,1.933e-15
770.7,9.3073e-25,2.6093e-21,2.6093e-21,2.615e-21,2.615e-21,1.1833e-18,7.3847e-16,1.9977e-15
777.84,9.2047e-25,2.6287e-21,2.6287e-21,2.6344e-21,2.6344e-21,1.1857e-18,7.3344e-16,2.0645e-15
785.05,9.1265e-25,2.6482e-21,2.6482e-21,2.6541e-21,2.6541e-21,1.188e-18,7.2844e-16,2.1336e-15
792.32,9.0614e-25,2.668e-21,2.6679e-21,2.6739e-21,2.6739e-21,1.1903e-18,7.2347e-16,2.2051e-15
799.66,9.0043e-25,2.6879e-21,2.6879e-21,2.694e-21,2.694e-21,1.1926e-18,7.1854e-16,2.2791e-15
807.06,8.9514e-25,2.7081e-21,2.708e-21,2.7143e-21,2.7143e-21,1.1948e-18,7.1365e-16,2.3556e-15
814.54,8.9015e-25,2.7284e-21,2.7284e-21,2.7347e-21,2.7347e-21,1.197e-18,7.088e-16,2.4349e-15
822.08,8.8546e-25,2.749e-21,2.749e-21,2.7554e-21,2.7554e-21,1.1993e-18,7.0398e-16,2.5169e-15
829.7,8.809e-25,2.7698e-21,2.7698e-21,2.7764e-21,2.7764e-21,1.2015e-18,6.9919e-16,2.6019e-15
837.38,8.7657e-25,2.7909e-21,2.7909e-21,2.7975e-21,2.7975e-21,1.2037e-18,6.9444e-16,2.6898e-15
845.14,8.7229e-25,2.8121e-21,2.8121e-21,2.8189e-21,2.8189e-21,1.2058e-18,6.8972e-16,2.7808e-15
852.96,8.6814e-25,2.8336e-21,2.8336e-21,2.8406e-21,2.8406e-21,1.208e-18,6.8503e-16,2.8749e-15
860.86,8.6401e-25,2.8554e-21,2.8554e-21,2.8624e-21,2.8624e-21,1.2102e-18,6.8038e-16,2.9725e-15
868.84,8.5989e-25,2.8774e-21,2.8773e-21,2.8845e-21,2.8845e-21,1.2123e-18,6.7575e-16,3.0734e-15
876.89,8.5586e-25,2.8996e-21,2.8996e-21,2.9069e-21,2.9069e-21,1.2144e-18,6.7116e-16,3.1779e-15
885.01,8.5192e-25,2.922e-21,2.922e-21,2.9295e-21,2.9295e-21,1.2165e-18,6.6659e-16,3.2861e-15
893.2,8.4802e-25,2.9447e-21,2.9447e-21,2.9523e-21,2.9523e-21,1.2186e-18,6.6205e-16,3.3981e-15
901.48,8.4415e-25,2.9676e-21,2.9676e-21,2.9754e-21,2.9754e-21,1.2207e-18,6.5754e-16,3.5141e-15
909.83,8.4016e-25,2.9908e-21,2.9908e-21,2.9987e-21,2.9987e-21,1.2227e-18,6.5306e-16,3.6341e-15
918.25,8.3644e-25,3.0142e-21,3.0142e-21,3.0223e-21,3.0223e-21,1.2248e-18,6.486e-16,3.7584e-15
926.76,8.326e-25,3.0379e-21,3.0379e-21,3.0461e-21,3.0461e-21,1.2268e-18,6.4417e-16,3.8871e-15
935.34,8.2874e-25,3.0619e-21,3.0619e-21,3.0702e-21,3.0702e-21,1.2288e-18,6.3976e-16,4.0204e-15
944.01,8.2505e-25,3.086e-21,3.086e-21,3.0946e-21,3.0946e-21,1.2308e-18,6.3538e-16,4.1584e-15
952.75,8.2138e-25,3.1105e-21,3.1105e-21,3.1192e-21,3.1192e-21,1.2328e-18,6.3102e-16,4.3012e-15
961.57,8.1759e-25,3.1352e-21,3.1352e-21,3.1441e-21,3.1441e-21,1.2347e-18,6.2669e-16,4.4491e-15
970.48,8.1393e-25,3.1602e-21,3.1602e-21,3.1692e-21,3.1692e-21,1.2367e-18,6.2238e-16,4.6023e-15
979.47,8.104e-25,3.1854e-21,3.1854e-21,3.1946e-21,3.1946e-21,1.2386e-18,6.1809e-16,4.7609e-15
988.54,8.0677e-25,3.2109e-21,3.2109e-21,3.2203e-21,3.2203e-21,1.2405e-18,6.1382e-16,4.9251e-15
997.7,8.0323e-25,3.2366e-21,3.2366e-21,3.2463e-21,3.2463e-21,1.2424e-18,6.0958e-16,5.0951e-15
1006.9,7.999e-25,3.2627e-21,3.2627e-21,3.2725e-21,3.2725e-21,1.2443e-18,6.0535e-16,5.2712e-15
1016.3,7.9667e-25,3.289e-21,3.289e-21,3.299e-21,3.299e-21,1.2461e-18,6.0115e-16,5.4535e-15
1025.7,7.9435e-25,3.3155e-21,3.3155e-21,3.3258e-21,3.3258e-21,1.248e-18,5.9696e-16,5.6423e-15
1035.2,8.1445e-25,3.342e-21,3.342e-21,3.3524e-21,3.3524e-21,1.2497e-18,5.9273e-16,5.837e-15
1044.8,1.7787e-24,3.3414e-21,3.3414e-21,3.352e-21,3.352e-21,1.2412e-18,5.8375e-16,5.9898e-15
1054.4,7.8769e-25,3.3969e-21,3.3969e-21,3.4078e-21,3.4078e-21,1.2534e-18,5.8453e-16,6.2497e-15
1064.2,7.8068e-25,3.4247e-21,3.4247e-21,3.4358e-21,3.4358e-21,1.2552e-18,5.8044e-16,6.4669e-15
1074.1,7.771e-25,3.4527e-21,3.4527e-21,3.464e-21,3.464e-21,1.2569e-18,5.7636e-16,6.6917e-15
1084,7.7432e-25,3.4809e-21,3.4809e-21,3.4925e-21,3.4925e-21,1.2587e-18,5.723e-16,6.9245e-15
1094.1,7.7226e-25,3.5095e-21,3.5095e-21,3.5213e-21,3.5213e-21,1.2604e-18,5.6826e-16,7.1655e-15
1104.2,7.7143e-25,3.5383e-21,3.5383e-21,3.5504e-21,3.5504e-21,1.2621e-18,5.6423e-16,7.4151e-15
1114.4,7.7348e-25,3.5674e-21,3.5674e-21,3.5798e-21,3.5797e-21,1.2638e-18,5.6021e-16,7.6734e-15
1124.7,7.8196e-25,3.5967e-21,3.5967e-21,3.6093e-21,3.6093e-21,1.2654e-18,5.562e-16,7.9407e-15
1135.2,8.2825e-25,3.6256e-21,3.6256e-21,3.6385e-21,3.6385e-21,1.2667e-18,5.521e-16,8.216e-15
1145.7,1.2298e-24,3.6468e-21,3.6468e-21,3.66e-21,3.66e-21,1.2653e-18,5.4683e-16,8.4824e-15
1156.3,1.2029e-24,3.6779e-21,3.6779e-21,3.6913e-21,3.6913e-21,1.2672e-18,5.4302e-16,8.7807e-15
1167,8.072e-25,3.717e-21,3.717e-21,3.7307e-21,3.7307e-21,1.2717e-18,5.4035e-16,9.1086e-15
1177.8,7.6283e-25,3.7487e-21,3.7487e-21,3.7627e-21,3.7627e-21,1.2735e-18,5.3656e-16,9.4291e-15
1188.7,7.473e-25,3.7802e-21,3.7802e-21,3.7946e-21,3.7946e-21,1.2751e-18,5.3271e-16,9.7598e-15
1199.7,7.3897e-25,3.8119e-21,3.8119e-21,3.8266e-21,3.8266e-21,1.2767e-18,5.2887e-16,1.0102e-14
1210.8,7.3302e-25,3.8439e-21,3.8439e-21,3.8589e-21,3.8589e-21,1.2783e-18,5.2504e-16,1.0456e-14
1222,7.2813e-25,3.8762e-21,3.8762e-21,3.8916e-21,3.8916e-21,1.2798e-18,5.2122e-16,1.0823e-14
1233.4,7.2387e-25,3.9089e-21,3.9089e-21,3.9246e-21,3.9246e-21,1.2813e-18,5.1742e-16,1.1203e-14
1244.8,7.2018e-25,3.9418e-21,3.9418e-21,3.9579e-21,3.9579e-21,1.2828e-18,5.1363e-16,1.1596e-14
1256.3,7.1632e-25,3.9751e-21,3.9751e-21,3.9915e-21,3.9915e-21,1.2843e-18,5.0987e-16,1.2003e-14
1268,7.1285e-25,4.0087e-21,4.0087e-21,4.0255e-21,4.0255e-21,1.2857e-18,5.0612e-16,1.2425e-14
1279.7,7.0941e-25,4.0427e-21,4.0427e-21,4.0599e-21,4.0599e-21,1.2872e-18,5.0239e-16,1.2862e-14
1291.5,7.0599e-25,4.077e-21,4.077e-21,4.0946e-21,4.0946e-21,1.2886e-18,4.9867e-16,1.3314e-14
1303.5,7.0258e-25,4.1117e-21,4.1116e-21,4.1296e-21,4.1296e-21,1.29e-18,4.9498e-16,1.3783e-14
1315.6,6.9926e-25,4.1466e-21,4.1466e-21,4.165e-21,4.165e-21,1.2914e-18,4.913e-16,1.4268e-14
1327.8,6.9584e-25,4.182e-21,4.182e-21,4.2008e-21,4.2008e-21,1.2927e-18,4.8764e-16,1.477e-14
1340.1,6.9249e-25,4.2177e-21,4.2177e-21,4.2369e-21,4.2369e-21,1.2941e-18,4.8399e-16,1.529e-14
1352.5,6.8915e-25,4.2537e-21,4.2537e-21,4.2734e-21,4.2734e-21,1.2954e-18,4.8037e-16,1.5829e-14
1365,6.8603e-25,4.2902e-21,4.2902e-21,4.3103e-21,4.3103e-21,1.2968e-18,4.7676e-16,1.6387e-14
1377.7,6.8289e-25,4.3269e-21,4.3269e-21,4.3476e-21,4.3476e-21,1.2981e-18,4.7317e-16,1.6964e-14
1390.4,6.7949e-25,4.3641e-21,4.3641e-21,4.3852e-21,4.3852e-21,1.2994e-18,4.6959e-16,1.7563e-14
1403.3,6.764e-25,4.4016e-21,4.4016e-21,4.4232e-21,4.4232e-21,1.3006e-18,4.6604e-16,1.8182e-14
1416.3,6.732e-25,4.4395e-21,4.4395e-21,4.4616e-21,4.4616e-21,1.3019e-18,4.625e-16,1.8823e-14
1429.4,6.7008e-25,4.4778e-21,4.4778e-21,4.5004e-21,4.5004e-21,1.3032e-18,4.5898e-16,1.9487e-14
1442.6,6.6715e-25,4.5164e-21,4.5164e-21,4.5396e-21,4.5396e-21,1.3044e-18,4.5547e-16,2.0175e-14
1456,6.6398e-25,4.5554e-21,4.5554e-21,4.5792e-21,4.5792e-21,1.3056e-18,4.5199e-16,2.0887e-14
1469.5,6.608e-25,4.5949e-21,4.5949e-21,4.6192e-21,4.6191e-21,1.3068e-18,4.4852e-16,2.1625e-14
1483.1,6.5782e-25,4.6347e-21,4.6347e-21,4.6595e-21,4.6595e-21,1.308e-18,4.4507e-16,2.2388e-14
1496.8,6.5482e-25,4.6749e-21,4.6749e-21,4.7003e-21,4.7003e-21,1.3092e-18,4.4164e-16,2.3179e-14
1510.7,6.5182e-25,4.7155e-21,4.7155e-21,4.7416e-21,4.7415e-21,1.3103e-18,4.3822e-16,2.3997e-14
1524.7,6.489e-25,4.7565e-21,4.7565e-21,4.7832e-21,4.7832e-21,1.3115e-18,4.3482e-16,2.4844e-14
1538.8,6.46e-25,4.7979e-21,4.7979e-21,4.8252e-21,4.8252e-21,1.3126e-18,4.3144e-16,2.5722e-14
1553.1,6.4302e-25,4.8397e-21,4.8397e-21,4.8677e-21,4.8677e-21,1.3137e-18,4.2808e-16,2.663e-14
1567.5,6.4021e-25,4.8819e-21,4.8819e-21,4.9106e-21,4.9106e-21,1.3148e-18,4.2474e-16,2.7571e-14
1582,6.377e-25,4.9245e-21,4.9245e-21,4.9539e-21,4.9539e-21,1.3159e-18,4.2141e-16,2.8545e-14
1596.6,6.3544e-25,4.9676e-21,4.9676e-21,4.9977e-21,4.9977e-21,1.317e-18,4.181e-16,2.9553e-14
1611.4,6.3376e-25,5.0111e-21,5.011e-21,5.0419e-21,5.0419e-21,1.318e-18,4.148e-16,3.0597e-14
1626.3,6.338e-25,5.0549e-21,5.0549e-21,5.0865e-21,5.0865e-21,1.319e-18,4.1152e-16,3.1677e-14
1641.4,6.4118e-25,5.0992e-21,5.0992e-21,5.1316e-21,5.1315e-21,1.3201e-18,4.0826e-16,3.2796e-14
1656.6,6.9804e-25,5.1433e-21,5.1433e-21,5.1765e-21,5.1764e-21,1.3209e-18,4.0497e-16,3.3949e-14
1671.9,1.1436e-24,5.1816e-21,5.1816e-21,5.2155e-21,5.2155e-21,1.3201e-18,4.0121e-16,3.5101e-14
1687.4,6.4303e-25,5.2347e-21,5.2347e-21,5.2696e-21,5.2695e-21,1.323e-18,3.9858e-16,3.6393e-14
1703.1,6.211e-25,5.281e-21,5.281e-21,5.3167e-21,5.3167e-21,1.3241e-18,3.9541e-16,3.768e-14
1718.8,6.1372e-25,5.3276e-21,5.3276e-21,5.3642e-21,5.3642e-21,1.3251e-18,3.9224e-16,3.901e-14
1734.8,6.0917e-25,5.3746e-21,5.3746e-21,5.4121e-21,5.4121e-21,1.326e-18,3.8909e-16,4.0387e-14
1750.8,6.0541e-25,5.4221e-21,5.4221e-21,5.4606e-21,5.4606e-21,1.327e-18,3.8596e-16,4.1813e-14
1767,6.02e-25,5.47e-21,5.47e-21,5.5095e-21,5.5094e-21,1.3279e-18,3.8284e-16,4.3288e-14
1783.4,5.9885e-25,5.5184e-21,5.5184e-21,5.5588e-21,5.5588e-21,1.3288e-18,3.7974e-16,4.4815e-14
1799.9,5.9586e-25,5.5673e-21,5.5673e-21,5.6087e-21,5.6087e-21,1.3297e-18,3.7665e-16,4.6396e-14
1816.6,5.9299e-25,5.6166e-21,5.6166e-21,5.6591e-21,5.6591e-21,1.3306e-18,3.7358e-16,4.8032e-14
1833.4,5.8996e-25,5.6665e-21,5.6665e-21,5.71e-21,5.71e-21,1.3315e-18,3.7053e-16,4.9725e-14
1850.4,5.8711e-25,5.7168e-21,5.7168e-21,5.7614e-21,5.7614e-21,1.3324e-18,3.675e-16,5.1477e-14
1867.5,5.844e-25,5.7676e-21,5.7676e-21,5.8133e-21,5.8133e-21,1.3333e-18,3.6448e-16,5.3291e-14
1884.8,5.8152e-25,5.8188e-21,5.8188e-21,5.8658e-21,5.8658e-21,1.3341e-18,3.6148e-16,5.5168e-14
1902.3,5.7873e-25,5.8706e-21,5.8706e-21,5.9188e-21,5.9188e-21,1.335e-18,3.585e-16,5.7111e-14
1919.9,5.7598e-25,5.9229e-21,5.9229e-21,5.9723e-21,5.9723e-21,1.3358e-18,3.5553e-16,5.9121e-14
1937.7,5.7333e-25,5.9757e-21,5.9757e-21,6.0264e-21,6.0263e-21,1.3366e-18,3.5258e-16,6.1202e-14
1955.7,5.706e-25,6.029e-21,6.029e-21,6.081e-21,6.0809e-21,1.3374e-18,3.4964e-16,6.3354e-14
1973.8,5.6808e-25,6.0828e-21,6.0828e-21,6.1361e-21,6.1361e-21,1.3382e-18,3.4672e-16,6.5582e-14
1992,5.6694e-25,6.1372e-21,6.1372e-21,6.1918e-21,6.1918e-21,1.339e-18,3.4382e-16,6.7887e-14
2010.5,6.1726e-25,6.1916e-21,6.1916e-21,6.2476e-21,6.2476e-21,1.3397e-18,3.4091e-16,7.0267e-14
2029.1,5.6074e-25,6.2475e-21,6.2475e-21,6.3049e-21,6.3049e-21,1.3406e-18,3.3806e-16,7.274e-14
2047.9,5.573e-25,6.3034e-21,6.3034e-21,6.3624e-21,6.3623e-21,1.3414e-18,3.352e-16,7.5293e-14
2066.9,5.5444e-25,6.3599e-21,6.3599e-21,6.4204e-21,6.4204e-21,1.3421e-18,3.3236e-16,7.7935e-14
2086,5.5177e-25,6.4169e-21,6.4169e-21,6.4789e-21,6.4789e-21,1.3429e-18,3.2954e-16,8.0668e-14
2105.3,5.4903e-25,6.4745e-21,6.4745e-21,6.5381e-21,6.5381e-21,1.3436e-18,3.2672e-16,8.3496e-14
2124.8,5.4652e-25,6.5326e-21,6.5326e-21,6.5979e-21,6.5979e-21,1.3443e-18,3.2393e-16,8.6421e-14
2144.5,5.4402e-25,6.5913e-21,6.5913e-21,6.6583e-21,6.6583e-21,1.345e-18,3.2115e-16,8.9447e-14
2164.4,5.4142e-25,6.6505e-21,6.6505e-21,6.7193e-21,6.7193e-21,1.3458e-18,3.1838e-16,9.2577e-14
2184.4,5.389e-25,6.7104e-21,6.7104e-21,6.7809e-21,6.7809e-21,1.3465e-18,3.1562e-16,9.5815e-14
2204.7,5.368e-25,6.7708e-21,6.7708e-21,6.8432e-21,6.8431e-21,1.3472e-18,3.1288e-16,9.9165e-14
2225.1,5.3485e-25,6.8317e-21,6.8317e-21,6.906e-21,6.906e-21,1.3478e-18,3.1016e-16,1.0263e-13
2245.7,5.3408e-25,6.8933e-21,6.8933e-21,6.9695e-21,6.9695e-21,1.3485e-18,3.0744e-16,1.0621e-13
2266.5,5.5064e-25,6.9553e-21,6.9553e-21,7.0336e-21,7.0336e-21,1.3492e-18,3.0473e-16,1.0992e-13
2287.5,9.8669e-25,7.0138e-21,7.0138e-21,7.094e-21,7.094e-21,1.349e-18,3.0186e-16,1.1368e-13
2308.7,5.499e-25,7.0814e-21,7.0814e-21,7.1638e-21,7.1638e-21,1.3505e-18,2.9937e-16,1.1771e-13
2330.1,5.2459e-25,7.1456e-21,7.1456e-21,7.2301e-21,7.2301e-21,1.3512e-18,2.9672e-16,1.2181e-13
2351.6,5.1968e-25,7.2102e-21,7.2102e-21,7.297e-21,7.297e-21,1.3518e-18,2.9407e-16,1.2605e-13
2373.4,5.1623e-25,7.2754e-21,7.2754e-21,7.3645e-21,7.3645e-21,1.3524e-18,2.9143e-16,1.3044e-13
2395.4,5.1337e-25,7.3412e-21,7.3412e-21,7.4327e-21,7.4327e-21,1.3531e-18,2.888e-16,1.3497e-13
2417.6,5.1078e-25,7.4077e-21,7.4077e-21,7.5016e-21,7.5016e-21,1.3537e-18,2.8619e-16,1.3965e-13
2440,5.0812e-25,7.4748e-21,7.4748e-21,7.5712e-21,7.5712e-21,1.3543e-18,2.8359e-16,1.445e-13
2462.6,5.0569e-25,7.5426e-21,7.5426e-21,7.6415e-21,7.6415e-21,1.3549e-18,2.81e-16,1.4951e-13
2485.4,5.0306e-25,7.611e-21,7.611e-21,7.7125e-21,7.7125e-21,1.3555e-18,2.7843e-16,1.5469e-13
2508.4,5.0062e-25,7.68e-21,7.68e-21,7.7843e-21,7.7843e-21,1.3561e-18,2.7587e-16,1.6004e-13
2531.6,4.9818e-25,7.7497e-21,7.7497e-21,7.8568e-21,7.8568e-21,1.3567e-18,2.7332e-16,1.6558e-13
2555.1,4.9572e-25,7.8201e-21,7.8201e-21,7.93e-21,7.93e-21,1.3573e-18,2.7079e-16,1.713e-13
2578.8,4.9334e-25,7.8912e-21,7.8912e-21,8.004e-21,8.004e-21,1.3579e-18,2.6828e-16,1.7721e-13
2602.6,4.9094e-25,7.9629e-21,7.9629e-21,8.0788e-21,8.0788e-21,1.3585e-18,2.6578e-16,1.8332e-13
2626.8,4.8853e-25,8.0354e-21,8.0354e-21,8.1543e-21,8.1543e-21,1.359e-18,2.633e-16,1.8964e-13
2651.1,4.8609e-25,8.1085e-21,8.1085e-21,8.2306e-21,8.2306e-21,1.3596e-18,2.6085e-16,1.9617e-13
2675.6,4.8374e-25,8.1823e-21,8.1823e-21,8.3078e-21,8.3077e-21,1.3602e-18,2.5841e-16,2.0292e-13
2700.4,4.8127e-25,8.2569e-21,8.2569e-21,8.3857e-21,8.3857e-21,1.3607e-18,2.56e-16,2.0989e-13
2725.4,4.7897e-25,8.3321e-21,8.3321e-21,8.4644e-21,8.4644e-21,1.3613e-18,2.5362e-16,2.171e-13
2750.7,4.7665e-25,8.4081e-21,8.4081e-21,8.5439e-21,8.5439e-21,1.3618e-18,2.5127e-16,2.2454e-13
2776.2,4.7432e-25,8.4848e-21,8.4848e-21,8.6243e-21,8.6243e-21,1.3624e-18,2.4895e-16,2.3224e-13
2801.9,4.7207e-25,8.5622e-21,8.5622e-21,8.7055e-21,8.7055e-21,1.3629e-18,2.4667e-16,2.4019e-13
2827.8,4.698e-25,8.6404e-21,8.6404e-21,8.7875e-21,8.7875e-21,1.3634e-18,2.4442e-16,2.484e-13
2854,4.6754e-25,8.7193e-21,8.7193e-21,8.8704e-21,8.8704e-21,1.364e-18,2.4222e-16,2.5688e-13
2880.4,4.6529e-25,8.799e-21,8.799e-21,8.9542e-21,8.9542e-21,1.3645e-18,2.4006e-16,2.6565e-13
2907.1,4.6319e-25,8.8795e-21,8.8795e-21,9.0389e-21,9.0388e-21,1.365e-18,2.3794e-16,2.747e-13
2934,4.6127e-25,8.9607e-21,8.9607e-21,9.1244e-21,9.1244e-21,1.3655e-18,2.3586e-16,2.8405e-13
2961.2,4.602e-25,9.0427e-21,9.0427e-21,9.2108e-21,9.2108e-21,1.3661e-18,2.3383e-16,2.9371e-13
2988.7,4.6623e-25,9.1254e-21,9.1254e-21,9.2982e-21,9.2981e-21,1.3666e-18,2.3185e-16,3.0369e-13
3016.3,5.5627e-25,9.2085e-21,9.2085e-21,9.386e-21,9.3859e-21,1.367e-18,2.2989e-16,3.1398e-13
3044.3,4.553e-25,9.2934e-21,9.2934e-21,9.4757e-21,9.4756e-21,1.3676e-18,2.28e-16,3.2463e-13
3072.5,4.5035e-25,9.3786e-21,9.3786e-21,9.5658e-21,9.5658e-21,1.3681e-18,2.2614e-16,3.3562e-13
3100.9,4.4747e-25,9.4646e-21,9.4646e-21,9.6569e-21,9.6569e-21,1.3686e-18,2.2432e-16,3.4697e-13
3129.6,4.4506e-25,9.5514e-21,9.5514e-21,9.749e-21,9.749e-21,1.3691e-18,2.2253e-16,3.5869e-13
3158.6,4.4275e-25,9.6391e-21,9.6391e-21,9.8421e-21,9.842e-21,1.3696e-18,2.2078e-16,3.7078e-13
3187.9,4.4047e-25,9.7276e-21,9.7275e-21,9.9361e-21,9.9361e-21,1.3701e-18,2.1905e-16,3.8327e-13
3217.4,4.3829e-25,9.8169e-21,9.8169e-21,1.0031e-20,1.0031e-20,1.3706e-18,2.1734e-16,3.9616e-13
3247.2,4.3608e-25,9.9071e-21,9.9071e-21,1.0127e-20,1.0127e-20,1.3711e-18,2.1566e-16,4.0947e-13
3277.3,4.3386e-25,9.9981e-21,9.9981e-21,1.0224e-20,1.0224e-20,1.3716e-18,2.1399e-16,4.2321e-13
3307.6,4.3179e-25,1.009e-20,1.009e-20,1.0322e-20,1.0322e-20,1.3721e-18,2.1234e-16,4.3739e-13
3338.3,4.2954e-25,1.0183e-20,1.0183e-20,1.0422e-20,1.0422e-20,1.3726e-18,2.1071e-16,4.5203e-13
3369.2,4.2744e-25,1.0277e-20,1.0277e-20,1.0522e-20,1.0522e-20,1.3731e-18,2.0909e-16,4.6713e-13
3400.4,4.2533e-25,1.0371e-20,1.0371e-20,1.0623e-20,1.0623e-20,1.3736e-18,2.0747e-16,4.8272e-13
3431.9,4.2326e-25,1.0467e-20,1.0467e-20,1.0726e-20,1.0726e-20,1.3741e-18,2.0587e-16,4.9881e-13
3463.7,4.2118e-25,1.0563e-20,1.0563e-20,1.0829e-20,1.0829e-20,1.3746e-18,2.0428e-16,5.1541e-13
3495.8,4.1907e-25,1.066e-20,1.066e-20,1.0934e-20,1.0934e-20,1.3751e-18,2.0269e-16,5.3253e-13
3528.2,4.1695e-25,1.0759e-20,1.0759e-20,1.104e-20,1.104e-20,1.3756e-18,2.0111e-16,5.502e-13
3560.8,4.1488e-25,1.0858e-20,1.0858e-20,1.1147e-20,1.1147e-20,1.3761e-18,1.9953e-16,5.6843e-13
3593.8,4.128e-25,1.0958e-20,1.0958e-20,1.1255e-20,1.1255e-20,1.3766e-18,1.9796e-16,5.8724e-13
3627.1,4.108e-25,1.1059e-20,1.1059e-20,1.1364e-20,1.1364e-20,1.3771e-18,1.964e-16,6.0663e-13
3660.7,4.0876e-25,1.1161e-20,1.1161e-20,1.1475e-20,1.1475e-20,1.3776e-18,1.9484e-16,6.2664e-13
3694.6,4.0683e-25,1.1264e-20,1.1264e-20,1.1587e-20,1.1587e-20,1.3781e-18,1.9329e-16,6.4728e-13
3728.8,4.0495e-25,1.1369e-20,1.1369e-20,1.17e-20,1.17e-20,1.3786e-18,1.9175e-16,6.6856e-13
3763.4,4.0324e-25,1.1474e-20,1.1474e-20,1.1814e-20,1.1814e-20,1.3791e-18,1.9021e-16,6.9051e-13
3798.2,4.1056e-25,1.158e-20,1.158e-20,1.193e-20,1.193e-20,1.3796e-18,1.8867e-16,7.1314e-13
3833.4,1.547e-24,1.1679e-20,1.1678e-20,1.2038e-20,1.2038e-20,1.3791e-18,1.8702e-16,7.3596e-13
3868.9,4.0219e-25,1.1795e-20,1.1795e-20,1.2165e-20,1.2165e-20,1.3806e-18,1.8563e-16,7.6054e-13
3904.7,3.9517e-25,1.1904e-20,1.1904e-20,1.2284e-20,1.2284e-20,1.3811e-18,1.8412e-16,7.8535e-13
3940.9,3.9279e-25,1.2014e-20,1.2014e-20,1.2405e-20,1.2405e-20,1.3816e-18,1.8262e-16,8.1092e-13
3977.4,3.9074e-25,1.2126e-20,1.2126e-20,1.2527e-20,1.2527e-20,1.3821e-18,1.8112e-16,8.3729e-13
4014.2,3.887e-25,1.2238e-20,1.2238e-20,1.2651e-20,1.2651e-20,1.3826e-18,1.7963e-16,8.6446e-13
4051.4,3.8676e-25,1.2351e-20,1.2351e-20,1.2776e-20,1.2776e-20,1.3832e-18,1.7816e-16,8.9247e-13
4088.9,3.8476e-25,1.2466e-20,1.2466e-20,1.2902e-20,1.2902e-20,1.3837e-18,1.7669e-16,9.2133e-13
4126.8,3.8286e-25,1.2582e-20,1.2582e-20,1.303e-20,1.303e-20,1.3842e-18,1.7522e-16,9.5108e-13
4165,3.8094e-25,1.2698e-20,1.2698e-20,1.3159e-20,1.3159e-20,1.3847e-18,1.7377e-16,9.8174e-13
4203.6,3.7906e-25,1.2816e-20,1.2816e-20,1.329e-20,1.329e-20,1.3853e-18,1.7233e-16,1.0133e-12
4242.6,3.7706e-25,1.2935e-20,1.2935e-20,1.3423e-20,1.3423e-20,1.3858e-18,1.709e-16,1.0459e-12
4281.9,3.7514e-25,1.3055e-20,1.3055e-20,1.3556e-20,1.3556e-20,1.3863e-18,1.6947e-16,1.0794e-12
4321.5,3.7335e-25,1.3177e-20,1.3177e-20,1.3692e-20,1.3692e-20,1.3869e-18,1.6806e-16,1.1139e-12
4361.5,3.7145e-25,1.3299e-20,1.3299e-20,1.3829e-20,1.3829e-20,1.3874e-18,1.6665e-16,1.1495e-12
4401.9,3.6954e-25,1.3423e-20,1.3423e-20,1.3967e-20,1.3967e-20,1.3879e-18,1.6526e-16,1.1862e-12
4442.7,3.6765e-25,1.3548e-20,1.3548e-20,1.4108e-20,1.4108e-20,1.3885e-18,1.6387e-16,1.2239e-12
4483.9,3.6585e-25,1.3674e-20,1.3674e-20,1.425e-20,1.425e-20,1.389e-18,1.625e-16,1.2628e-12
4525.4,3.6394e-25,1.3801e-20,1.3801e-20,1.4393e-20,1.4393e-20,1.3896e-18,1.6113e-16,1.3029e-12
4567.3,3.6217e-25,1.3929e-20,1.3929e-20,1.4538e-20,1.4538e-20,1.3902e-18,1.5978e-16,1.3441e-12
4609.6,3.6045e-25,1.4059e-20,1.4059e-20,1.4685e-20,1.4685e-20,1.3907e-18,1.5844e-16,1.3866e-12
4652.3,3.5863e-25,1.419e-20,1.419e-20,1.4834e-20,1.4834e-20,1.3913e-18,1.571e-16,1.4303e-12
4695.4,3.5732e-25,1.4323e-20,1.4323e-20,1.4985e-20,1.4985e-20,1.3919e-18,1.5578e-16,1.4753e-12
4738.9,3.6241e-25,1.4456e-20,1.4456e-20,1.5137e-20,1.5137e-20,1.3925e-18,1.5447e-16,1.5217e-12
4782.8,3.5673e-25,1.4591e-20,1.4591e-20,1.5291e-20,1.5291e-20,1.393e-18,1.5317e-16,1.5694e-12
4827.1,3.517e-25,1.4727e-20,1.4727e-20,1.5447e-20,1.5447e-20,1.3936e-18,1.5187e-16,1.6185e-12
4871.8,3.497e-25,1.4865e-20,1.4865e-20,1.5605e-20,1.5605e-20,1.3942e-18,1.5059e-16,1.6691e-12
4916.9,3.478e-25,1.5003e-20,1.5003e-20,1.5765e-20,1.5765e-20,1.3948e-18,1.4932e-16,1.7212e-12
4962.4,3.4595e-25,1.5144e-20,1.5144e-20,1.5927e-20,1.5927e-20,1.3954e-18,1.4806e-16,1.7748e-12
5008.4,3.4423e-25,1.5285e-20,1.5285e-20,1.6091e-20,1.6091e-20,1.3961e-18,1.4681e-16,1.8299e-12
5054.8,3.4244e-25,1.5428e-20,1.5428e-20,1.6257e-20,1.6257e-20,1.3967e-18,1.4558e-16,1.8867e-12
5101.6,3.4074e-25,1.5572e-20,1.5572e-20,1.6425e-20,1.6425e-20,1.3973e-18,1.4435e-16,1.9451e-12
5148.9,3.3903e-25,1.5718e-20,1.5718e-20,1.6595e-20,1.6595e-20,1.398e-18,1.4313e-16,2.0053e-12
5196.6,3.3724e-25,1.5865e-20,1.5865e-20,1.6768e-20,1.6767e-20,1.3986e-18,1.4192e-16,2.0672e-12
5244.7,3.3553e-25,1.6014e-20,1.6014e-20,1.6942e-20,1.6942e-20,1.3992e-18,1.4073e-16,2.131e-12
5293.3,3.3381e-25,1.6164e-20,1.6164e-20,1.7119e-20,1.7118e-20,1.3999e-18,1.3954e-16,2.1966e-12
5342.3,3.3211e-25,1.6315e-20,1.6315e-20,1.7297e-20,1.7297e-20,1.4006e-18,1.3836e-16,2.2642e-12
5391.8,3.3043e-25,1.6468e-20,1.6468e-20,1.7479e-20,1.7479e-20,1.4013e-18,1.372e-16,2.3337e-12
5441.7,3.2873e-25,1.6622e-20,1.6622e-20,1.7662e-20,1.7662e-20,1.4019e-18,1.3604e-16,2.4054e-12
5492.1,3.2713e-25,1.6778e-20,1.6778e-20,1.7848e-20,1.7848e-20,1.4026e-18,1.349e-16,2.4792e-12
5543,3.2544e-25,1.6936e-20,1.6936e-20,1.8036e-20,1.8036e-20,1.4033e-18,1.3376e-16,2.5552e-12
5594.3,3.2375e-25,1.7095e-20,1.7095e-20,1.8227e-20,1.8227e-20,1.404e-18,1.3264e-16,2.6335e-12
5646.1,3.222e-25,1.7255e-20,1.7255e-20,1.8421e-20,1.842e-20,1.4048e-18,1.3153e-16,2.7142e-12
5698.4,3.2067e-25,1.7417e-20,1.7417e-20,1.8616e-20,1.8616e-20,1.4055e-18,1.3042e-16,2.7975e-12
5751.2,3.206e-25,1.7581e-20,1.7581e-20,1.8815e-20,1.8815e-20,1.4062e-18,1.2933e-16,2.8833e-12
5804.5,3.2158e-25,1.7746e-20,1.7746e-20,1.9016e-20,1.9016e-20,1.407e-18,1.2824e-16,2.9719e-12
5858.2,3.1593e-25,1.7913e-20,1.7913e-20,1.922e-20,1.9219e-20,1.4077e-18,1.2717e-16,3.0634e-12
5912.5,3.1413e-25,1.8082e-20,1.8082e-20,1.9426e-20,1.9426e-20,1.4085e-18,1.2611e-16,3.1579e-12
5967.3,3.1235e-25,1.8252e-20,1.8252e-20,1.9636e-20,1.9635e-20,1.4093e-18,1.2506e-16,3.2556e-12
6022.5,3.1085e-25,1.8424e-20,1.8424e-20,1.9848e-20,1.9847e-20,1.4101e-18,1.2401e-16,3.3567e-12
6078.3,3.0922e-25,1.8598e-20,1.8598e-20,2.0063e-20,2.0063e-20,1.4109e-18,1.2298e-16,3.4615e-12
6134.6,3.0763e-25,1.8773e-20,1.8773e-20,2.0281e-20,2.0281e-20,1.4117e-18,1.2196e-16,3.5702e-12
6191.4,3.06e-25,1.895e-20,1.895e-20,2.0502e-20,2.0502e-20,1.4125e-18,1.2094e-16,3.683e-12
6248.8,3.0442e-25,1.9129e-20,1.9129e-20,2.0726e-20,2.0726e-20,1.4133e-18,1.1994e-16,3.8004e-12
6306.7,3.0292e-25,1.9309e-20,1.9309e-20,2.0954e-20,2.0953e-20,1.4142e-18,1.1895e-16,3.9226e-12
6365.1,3.0131e-25,1.9491e-20,1.9491e-20,2.1184e-20,2.1184e-20,1.415e-18,1.1796e-16,4.0502e-12
6424,2.9981e-25,1.9676e-20,1.9676e-20,2.1418e-20,2.1417e-20,1.4159e-18,1.1699e-16,4.1835e-12
6483.5,2.9833e-25,1.9862e-20,1.9861e-20,2.1655e-20,2.1655e-20,1.4168e-18,1.1603e-16,4.3231e-12
6543.6,2.9673e-25,2.0049e-20,2.0049e-20,2.1896e-20,2.1895e-20,1.4177e-18,1.1507e-16,4.4695e-12
6604.2,2.9522e-25,2.0239e-20,2.0239e-20,2.214e-20,2.2139e-20,1.4186e-18,1.1413e-16,4.6232e-12
6665.4,2.9372e-25,2.043e-20,2.043e-20,2.2387e-20,2.2387e-20,1.4195e-18,1.1319e-16,4.7845e-12
6727.1,2.9225e-25,2.0624e-20,2.0624e-20,2.2638e-20,2.2638e-20,1.4205e-18,1.1227e-16,4.9534e-12
6789.4,2.9079e-25,2.0819e-20,2.0819e-20,2.2893e-20,2.2893e-20,1.4214e-18,1.1136e-16,5.1292e-12
6852.3,2.9041e-25,2.1016e-20,2.1016e-20,2.3152e-20,2.3151e-20,1.4224e-18,1.1045e-16,5.3099e-12
6915.8,4.6527e-25,2.1215e-20,2.1215e-20,2.3414e-20,2.3414e-20,1.4234e-18,1.0956e-16,5.4912e-12
6979.8,2.8715e-25,2.1417e-20,2.1417e-20,2.3681e-20,2.368e-20,1.4244e-18,1.0867e-16,5.6649e-12
7044.5,2.8488e-25,2.162e-20,2.162e-20,2.3952e-20,2.3951e-20,1.4254e-18,1.078e-16,5.8164e-12
7109.7,2.8335e-25,2.1825e-20,2.1825e-20,2.4226e-20,2.4225e-20,1.4264e-18,1.0694e-16,5.9224e-12
7175.6,2.8193e-25,2.2032e-20,2.2032e-20,2.4505e-20,2.4504e-20,1.4274e-18,1.0608e-16,5.9494e-12
7242,2.8042e-25,2.2242e-20,2.2241e-20,2.4788e-20,2.4787e-20,1.4285e-18,1.0524e-16,5.8523e-12
7309.1,2.7901e-25,2.2453e-20,2.2453e-20,2.5076e-20,2.5075e-20,1.4296e-18,1.0441e-16,5.4998e-12
7376.8,2.7761e-25,2.2667e-20,2.2666e-20,2.5368e-20,2.5367e-20,1.4307e-18,1.0359e-16,5.906e-12
7445.1,2.7611e-25,2.2882e-20,2.2882e-20,2.5665e-20,2.5664e-20,1.4318e-18,1.0278e-16,5.2862e-12
7514.1,2.7471e-25,2.31e-20,2.31e-20,2.5966e-20,2.5965e-20,1.4329e-18,1.0198e-16,4.909e-12
7583.7,2.7331e-25,2.332e-20,2.332e-20,2.6272e-20,2.6271e-20,1.434e-18,1.0119e-16,4.6157e-12
7653.9,2.7191e-25,2.3542e-20,2.3542e-20,2.6583e-20,2.6582e-20,1.4352e-18,1.0041e-16,4.4096e-12
7724.8,2.7051e-25,2.3767e-20,2.3766e-20,2.69e-20,2.6898e-20,1.4364e-18,9.9649e-17,4.2851e-12
7796.4,2.6911e-25,2.3993e-20,2.3993e-20,2.7221e-20,2.722e-20,1.4375e-18,9.8897e-17,4.227e-12
7868.6,2.6773e-25,2.4222e-20,2.4222e-20,2.7548e-20,2.7546e-20,1.4388e-18,9.8158e-17,4.2177e-12
7941.5,2.6642e-25,2.4453e-20,2.4453e-20,2.788e-20,2.7878e-20,1.44e-18,9.7432e-17,4.2415e-12
8015,2.6507e-25,2.4687e-20,2.4686e-20,2.8218e-20,2.8216e-20,1.4412e-18,9.6721e-17,4.2861e-12
8089.2,2.6399e-25,2.4923e-20,2.4922e-20,2.8561e-20,2.8559e-20,1.4425e-18,9.6024e-17,4.3427e-12
8164.2,2.6546e-25,2.5161e-20,2.516e-20,2.891e-20,2.8908e-20,1.4437e-18,9.5342e-17,4.4052e-12
8239.8,2.6104e-25,2.5402e-20,2.5401e-20,2.9265e-20,2.9263e-20,1.445e-18,9.4677e-17,4.4696e-12
8316.1,2.5964e-25,2.5645e-20,2.5644e-20,2.9627e-20,2.9625e-20,1.4463e-18,9.4028e-17,4.5331e-12
8393.1,2.5822e-25,2.589e-20,2.5889e-20,2.9995e-20,2.9992e-20,1.4477e-18,9.3398e-17,4.5938e-12
8470.9,2.5691e-25,2.6138e-20,2.6137e-20,3.0369e-20,3.0366e-20,1.449e-18,9.2787e-17,4.6507e-12
8549.3,2.556e-25,2.6389e-20,2.6388e-20,3.0749e-20,3.0747e-20,1.4504e-18,9.2196e-17,4.7033e-12
8628.5,2.5432e-25,2.6642e-20,2.6641e-20,3.1137e-20,3.1134e-20,1.4517e-18,9.1627e-17,4.7511e-12
8708.4,2.53e-25,2.6897e-20,2.6896e-20,3.1532e-20,3.1529e-20,1.4531e-18,9.1081e-17,4.7943e-12
8789.1,2.517e-25,2.7155e-20,2.7154e-20,3.1933e-20,3.193e-20,1.4545e-18,9.0559e-17,4.833e-12
8870.5,2.504e-25,2.7416e-20,2.7415e-20,3.2342e-20,3.2339e-20,1.456e-18,9.0063e-17,4.8679e-12
8952.7,2.4911e-25,2.768e-20,2.7678e-20,3.2759e-20,3.2755e-20,1.4574e-18,8.9593e-17,4.8995e-12
9035.6,2.4781e-25,2.7946e-20,2.7944e-20,3.3184e-20,3.3179e-20,1.4588e-18,8.9151e-17,4.9289e-12
9119.3,2.4651e-25,2.8214e-20,2.8212e-20,3.3616e-20,3.3612e-20,1.4603e-18,8.8736e-17,4.9572e-12
9203.7,2.4532e-25,2.8486e-20,2.8484e-20,3.4057e-20,3.4052e-20,1.4618e-18,8.8349e-17,4.9859e-12
9289,2.4403e-25,2.876e-20,2.8758e-20,3.4506e-20,3.4501e-20,1.4633e-18,8.7987e-17,5.0166e-12
9375,2.4289e-25,2.9037e-20,2.9035e-20,3.4963e-20,3.4958e-20,1.4648e-18,8.7648e-17,5.0514e-12
9461.8,2.4462e-25,2.9317e-20,2.9314e-20,3.543e-20,3.5424e-20,1.4663e-18,8.7328e-17,5.0923e-12
9549.5,2.4048e-25,2.96e-20,2.9597e-20,3.5906e-20,3.59e-20,1.4679e-18,8.702e-17,5.1418e-12
9637.9,2.3904e-25,2.9885e-20,2.9882e-20,3.6391e-20,3.6385e-20,1.4695e-18,8.6716e-17,5.2027e-12
9727.2,2.3781e-25,3.0173e-20,3.017e-20,3.6886e-20,3.688e-20,1.4711e-18,8.6407e-17,5.2775e-12
9817.3,2.3661e-25,3.0465e-20,3.0461e-20,3.7391e-20,3.7385e-20,1.4728e-18,8.6081e-17,5.3691e-12
9908.2,2.354e-25,3.0759e-20,3.0755e-20,3.7907e-20,3.79e-20,1.4745e-18,8.5727e-17,5.4802e-12
10000,2.3411e-25,3.1056e-20,3.1052e-20,3.8433e-20,3.8426e-20,1.4763e-18,8.5333e-17,5.6136e-12
