0.0010000000 8.8710149582800576e-06 0.458696419845679048687969725506 
0.0010209607 8.8710303864008424e-06 0.468310370196088010530388601182 
0.0010423607 8.8710464680365214e-06 0.478125794838246798157399553020 
0.0010642092 8.8710632308677551e-06 0.488146914208210325192283107754 
0.0010865158 8.8710807037475706e-06 0.498378037038226584520828055247 
0.0011092899 8.8710989167509739e-06 0.508823562197004419793699980801 
0.0011325413 8.8711179012266610e-06 0.519487980567705620593699222809 
0.0011562801 8.8711376898510473e-06 0.530375876963947723297110314888 
0.0011805165 8.8711583166843881e-06 0.541491932086456406736374447064 
0.0012052609 8.8711798172293662e-06 0.552840924518863574554927708959 
0.0012305240 8.8712022284923141e-06 0.564427732764585354807707062719 
0.0012563166 8.8712255890466752e-06 0.576257337325938312488915471477 
0.0012826498 8.8712499390994314e-06 0.588334822825441250415678950958 
0.0013095350 8.8712753205603499e-06 0.600665380171252594188047169155 
0.0013369837 8.8713017771139709e-06 0.613254308764232591855147802562 
0.0013650078 8.8713293542947120e-06 0.626107018755260202880208453280 
0.0013936193 8.8713580995653056e-06 0.639229033342406660622714298370 
0.0014228305 8.8713880623983422e-06 0.652625991119470949541891968693 
0.0014526539 8.8714192943613673e-06 0.666303648470797038605439865933 
0.0014831025 8.8714518492055434e-06 0.680267882013952163156034202984 
0.0015141893 8.8714857829581577e-06 0.694524691092633705835623914027 
0.0015459277 8.8715211540188388e-06 0.709080200321277498431982166949 
0.0015783314 8.8715580232600668e-06 0.723940662178584548591686598229 
0.0016114143 8.8715964541318550e-06 0.739112459656133924390530864912 
0.0016451906 8.8716365127707494e-06 0.754602108957414530188145818101 
0.0016796749 8.8716782681135715e-06 0.770416262255212869192178004596 
0.0017148820 8.8717217920159221e-06 0.786561710500195854223193236976 
0.0017508270 8.8717671593757526e-06 0.803045386288269824603958113585 
0.0017875255 8.8718144482620028e-06 0.819874366785558472692230225221 
0.0018249932 8.8718637400488635e-06 0.837055876709778767796876763896 
0.0018632463 8.8719151195556054e-06 0.854597291373662248936682317435 
0.0019023012 8.8719686751923323e-06 0.872506139786530909852046988817 
0.0019421747 8.8720244991119328e-06 0.890790107819342868999967777199 
0.0019828839 8.8720826873683921e-06 0.909457041430996704356459758856 
0.0020244465 8.8721433400818262e-06 0.928514949959606927798461128987 
0.0020668802 8.8722065616105345e-06 0.947972009476997778953943907254 
0.0021102034 8.8722724607301985e-06 0.967836566210546478394860514527 
0.0021544347 8.8723411508208200e-06 0.988117140032099272595189631829 
0.0021995931 8.8724127500613250e-06 1.008822428012484451187447120901 
0.0022456980 8.8724873816326151e-06 1.029961308049644586048998462502 
0.0022927693 8.8725651739290962e-06 1.051542842563184754212102234305 
0.0023408273 8.8726462607790586e-06 1.073576282261049952282405683945 
0.0023898926 8.8727307816745223e-06 1.096071069981255030612032896897 
0.0024399863 8.8728188820105766e-06 1.119036844604080593867934112495 
0.0024911300 8.8729107133350850e-06 1.142483445041011069776004660525 
0.0025433458 8.8730064336086520e-06 1.166420914299151956328159940313 
0.0025966560 8.8731062074756750e-06 1.190859503621306991760775417788 
0.0026510836 8.8732102065469232e-06 1.215809676707046538268741642241 
0.0027066521 8.8733186096938575e-06 1.241282114008781078950960363727 
0.0027633853 8.8734316033554498e-06 1.267287717111682088244606347871 
0.0028213077 8.8735493818579395e-06 1.293837613193834279456950753229 
0.0028804442 8.8736721477479734e-06 1.320943159567558478073578953627 
0.0029408202 8.8738001121399672e-06 1.348615948303865774704490831937 
0.0030024617 8.8739334950778829e-06 1.376867810943692926883841209929 
0.0030653953 8.8740725259123422e-06 1.405710823291742128660075650259 
0.0031296480 8.8742174436936543e-06 1.435157310297570765200703135633 
0.0031952475 8.8743684975813345e-06 1.465219851023737529516210997826 
0.0032622220 8.8745259472707699e-06 1.495911283700704474952658529219 
0.0033306003 8.8746900634380354e-06 1.527244710873028710196308566083 
0.0034004119 8.8748611282031972e-06 1.559233504631907241133603747585 
0.0034716868 8.8750394356132601e-06 1.591891311940291320325968627003 
0.0035444557 8.8752252921452814e-06 1.625232060046559290356071869610 
0.0036187498 8.8754190172307119e-06 1.659269961992549946572239605302 
0.0036946012 8.8756209438017078e-06 1.694019522210588934996167154168 
0.0037720425 8.8758314188604051e-06 1.729495542214506631495396504761 
0.0038511070 8.8760508040719964e-06 1.765713126382634667876914136286 
0.0039318288 8.8762794763828010e-06 1.802687687834494401073470726260 
0.0040142425 8.8765178286642199e-06 1.840434954399524869472770660650 
0.0040983837 8.8767662703835417e-06 1.878970974679680772112533304607 
0.0041842885 8.8770252283030924e-06 1.918312124204769375523937924299 
0.0042719940 8.8772951472084260e-06 1.958475111681621250170337589225 
0.0043615378 8.8775764906671032e-06 1.999476985333720424620196354226 
0.0044529585 8.8778697418192312e-06 2.041335139334222059659396109055 
0.0045462955 8.8781754042008689e-06 2.084067320331496553365013824077 
0.0046415888 8.8784940026021733e-06 2.127691634062633063706471148180 
0.0047388796 8.8788260839609905e-06 2.172226552057746395973936159862 
0.0048382097 8.8791722182939919e-06 2.217690918433168345558215150959 
0.0049396217 8.8795329996664932e-06 2.264103956770975312196014783694 
0.0050431595 8.8799090472029091e-06 2.311485277082979905571846757084 
0.0051488675 8.8803010061389557e-06 2.359854882859488967028482875321 
0.0052567911 8.8807095489178863e-06 2.409233178197201841186370074865 
0.0053669769 8.8811353763323046e-06 2.459640975007917784722621945548 
0.0054794723 8.8815792187132725e-06 2.511099500301713582928186951904 
0.0055943257 8.8820418371688669e-06 2.563630403542221714019433420617 
0.0057115865 8.8825240248741448e-06 2.617255764072043966450564767001 
0.0058313051 8.8830266084145204e-06 2.671998098604470683881118020508 
0.0059535331 8.8835504491847337e-06 2.727880368773773156476636359002 
0.0060783231 8.8840964448457874e-06 2.784925988742800395669974022894 
0.0062057288 8.8846655308419049e-06 2.843158832864216556401970592560 
0.0063358050 8.8852586819803083e-06 2.902603243381843167725264720502 
0.0064686077 8.8858769140759609e-06 2.963284038177790513657328119734 
0.0066041940 8.8865212856641225e-06 3.025226518546635823270207765745 
0.0067426222 8.8871928997833200e-06 3.088456476998663546851275896188 
0.0068839521 8.8878929058315586e-06 3.153000205077063355929567478597 
0.0070282443 8.8886225014986636e-06 3.218884501187193603044534029323 
0.0071755609 8.8893829347778720e-06 3.286136678421854195875084769796 
0.0073259654 8.8901755060595294e-06 3.354784572377651485908245376777 
0.0074795225 8.8910015703104982e-06 3.424856548947511569735979719553 
0.0076362983 8.8918625393423285e-06 3.496381512082218812054179579718 
0.0077963601 8.8927598841718456e-06 3.569388911501634176204333925853 
0.0079597770 8.8936951374775255e-06 3.643908750348519465234176095692 
0.0081266192 8.8946698961557996e-06 3.719971592766601720114749696222 
0.0082969585 8.8956858239806060e-06 3.797608571385719500312916352414 
0.0084708683 8.8967446543705374e-06 3.876851394702463871055897470796 
0.0086484233 8.8978481932676510e-06 3.957732354330543156351041034213 
0.0088297000 8.8989983221320223e-06 4.040284332108004861083827563561 
0.0090147763 8.9001970010566127e-06 4.124540807036830791787451744312 
0.0092037320 8.9014462720069619e-06 4.210535862032970477741855575005 
0.0093966483 8.9027482621902142e-06 4.298304190463101193131478794385 
0.0095936083 8.9041051875585533e-06 4.387881102442116265649474371457 
0.0097946967 8.9055193564519421e-06 4.479302530866727138914029637817 
0.0100000000 8.9069931733851850e-06 4.572605037149808815399865125073 
0.0102096066 8.9085291429846508e-06 4.667825816632543478590378072113 
0.0104236067 8.9101298740803142e-06 4.765002703634357850148717261618 
0.0106420924 8.9117980839583575e-06 4.864174176109583136451419704827 
0.0108651577 8.9135366027803095e-06 4.965379359872568620914989878656 
0.0110928986 8.9153483781746717e-06 5.068658032349461883825370023260 
0.0113254132 8.9172364800068645e-06 5.174050625818717108472810650710 
0.0115628013 8.9192041053339851e-06 5.281598230090929213531580899144 
0.0118051653 8.9212545835506228e-06 5.391342594584274117153199767927 
0.0120526094 8.9233913817322760e-06 5.503326129742557526469681761228 
0.0123052400 8.9256181101830273e-06 5.617591907745672408225345861865 
0.0125631660 8.9279385281943370e-06 5.734183662451488139311095437733 
0.0128264983 8.9303565500220773e-06 5.853145788516460612527225748636 
0.0130953502 8.9328762510885903e-06 5.974523339624163931205202970887 
0.0133698374 8.9355018744172366e-06 6.098362025762520843841230089311 
0.0136500781 8.9382378373069251e-06 6.224708209475844356006746238563 
0.0139361927 8.9410887382535460e-06 6.353608901017736343419528566301 
0.0142283046 8.9440593641267983e-06 6.485111752329659751126200717408 
0.0145265393 8.9471546976090802e-06 6.619265049761650310244931461057 
0.0148310251 8.9503799249049780e-06 6.756117705449701027475839509862 
0.0151418933 8.9537404437288259e-06 6.895719247260146289590920787305 
0.0154592774 8.9572418715781173e-06 7.038119807205999833854548342060 
0.0157833141 8.9608900543010107e-06 7.183370108235078710379184485646 
0.0161141428 8.9646910749655442e-06 7.331521449291106939938345021801 
0.0164519059 8.9686512630385215e-06 7.482625688529368268575581168989 
0.0167967487 8.9727772038819776e-06 7.636735224587249959427026624326 
0.0171488197 8.9770757485751325e-06 7.793902975777990960182251001243 
0.0175082703 8.9815540240691304e-06 7.954182357093684707649572374066 
0.0178752553 8.9862194436826687e-06 8.117627254885602994249893527012 
0.0182499324 8.9910797179453855e-06 8.284291999089385072352342831437 
0.0186324631 8.9961428657968023e-06 8.454231332856924296947909169830 
0.0190230119 9.0014172261470004e-06 8.627500379452245127254172984976 
0.0194217468 9.0069114698064432e-06 8.804154606263171700675229658373 
0.0198288395 9.0126346117907359e-06 8.984249785776551533444944652729 
0.0202444651 9.0185960240065699e-06 9.167841953358101036997140909079 
0.0206688025 9.0248054483238383e-06 9.354987361680251467532798415050 
0.0211020343 9.0312730100395822e-06 9.545742431624628210329319699667 
0.0215443469 9.0380092317372319e-06 9.740163699496134697142224467825 
0.0219959307 9.0450250475456558e-06 9.938307760374257782132190186530 
0.0224569800 9.0523318178002982e-06 10.140231207422763404224497207906 
0.0229276931 9.0599413441090457e-06 10.345990566981402736246309359558 
0.0234082728 9.0678658848237009e-06 10.555642229263234810332505730912 
0.0238989257 9.0761181709176338e-06 10.769242374467653533542943478096 
0.0243998630 9.0847114222684516e-06 10.986846894134412622179297613911 
0.0249113003 9.0936593643440295e-06 11.208511307554555713750232825987 
0.0254334576 9.1029762452882394e-06 11.434290673059319232152120093815 
0.0259665597 9.1126768534020499e-06 11.664239494006913844259543111548 
0.0265108360 9.1227765350136731e-06 11.898411619298574493086562142707 
0.0270665207 9.1332912127296750e-06 12.136860138251137186671257950366 
0.0276338529 9.1442374040581948e-06 12.379637269665728638301516184583 
0.0282130768 9.1556322403920434e-06 12.626794244941612177512979542371 
0.0288044415 9.1674934863389955e-06 12.878381185086132276751413883176 
0.0294082017 9.1798395593833500e-06 13.134446971496773315379869018216 
0.0300246171 9.1926895498612896e-06 13.395039110391921965970141172875 
0.0306539530 9.2060632412297287e-06 13.660203590790873207083677698392 
0.0312964801 9.2199811306062611e-06 13.929984735963126141200518759433 
0.0319524751 9.2344644495549416e-06 14.204425048282166343938115460332 
0.0326222201 9.2495351850899034e-06 14.483565047448982099353997909930 
0.0333060034 9.2652161008660279e-06 14.767443102073071869995146698784 
0.0340041193 9.2815307585231046e-06 15.056095254631376434417688869871 
0.0347168682 9.2985035391463650e-06 15.349555039855159677131268836092 
0.0354445567 9.3161596648035175e-06 15.647853296632590058834466617554 
0.0361874981 9.3345252201150980e-06 15.951017973558235141240402299445 
0.0369460121 9.3536271738115456e-06 16.259073928291670085855002980679 
0.0377204249 9.3734934002269302e-06 16.572042720946388527636372600682 
0.0385110700 9.3941527006761751e-06 16.889942401770305480113165685907 
0.0393182876 9.4156348246587157e-06 17.212787293440086955342849250883 
0.0401424249 9.4379704908288467e-06 17.540587768334262364078313112259 
0.0409838367 9.4611914076685030e-06 17.873350021226929840167940710671 
0.0418428851 9.4853302937960976e-06 18.211075837892945372686881455593 
0.0427199397 9.5104208978409016e-06 18.553762360180900969908179831691 
0.0436153779 9.5364980178096593e-06 18.901401848188783105797483585775 
0.0445295851 9.5635975198692051e-06 19.253981440233179256438234006055 
0.0454629547 9.5917563564657265e-06 19.611482911385088812039612093940 
0.0464158883 9.6210125836992158e-06 19.973882431407204762763285543770 
0.0473887961 9.6514053778689643e-06 20.341150323017398449110260116868 
0.0483820966 9.6829750511038917e-06 20.713250821456867356573638971895 
0.0493962174 9.7157630659903513e-06 21.090141836428813348902622237802 
0.0504315949 9.7498120491080757e-06 21.471774717540736077125984593295 
0.0514886745 9.7851658033846703e-06 21.858094024449158609968435484916 
0.0525679112 9.8218693191781608e-06 22.249037302975615659761388087645 
0.0536697695 9.8599687839978205e-06 22.644534868523042092647301615216 
0.0547947234 9.8995115907732722e-06 23.044509598175668685371419996955 
0.0559432571 9.9405463445842633e-06 23.448876732919934795518202008680 
0.0571158648 9.9831228677638681e-06 23.857543691458445778152963612229 
0.0583130511 1.0027292203291744e-05 24.270409897134165078114165225998 
0.0595353313 1.0073106616396055e-05 24.687366619488297914131180732511 
0.0607832313 1.0120619594286821e-05 25.108296832007415133602989953943 
0.0620572881 1.0169885843947941e-05 25.533075087598007257838617078960 
0.0633580499 1.0220961287919513e-05 25.961567413324484476788711617701 
0.0646860766 1.0273903058008311e-05 26.393631225912695725810408475809 
0.0660419396 1.0328769486870049e-05 26.829115269483903460923102102242 
0.0674262224 1.0385620097413851e-05 27.267859576920141506661821040325 
0.0688395207 1.0444515589986741e-05 27.709695456191674622914433712140 
0.0702824426 1.0505517827302920e-05 28.154445502880527385514142224565 
0.0717556092 1.0568689817091916e-05 28.601923640032602236260572681203 
0.0732596543 1.0634095692446221e-05 29.051935186338511130088591016829 
0.0747952252 1.0701800689859150e-05 29.504276953506256120363104855642 
0.0763629826 1.0771871124950866e-05 29.958737373526709291127190226689 
0.0779636013 1.0844374365889781e-05 30.415096656366472416266333311796 
0.0795977700 1.0919378804524520e-05 30.873126978431450595508067635819 
0.0812661920 1.0996953825249587e-05 31.332592701944825819282414158806 
0.0829695852 1.1077169771635641e-05 31.793250625179084067895018961281 
0.0847086827 1.1160097910862059e-05 32.254850263259342568744614254683 
0.0864842328 1.1245810395996103e-05 32.717134159033221862955542746931 
0.0882969996 1.1334380226167780e-05 33.179838223275261555045290151611 
0.0901477631 1.1425881204694702e-05 33.642692103261680358627927489579 
0.0920373200 1.1520387895214333e-05 34.105419578529243551656691124663 
0.0939664831 1.1617975575882782e-05 34.567738982405657566232548560947 
0.0959360829 1.1718720191700674e-05 35.029363647687326022150955395773 
0.0979469667 1.1822698305025974e-05 35.490002374630208237249462399632 
0.1000000000 1.1929987044331130e-05 35.949359919238354166282078949735 
0.1020960662 1.2040664051258756e-05 36.407137499651170742254180368036 
0.1042360674 1.2154807426025050e-05 36.863033318279775585324387066066 
0.1064209244 1.2272495671212649e-05 37.316743097210512303263385547325 
0.1086515775 1.2393807633987272e-05 37.767960624274302006142534082755 
0.1109289865 1.2518822446762127e-05 38.216378307108101353151141665876 
0.1132541315 1.2647619466322682e-05 38.661687732460691790947748813778 
0.1156280131 1.2780278211412309e-05 39.103580227975143657204171177000 
0.1180516529 1.2916878298764509e-05 39.541747423672305217223765794188 
0.1205260937 1.3057499377553033e-05 39.975881810379142677902564173564 
0.1230524004 1.3202221062215008e-05 40.405677292407979450672428356484 
0.1256316602 1.3351122863584476e-05 40.830829731863637732658389722928 
0.1282649831 1.3504284118257304e-05 41.251037482063487971117865527049 
0.1309535020 1.3661783916089379e-05 41.666001907685782157386711332947 
0.1336983742 1.3823701025712182e-05 42.075427889413518300898431334645 
0.1365007807 1.3990113817931674e-05 42.479024311011784220681875012815 
0.1393619274 1.4161100186857339e-05 42.876504526965668162574729649350 
0.1422830457 1.4336737468592246e-05 43.267586809016243876158114289865 
0.1452653926 1.4517102357296153e-05 43.651994770140419177550938911736 
0.1483102514 1.4702270818418986e-05 44.029457764754802440165804000571 
0.1514189325 1.4892317998886444e-05 44.399711264149637202081066789106 
0.1545927736 1.5087318134006240e-05 44.762497206396794524607685161754 
0.1578331406 1.5287344450851550e-05 45.117564320215258533153246389702 
0.1611414277 1.5492469067868250e-05 45.464668422498441202606045408174 
0.1645190588 1.5702762890444586e-05 45.803572689452387578512571053579 
0.1679674872 1.5918295502176682e-05 46.134047901493829613173147663474 
0.1714881970 1.6139135051559385e-05 46.455872662287205798747891094536 
0.1750827032 1.6365348133832827e-05 46.768833592476610760968469548970 
0.1787525526 1.6596999667716456e-05 47.072725498871356819563516182825 
0.1824993245 1.6834152766768868e-05 47.367351519996169884052505949512 
0.1863246312 1.7076868605120691e-05 47.652523249079635547786892857403 
0.1902301189 1.7325206277339483e-05 47.928060835685819540685770334676 
0.1942174681 1.7579222652203565e-05 48.193793067306536670457717264071 
0.1982883949 1.7838972220179540e-05 48.449557432338579587849380914122 
0.2024446510 1.8104506934424757e-05 48.695200165938146597000013571233 
0.2066880250 1.8375876045161949e-05 48.930576280321631088554568123072 
0.2110203429 1.8653125927307785e-05 49.155549581107230494581017410383 
0.2154434690 1.8936299901273194e-05 49.369992671335545253441523527727 
0.2199593068 1.9225438046895038e-05 49.573786944800517062503786291927 
0.2245697996 1.9520577010505873e-05 49.766822570327832409020629711449 
0.2292769313 1.9821749805199079e-05 49.948998468604898448575113434345 
0.2340827276 2.0128985604403160e-05 50.120222283135852592295123031363 
0.2389892566 2.0442309528940441e-05 50.280410346845087588008027523756 
0.2439986297 2.0761742427811849e-05 50.429487645780696425390488002449 
0.2491130026 2.1087300653019577e-05 50.567387781312525874000129988417 
0.2543345761 2.1418995828817147e-05 50.694052932114793463824753416702 
0.2596655973 2.1756834615856891e-05 50.809433817146050671453849645332 
0.2651083602 2.2100818470789782e-05 50.913489660727471175505343126133 
0.2706652070 2.2450943401965204e-05 51.006188160716611434963851934299 
0.2763385290 2.2807199721970042e-05 51.087505460655250999479903839529 
0.2821307676 2.3169571797846794e-05 51.157426126654009124194999458268 
0.2880444153 2.3538037799932157e-05 51.215943129638745290321821812540 
0.2940820171 2.3912569450360520e-05 51.263057833474718449906504247338 
0.3002461709 2.4293131772386205e-05 51.298779989331201534241699846461 
0.3065395295 2.4679682841784163e-05 51.323127736534367215881502488628 
0.3129648011 2.5072173541699450e-05 51.336127609999664400675101205707 
0.3195247506 2.5470547322423428e-05 51.337814554227918506512651219964 
0.3262222010 2.5874739967680490e-05 51.328231943678972015732142608613 
0.3330600344 2.6284679369115801e-05 51.307431609233923097690421855077 
0.3400411933 2.6700285310770532e-05 51.275473870301119916348397964612 
0.3471686819 2.7121469265428080e-05 51.232427572001228099907166324556 
0.3544455674 2.7548134204799944e-05 51.178370126739189061026991112158 
0.3618749812 2.7980174425596992e-05 51.113387559339045651540800463408 
0.3694601205 2.8417475393600417e-05 51.037574554809893356832617428154 
0.3772042493 2.8859913607897552e-05 50.951034507691169039844680810347 
0.3851107002 2.9307356487489927e-05 50.853879571818346505551744485274 
0.3931828756 2.9759662282501038e-05 50.746230709260544244898483157158 
0.4014242490 3.0216680012215872e-05 50.628217737077868321193818701431 
0.4098383672 3.0678249432169336e-05 50.499979370480247098385007120669 
0.4184288508 3.1144201032457037e-05 50.361663260890495052990445401520 
0.4271993966 3.1614356069384968e-05 50.213426027359602699107199441642 
0.4361537789 3.2088526632480309e-05 50.055433279737073348769627045840 
0.4452958510 3.2566515748774261e-05 49.887859631972993668114213505760 
0.4546295470 3.3048117526121972e-05 49.710888703899016149989620316774 
0.4641588834 3.3533117337153386e-05 49.524713109852406489608256379142 
0.4738879610 3.4021292045248849e-05 49.329534432508033603426156332716 
0.4838209665 3.4512410273701674e-05 49.125563180326174972378794336691 
0.4939621744 3.5006232718974520e-05 48.913018727067964164234581403434 
0.5043159487 3.5502512508667700e-05 48.692129231904338837466639233753 
0.5148867450 3.6000995604511168e-05 48.463131538732469039132411126047 
0.5256791122 3.6501421250352371e-05 48.226271053406740918489958858117 
0.5366976946 3.7003522464760811e-05 47.981801597739746512161218561232 
0.5479472337 3.7507026577495933e-05 47.729985239241237593432742869481 
0.5594325706 3.8011655808696776e-05 47.471092095746847405735024949536 
0.5711586478 3.8517127889256799e-05 47.205400114242685560839163372293 
0.5831305114 3.9023156720446335e-05 46.933194823397450079482950968668 
0.5953533131 3.9529453070442322e-05 46.654769059501404626644216477871 
0.6078323128 4.0035725305031196e-05 46.370422665736342082709597889334 
0.6205728807 4.0541680149366932e-05 46.080462164909661737510759849101 
0.6335804993 4.1047023477299032e-05 45.785200406030924114020308479667 
0.6468607662 4.1551461124442981e-05 45.484956185325842170641408301890 
0.6604193962 4.2054699720851153e-05 45.180053842524159790627891197801 
0.6742622242 4.2556447538863469e-05 44.870822833495118686641944805160 
0.6883952070 4.3056415351475682e-05 44.557597280517370563757140189409 
0.7028244264 4.3554317296371011e-05 44.240715501705608403426595032215 
0.7175560919 4.4049871740611464e-05 43.920519521320045441825641319156 
0.7325965428 4.4542802140894365e-05 43.597354562875246131170570151880 
0.7479522516 4.5032837894238203e-05 43.271568527152787453360360814258 
0.7636298261 4.5519715173981331e-05 42.943511457379514695276156999171 
0.7796360130 4.6003177746051188e-05 42.613534993972614017820887966082 
0.7959777002 4.6482977760594847e-05 42.281991821364876216193806612864 
0.8126619200 4.6958876514251893e-05 41.949235109524124709423631429672 
0.8296958521 4.7430645178591390e-05 41.615617952827626879752642707899 
0.8470868267 4.7898065490531761e-05 41.281492809012171107951871817932 
0.8648423276 4.8360930400900066e-05 40.947210940900212960968929110095 
0.8829699955 4.8819044677673366e-05 40.613121863604362715705065056682 
0.9014776315 4.9272225460858762e-05 40.279572799846732777950819581747 
0.9203731997 4.9720302766405017e-05 39.946908145962098046766186598688 
0.9396648315 5.0163119936977634e-05 39.615468951050957002735231071711 
0.9593608287 5.0600534037818026e-05 39.285592411784200805868749739602 
0.9794696671 5.1032416196591048e-05 38.957611385837438433554780203849 
1.0000000000 5.1458651888994053e-05 38.631853926668902943220018642023 
1.0209606623 5.1879141171454303e-05 38.308642833801698657225642818958 
1.0423606740 5.2293798846878284e-05 37.988295222238114945412235101685 
1.0642092441 5.2702554575196066e-05 37.671122132046001240723853698000 
1.0865157747 5.3105352940689153e-05 37.357428159091405461822432698682 
1.1092898649 5.3502153463386798e-05 37.047511106724073215445969253778 
1.1325413152 5.3892930558155995e-05 36.741661666751781467610271647573 
1.1562801312 5.4277673446322161e-05 36.440163129396360375267249764875 
1.1805165286 5.4656386022594437e-05 36.143291121709111735071928706020 
1.2052609369 5.5029086680174964e-05 35.851313374366156949690775945783 
1.2305240044 5.5395808097248887e-05 35.564489516663201129631488583982 
1.2563166025 5.5756596988274827e-05 35.283070899345901239030354190618 
1.2826498305 5.6111513823642500e-05 35.007300444705570896530844038352 
1.3095350205 5.6460632521363565e-05 34.737412523167058964190800907090 
1.3369837418 5.6804040114509120e-05 34.473632855457786661190766608343 
1.3650078065 5.7141836398117690e-05 34.216178439245084064168622717261 
1.3936192742 5.7474133559270203e-05 33.965257499034656518688279902562 
1.4228304572 5.7801055793964397e-05 33.721069457967487892346980515867 
1.4526539259 5.8122738914323226e-05 33.483804930066916938358190236613 
1.4831025143 5.8439329949554475e-05 33.253645731398172813442215556279 
1.5141893253 5.8750986743918892e-05 33.030764908520865219543338753283 
1.5459277364 5.9057877554805062e-05 32.815326782577983522060094401240 
1.5783314057 5.9360180653813063e-05 32.607487007313984861411881865934 
1.6114142773 5.9658083933548253e-05 32.407392639308156390143267344683 
1.6451905878 5.9951784522613495e-05 32.215182218678812375856068683788 
1.6796748721 6.0241488411065004e-05 32.030985858551758838075329549611 
1.7148819699 6.0527410088373244e-05 31.854925341573583352783316513523 
1.7508270317 6.0809772195696417e-05 31.687114221814226766582578420639 
1.7875255259 6.1088805194053653e-05 31.527657930412690490129534737207 
1.8249932448 6.1364747049750637e-05 31.376653883398418543038133066148 
1.8632463119 6.1637842938202386e-05 31.234191590169899654938490130007 
1.9023011887 6.1908344967068505e-05 31.100352761171205173695852863602 
1.9421746815 6.2176511919424286e-05 30.975211413406807281489818706177 
1.9828839491 6.2442609017485513e-05 30.858833972488554309165920130908 
2.0244465100 6.2706907707221269e-05 30.751279370009299896082666236907 
2.0668802496 6.2969685464009568e-05 30.652599135131030294587617390789 
2.1102034286 6.3231225619329634e-05 30.562837479353955671967923990451 
2.1544346900 6.3491817208325538e-05 30.482031373542525898301391862333 
2.1995930680 6.3751754837937876e-05 30.410210616379522718943917425349 
2.2456979955 6.4011338575165104e-05 30.347397893516912859013245906681 
2.2927693129 6.4270873854897724e-05 30.293608826798845257144421339035 
2.3408272762 6.4530671406661110e-05 30.248852013033840080424852203578 
2.3898925662 6.4791047199499948e-05 30.213129051899194621455535525456 
2.4399862973 6.5052322404152962e-05 30.186434562658455149630754021928 
2.4911300261 6.5314823371586154e-05 30.168756189491286789916557609104 
2.5433457613 6.5578881626881405e-05 30.160074595330826241479371674359 
2.5966559729 6.5844833877420837e-05 30.160363444211231609415335697122 
2.6510836019 6.6113022034247997e-05 30.169589372239649094353808322921 
2.7066520700 6.6383793245450342e-05 30.187711947399659351276568486355 
2.7633852901 6.6657499940357297e-05 30.214683618521561925263085868210 
2.8213076759 6.6934499883330049e-05 30.250449653829878826627464150079 
2.8804441534 6.7215156235884499e-05 30.294948069609279883707131375559 
2.9408201706 6.7499837625870464e-05 30.348109549620367886291205650195 
3.0024617091 6.7788918222422490e-05 30.409857355995871586173961986788 
3.0653952951 6.8082777815380209e-05 30.480107232462124500216305023059 
3.1296480107 6.8381801897878945e-05 30.558767300809883238343900302425 
3.1952475058 6.8686381750809240e-05 30.645737951655434017084189690650 
3.2622220097 6.8996914527850707e-05 30.740911730606882201755070127547 
3.3306003436 6.9313803339793808e-05 30.844173221053196698449028190225 
3.4004119327 6.9637457336881118e-05 30.955398924868276822053303476423 
3.4716868189 6.9968291787914406e-05 31.074457142412612142834404949099 
3.5444556740 7.0306728154900675e-05 31.201207853279456116979417856783 
3.6187498124 7.0653194162033405e-05 31.335502599303875825853538117371 
3.6946012052 7.1008123857842976e-05 31.477184371408366558853231254034 
3.7720424934 7.1371957669377818e-05 31.626087501917858446631726110354 
3.8511070023 7.1745142447328684e-05 31.782037564004692598018664284609 
3.9318287557 7.2128131501039900e-05 31.944851279958584200358018279076 
4.0142424905 7.2521384622413392e-05 32.114336440003803829768003197387 
4.0983836718 7.2925368097751469e-05 32.290291833367561480372387450188 
4.1842885079 7.3340554706652139e-05 32.472507193321774821015424095094 
4.2719939663 7.3767423707117447e-05 32.660763157865709160887490725145 
4.3615377892 7.4206460806113672e-05 32.854831247704893826266925316304 
4.4529585099 7.4658158114875159e-05 33.054473863107070030764589319006 
4.5462954695 7.5123014088319154e-05 33.259444301139211574991350062191 
4.6415888336 7.5601533448011577e-05 33.469486794724218725605169311166 
4.7388796097 7.6094227088187996e-05 33.684336574804220276746491435915 
4.8382096649 7.6601611964414575e-05 33.903719956815351110890333075076 
4.9396217439 7.7124210964543729e-05 34.127354452506978077508392743766 
5.0431594872 7.7662552761688678e-05 34.354948907983171579871850553900 
5.1488674501 7.8217171649012983e-05 34.586203668675196354342915583402 
5.2567911220 7.8788607356196835e-05 34.820810771756228518825082574040 
5.3669769455 7.9377404847500504e-05 35.058454166311243227482918882743 
5.4794723369 7.9984114101403102e-05 35.298809961344382202241831691936 
5.5943257062 8.0609289871839707e-05 35.541546701508266892233223188668 
5.7115864781 8.1253491431100799e-05 35.786325670176360347340960288420 
5.8313051135 8.1917282294477353e-05 36.032801219266907821747736306861 
5.9535331308 8.2601229926755753e-05 36.280621124977614044837537221611 
6.0783231283 8.3305905430659433e-05 36.529426968357924465635733213276 
6.2057288068 8.4031883217313165e-05 36.778854539419249647380638634786 
6.3358049927 8.4779740658771005e-05 37.028534263255579617180046625435 
6.4686076615 8.5550057722582037e-05 37.278091646457184538121509831399 
6.6041939623 8.6343416588291203e-05 37.527147741896861532495677238330 
6.7426222418 8.7160401245658660e-05 37.775319629822185163448011735454 
6.8839520696 8.8001597074258755e-05 38.022220913048059287575597409159 
7.0282442643 8.8867590403966779e-05 38.267462223946317578793241409585 
7.1755609189 8.9758968055677737e-05 38.510651740874713766515924362466 
7.3259654282 9.0676316861432733e-05 38.751395711676664745937159750611 
7.4795225156 9.1620223162963268e-05 38.989298981905541552350769052282 
7.6362982613 9.2591272287524893e-05 39.223965525522153541260195197538 
7.7963601304 9.3590047999795263e-05 39.454998975921128590016451198608 
7.9597770023 9.4617131928601187e-05 39.682003155316415643483196618035 
8.1266192001 9.5673102967319340e-05 39.904582600676299364295118721202 
8.2969585208 9.6758536647024112e-05 40.122343084590504247444187058136 
8.4708682666 9.7874004481830670e-05 40.334892129577532671191875124350 
8.6484232757 9.9020073286425672e-05 40.541839514422463253140449523926 
8.8296999555 1.0019730446644978e-04 40.742797771092547520765947410837 
9.0147763145 1.0140625328315394e-04 40.937382670594779199291224358603 
9.2037319966 1.0264746809446703e-04 41.125213695791565271520084934309 
9.3966483150 1.0392148957515461e-04 41.305914498705327275729359826073 
9.5936082871 1.0522884991892088e-04 41.479113339203806276600516866893 
9.7946966707 1.0657007202492875e-04 41.644443501357741865831485483795 
10.0000000000 1.0794566867016183e-04 41.801543683207725621286954265088 
10.2096066231 1.0935614166726248e-04 41.950058355435636769925622502342 
10.4236067398 1.1080198100506678e-04 42.089638084549982011139945825562 
10.6420924406 1.1228366396625721e-04 42.219939816850974523276818217710 
10.8651577465 1.1380165421376690e-04 42.340627120575334174645831808448 
11.0928986490 1.1535640083521197e-04 42.451370385211710356543335365131 
11.3254131515 1.1694833733315931e-04 42.551846978783281372216151794419 
11.5628013121 1.1857788054868544e-04 42.641741365707517275041027460247 
11.8051652857 1.2024542950654591e-04 42.720745189371932326594105688855 
12.0526093687 1.2195136417216542e-04 42.788557324599743481030600378290 
12.3052400436 1.2369604411323779e-04 42.844883905639427723599510500208 
12.5631660247 1.2547980706151298e-04 42.889438335171654159694298868999 
12.8264983053 1.2730296737295204e-04 42.921941279182476591813610866666 
13.0953502048 1.2916581438645241e-04 42.942120651654484220216545509174 
13.3698374182 1.3106861068267259e-04 42.949711591957601797275856370106 
13.6500780655 1.3301159024505061e-04 42.944456436870552806794876232743 
13.9361927422 1.3499495652504259e-04 42.926104688356105043567367829382 
14.2283045721 1.3701888041310785e-04 42.894412977682144116897688945755 
14.5265392595 1.3908349811621431e-04 42.849145026172806183240027166903 
14.8310251434 1.4118890894184826e-04 42.790071602818365192888450110331 
15.1418932530 1.4333517298783114e-04 42.716970479027338569721905514598 
15.4592773642 1.4552230873673944e-04 42.629626381046030303423322038725 
15.7833140565 1.4775029055348127e-04 42.527830940747271881718916120008 
16.1141427725 1.5001904608457630e-04 42.411382645791974255189415998757 
16.4519058775 1.5232845355791708e-04 42.280086790342295444133924320340 
16.7967487209 1.5467833898223841e-04 42.133755427702546114687720546499 
17.1488196987 1.5706847324612559e-04 41.972207326385223780107480706647 
17.5082703174 1.5949856911716520e-04 41.795267931167572328376991208643 
17.8752552590 1.6196827814272700e-04 41.602769330754469478961254935712 
18.2499324482 1.6447718745483478e-04 41.394550233621913548631710000336 
18.6324631193 1.6702481648268492e-04 41.170455953624063738516269950196 
19.0230118867 1.6961061357750236e-04 40.930338406832035502702638041228 
19.4217468149 1.7223395255568354e-04 40.674056121022282184185314690694 
19.8288394913 1.7489412916746482e-04 40.401474259135895295003138016909 
20.2444650998 1.7759035749975664e-04 40.112464657913569965330680133775 
20.6688024963 1.8032176632325764e-04 39.806905882800784013397787930444 
21.1020342857 1.8308739539547669e-04 39.484683300126114602335292147473 
21.5443469003 1.8588619173295212e-04 39.145689167395417484840436372906 
21.9959306803 1.8871700586763310e-04 38.789822742478051509351644199342 
22.4569799554 1.9157858810417265e-04 38.416990412294303780527116032317 
22.9276931287 1.9446958479672947e-04 38.027105841525603580066672293469 
23.4082727618 1.9738853466579035e-04 37.620090141724105592402338515967 
23.8989256623 2.0033386517748615e-04 37.195872061098498306819237768650 
24.3998629726 2.0330388900990354e-04 36.754388195101341807458084076643 
24.9113002607 2.0629680063292768e-04 36.295583217839805456605972722173 
25.4334576130 2.0931067303023204e-04 35.819410134201696394029568182305 
25.9665597293 2.1234345459408447e-04 35.325830552440429244143160758540 
26.5108360191 2.1539296622567978e-04 34.814814976858606598852929892018 
27.0665207003 2.1845689867571792e-04 34.286343120073048851281782845035 
27.6338529005 2.2153281016184135e-04 33.740404234226119228878815192729 
28.2130767594 2.2461812430138060e-04 33.176997460357114277940127067268 
28.8044415340 2.2771012839951408e-04 32.596132195012152976687502814457 
29.4082017059 2.3080597213445274e-04 31.997828473032821960941873840056 
30.0246170909 2.3390266668254920e-04 31.382117365308783263344594161026 
30.6539529506 2.3699708432723584e-04 30.749041390162304310251784045249 
31.2964801067 2.4008595859645334e-04 30.098654936846699570196506101638 
31.9524750576 2.4316588497358657e-04 29.431024699528975929752050433308 
32.6222200971 2.4623332222691908e-04 28.746230119981742490153919789009 
33.3060034362 2.4928459440218948e-04 28.044363837046770271399509510957 
34.0041193270 2.5231589352186964e-04 27.325532140822364368659691535868 
34.7168681893 2.5532328303334736e-04 26.589855429365758965332133811899 
35.4445567397 2.5830270204615902e-04 25.837468665614824914200653438456 
36.1874981241 2.6124997039576452e-04 25.068521832057282239247797406279 
36.9460120520 2.6416079456808840e-04 24.283180380631222305964911356568 
37.7204249342 2.6703077451507178e-04 23.481625675181728496454525156878 
38.5110700233 2.6985541138684456e-04 22.664055423756455098782680579461 
39.3182875571 2.7263011620074553e-04 21.830684097913881203112396178767 
40.1424249050 2.7535021946136477e-04 20.981743336197187232983196736313 
40.9838367176 2.7801098173898728e-04 20.117482328853260042933470685966 
41.8428850790 2.8060760520637752e-04 19.238168180874207990882496233098 
42.7199396631 2.8313524612572555e-04 18.344086250443140784227580297738 
43.6153778921 2.8558902826886917e-04 17.435540459866334828120670863427 
44.5295850994 2.8796405724465838e-04 16.512853576150533285726851318032 
45.4629546953 2.9025543569761954e-04 15.576367458422845757581853831653 
46.4158883361 2.9245827933200007e-04 14.626443269509771027969691203907 
47.3887960972 2.9456773370492578e-04 13.663461649097584427181573119015 
48.3820966493 2.9657899172193399e-04 12.687822846042175584102551511023 
49.3962174388 2.9848731175764146e-04 11.699946807596328213207925728057 
50.4315948717 3.0028803631399739e-04 10.700273223449812576291151344776 
51.4886745014 3.0197661111847968e-04 9.689261522798929604505246970803 
52.5679112202 3.0354860455504670e-04 8.667390822794768467929316102527 
53.6697694554 3.0499972731168600e-04 7.635159827074913252431542787235 
54.7947233690 3.0632585212022766e-04 6.593086673303705680382336140610 
55.9432570617 3.0752303345693170e-04 5.541708728953691043273011018755 
57.1158647813 3.0858752706624469e-04 4.481582334918497778630808170419 
58.3130511353 3.0951580916536607e-04 3.413282496770395635365957787144 
59.5353313081 3.1030459518386542e-04 2.337402523896312089846105664037 
60.7832312830 3.1095085789075290e-04 1.254553617013117072787053984939 
62.0572880678 3.1145184476120280e-04 0.165364404885403826206413668842 
63.3580499266 3.1180509443663333e-04 -0.929519568573485388540689200454 
64.6860766155 3.1200845213510579e-04 -2.029436405399323906095787606318 
66.0419396233 3.1206008387406022e-04 -3.133708461098690278845424472820 
67.4262224178 3.1195848937423291e-04 -4.241642996616295846479260944761 
68.8395206965 3.1170251352213320e-04 -5.352532872481270409537046361947 
70.2824426431 3.1129135627867464e-04 -6.465657282682223616632199991727 
71.7556091894 3.1072458093331357e-04 -7.580282525618334155126376572298 
73.2596542822 3.1000212061621198e-04 -8.695662809353693845082489133347 
74.7952251562 3.0912428299536377e-04 -9.811041088267332455075120378751 
76.3629826128 3.0809175310112744e-04 -10.925649928148745360090288158972 
77.9636013041 3.0690559423690437e-04 -12.038712396760685052754524804186 
79.5977700231 3.0556724695170737e-04 -13.149442976901699609015850001015 
81.2661920009 3.0407852606767255e-04 -14.257048499101719229997797810938 
82.9695852083 3.0244161577304239e-04 -15.360729091157766745823209930677 
84.7086826656 3.0065906280851593e-04 -16.459679141909603572457854170352 
86.4842327573 2.9873376779179133e-04 -17.553088276855230986939204740338 
88.2969995549 2.9666897474153666e-04 -18.640142343433726779267090023495 
90.1477631452 2.9446825887746275e-04 -19.720024404115616079025130602531 
92.0373199662 2.9213551278765566e-04 -20.791915735744847637533894157968 
93.9664831495 2.8967493106747146e-04 -21.854996833938269418240452068858 
95.9360828709 2.8709099354606616e-04 -22.908448421697016783582512289286 
97.9469667070 2.8438844722681841e-04 -23.951452461820611716802886803634 
100.0000000000 2.8157228707644422e-04 -24.983193173031743583578645484522 
102.0960662306 2.7864773580441905e-04 -26.002858050173710324770581792109 
104.2360673976 2.7562022277940090e-04 -27.009638889174226505929254926741 
106.4209244065 2.7249536223267011e-04 -28.002732817793276609563690726645 
108.6515774653 2.6927893090028770e-04 -28.981343333501673242835749988444 
110.9289864895 2.6597684525569656e-04 -29.944681350035086353500446421094 
113.2541315153 2.6259513848309805e-04 -30.891966254360728072470010374673 
115.6280131207 2.5913993733913288e-04 -31.822426975909866797564973239787 
118.0516528569 2.5561743904641942e-04 -32.735303069899174488455173559487 
120.5260936871 2.5203388835746613e-04 -33.629845816577955019965884275734 
123.0524004359 2.4839555492154063e-04 -34.505319338082017566193826496601 
125.6316602474 2.4470871108035991e-04 -35.361001734354623238232306903228 
128.2649830528 2.4097961021112696e-04 -36.196186239420818253620382165536 
130.9535020483 2.3721446572750205e-04 -37.010182398956587235261395107955 
133.6983741825 2.3341943084075097e-04 -37.802317269815361555629351641983 
136.5007806546 2.2960057917443570e-04 -38.571936641830085079618584131822 
139.3619274224 2.2576388631686861e-04 -39.318406281921731704187550349161 
142.2830457214 2.2191521238595015e-04 -40.041113200145616701774997636676 
145.2653925947 2.1806028567117927e-04 -40.739466937056555195795226609334 
148.3102514336 2.1420468740748972e-04 -41.412900871390021961815364193171 
151.4189325304 2.1035383772526108e-04 -42.060873546725069616059045074508 
154.5927736419 2.0651298281046211e-04 -42.682870015403160834921436617151 
157.8331405652 2.0268718329847000e-04 -43.278403197566042592825397150591 
161.1414277253 1.9888130391489291e-04 -43.847015252645157090682914713398 
164.5190587754 1.9510000436676238e-04 -44.388278960049817101207736413926 
167.9674872093 1.9134773147789900e-04 -44.901799105138806567083520349115 
171.4881969871 1.8762871255332999e-04 -45.387213865722088712573167867959 
175.0827031736 1.8394694994929952e-04 -45.844196193461705490790336625651 
178.7525525904 1.8030621681792703e-04 -46.272455183493669039762608008459 
182.4993244816 1.7671005398890802e-04 -46.671737424489364798319002147764 
186.3246311932 1.7316176794489151e-04 -47.041828320180805178551963763312 
190.2301188669 1.6966442984233843e-04 -47.382553372105981281947606476024 
194.2174681489 1.6622087552577557e-04 -47.693779412023545205556729342788 
198.2883949127 1.6283370648031371e-04 -47.975415771214201754446548875421 
202.4446509977 1.5950529166517278e-04 -48.227415372560869855078635737300 
206.6880249629 1.5623777016955938e-04 -48.449775730193834988313028588891 
211.0203428569 1.5303305463162053e-04 -48.642539840399379613700148183852 
215.4434690032 1.4989283536120685e-04 -48.805796946611451403441606089473 
219.9593068030 1.4681858510774774e-04 -48.939683160619352975118090398610 
224.5697995540 1.4381156441564550e-04 -49.044381921716471595118491677567 
229.2769312866 1.4087282751106328e-04 -49.120124275378181266660249093547 
234.0827276178 1.3800322866581571e-04 -49.167188953262616735173651250079 
238.9892566231 1.3520342898615831e-04 -49.185902236932236064603785052896 
243.9986297260 1.3247390357652434e-04 -49.176637588700486958259716629982 
249.1130026068 1.2981494903065367e-04 -49.139815034412151817377889528871 
254.3345761305 1.2722669120498171e-04 -49.075900284899688585937838070095 
259.6655972935 1.2470909323158917e-04 -48.985403585137703430518740788102 
265.1083601909 1.2226196373040172e-04 -48.868878282942468160854332381859 
270.6652070033 1.1988496518258042e-04 -48.726919112240175024908239720389 
276.3385290053 1.1757762242922774e-04 -48.560160189496933469399664318189 
282.1307675939 1.1533933126149527e-04 -48.369272725834044024395552696660 
288.0444153396 1.1316936707003233e-04 -48.154962461480231183941214112565 
294.0820170587 1.1106689352334353e-04 -47.917966833560249995116464560851 
300.2461709086 1.0903097124611192e-04 -47.659051892630543534323805943131 
306.5395295057 1.0706056646985724e-04 -47.379008987748463255229580681771 
312.9648010671 1.0515455962947467e-04 -47.078651244113125073909031925723 
319.5247505759 1.0331175388025697e-04 -46.758809861308506583554844837636 
326.2222009712 1.0153088351098791e-04 -46.420330263855262842298543546349 
333.0600343625 9.9810622229605251e-05 -46.064068138905923888160032220185 
340.0411932704 9.8149591298853913e-05 -45.690885398614625501068076118827 
347.1686818927 9.6546367500268410e-05 -45.301646106684337667047657305375 
354.4455673970 9.4999490905796756e-05 -44.897212409964602386480692075565 
361.8749812411 9.3507472437440756e-05 -44.478440516527612658137513790280 
369.4601205199 9.2068801196417506e-05 -44.046176761611896210979466559365 
377.2042493417 9.0681951544623472e-05 -43.601253801924791275723691796884 
385.1107002326 8.9345389922547042e-05 -43.144486977321228948767384281382 
393.1828755706 8.8057581389268448e-05 -42.676670876682891275777365081012 
401.4242490499 8.6816995871790404e-05 -42.198576142184855086725292494521 
409.8383671757 8.5622114112614677e-05 -41.710946542848560625316167715937 
418.4288507902 8.4471433306241919e-05 -41.214496344849408160371240228415 
427.1993966307 8.3363472417049607e-05 -40.709908002129182591488643083721 
436.1537789208 8.2296777172789678e-05 -40.197830186932371532293473137543 
445.2958509943 8.1269924729707586e-05 -39.678876175804596471152763115242 
454.6295469532 8.0281528006959850e-05 -39.153622602628608717623137636110 
464.1588833613 7.9330239689599563e-05 -38.622608586310938960650673834607 
473.8879609718 7.8414755900833394e-05 -38.086335237090665373216324951500 
483.8209664926 7.7533819545545202e-05 -37.545265541988030122411146294326 
493.9621743878 7.6686223328170007e-05 -36.999824626673650129760062554851 
504.3159487171 7.5870812448894690e-05 -36.450400388292052866745507344604 
514.8867450137 7.5086486982842634e-05 -35.897344491103559960265556583181 
525.6791122018 7.4332203947353965e-05 -35.340973714686533924123068572953 
536.6976945540 7.3606979062730438e-05 -34.781571642382047571118164341897 
547.9472336900 7.2909888211856986e-05 -34.219390675968924142580362968147 
559.4325706169 7.2240068603981504e-05 -33.654654361058618405877496115863 
571.1586478126 7.1596719647643543e-05 -33.087560006246725663459073984995 
583.1305113526 7.0979103537326796e-05 -32.518281577774779123046755557880 
595.3533130814 7.0386545557898973e-05 -31.946972850182124403772832010873 
607.8323128297 6.9818434110344082e-05 -31.373770792052631861679401481524 
620.5728806777 6.9274220461719289e-05 -30.798799164606254663567597162910 
633.5804992658 6.8753418221729055e-05 -30.222172309301722492591579793952 
646.8607661546 6.8255602547851935e-05 -29.643999098910633449577289866284 
660.4193962330 6.7780409080614061e-05 -29.064387024676314297266799258068 
674.2622241778 6.7327532610433107e-05 -28.483446389992280955993919633329 
688.3952069645 6.6896725477488323e-05 -27.901294578880147412291989894584 
702.8244264308 6.6487795706342289e-05 -27.318060365070586215097137028351 
717.5560918937 6.6100604877588075e-05 -26.733888224959738266761632985435 
732.5965428215 6.5735065739619159e-05 -26.148942615236009601176192518324 
747.9522515622 6.5391139564776089e-05 -25.563412173489062695352913578972 
763.6298261282 6.5068833255561956e-05 -24.977513797728803979225631337613 
779.6360130405 6.4768196208384501e-05 -24.391496558867377331125680939294 
795.9777002315 6.4489316944322443e-05 -23.805645398572927717850689077750 
812.6619200092 6.4232319518702123e-05 -23.220284563918244913338639889844 
829.6958520835 6.3997359723778628e-05 -22.635780730105523161910241469741 
847.0868266557 6.3784621101455475e-05 -22.052545763055487526571596390568 
864.8423275732 6.3594310785696956e-05 -21.471039075453813183003148878925 
882.9699955494 6.3426655196996645e-05 -20.891769532524968155939859570935 
901.4776314525 6.3281895613857917e-05 -20.315296867885674458875655545853 
920.3731996618 6.3160283648633632e-05 -19.742232575040844722025212831795 
939.6648314955 6.3062076657127152e-05 -19.173240246598144409517772146501 
959.3608287093 6.2987533112998041e-05 -18.609035341024934950837632641196 
979.4696670695 6.2936907979107125e-05 -18.050384365429660959989632829092 
1000.0000000000 6.2910448108404460e-05 -17.498103472680519132609333610162 
1020.9606623060 6.2908387706709553e-05 -16.953056481351019613157404819503 
1042.3606739764 6.2930943888711829e-05 -16.416152337802486727014183998108 
1064.2092440647 6.2978312356668477e-05 -15.888342050450331655042646161746 
1086.5157746525 6.3050663228606638e-05 -15.370615136740685358063274179585 
1109.2898648952 6.3148137039351125e-05 -14.863995633087258241289418947417 
1132.5413151528 6.3270840933451220e-05 -14.369537726842441571761810337193 
1156.2801312074 6.3418845064162549e-05 -13.888321076657316410774001269601 
1180.5165285688 6.3592179207144116e-05 -13.421445893227327061936193786096 
1205.2609368708 6.3790829591632204e-05 -12.970027856162955615104692697059 
1230.5240043593 6.4014735945676579e-05 -12.535192944253752855843231373001 
1256.3166024741 6.4263788745785839e-05 -12.118072255774654522042510507163 
1282.6498305281 6.4537826655210480e-05 -11.719796892666948906480683945119 
1309.5350204827 6.4836634129289688e-05 -11.341492977426639754412462934852 
1336.9837418249 6.5159939161009558e-05 -10.984276864620360569801960082259 
1365.0078065460 6.5507411135363176e-05 -10.649250600350455897569190710783 
1393.6192742241 6.5878658757427197e-05 -10.337497672935747061728761764243 
1422.8304572144 6.6273228016469577e-05 -10.050079086988173315830863430165 
1452.6539259468 6.6690600146999547e-05 -9.788029781403755791302501165774 
1483.1025143361 6.7130189547603622e-05 -9.552355399664623547550945659168 
1514.1893253044 6.7591341619787089e-05 -9.344029408973856476450237096287 
1545.9277364195 6.8073330491936861e-05 -9.163990553311201381347927963361 
1578.3314056521 6.8575356598010980e-05 -9.013140614713751830322507885285 
1611.4142772530 6.9096544086704758e-05 -8.892342447551502715441529289819 
1645.1905877537 6.9635938044655400e-05 -8.802418242098369205450580921024 
1679.6748720927 7.0192501526774695e-05 -8.744147966885533307390687696170 
1714.8819698705 7.0765112398026410e-05 -8.718267933996862950607464881614 
1750.8270317357 7.1352560003890486e-05 -8.725469427787290399578523647506 
1787.5255259042 7.1953541701335569e-05 -8.766397335710676586018053058069 
1824.9932448162 7.2566659298282522e-05 -8.841648719751864504701188707259 
1863.2463119316 7.3190415467183520e-05 -8.951771268574328033196252363268 
1902.3011886689 7.3823210217274931e-05 -9.097261573944861012819274037611 
1942.1746814890 7.4463337530063532e-05 -9.278563180017751932382452650927 
1982.8839491271 7.5108982283337054e-05 -9.496064360882368049487922689877 
2024.4465099768 7.5758217609997190e-05 -9.750095590284090008026396390051 
2066.8802496291 7.6409002858753483e-05 -10.040926677376759812432283069938 
2110.2034285686 7.7059182343430552e-05 -10.368763554148292982404200301971 
2154.4346900319 7.7706485085495878e-05 -10.733744713167228113093187857885 
2199.5930680301 7.8348525769332100e-05 -11.135937308886944663299800595269 
2245.6979955398 7.8982807140567203e-05 -11.575332951486807075980323133990 
2292.7693128656 7.9606724083094668e-05 -12.051843239013429354145046090707 
2340.8272761783 8.0217569608798843e-05 -12.565295091192739462826466478873 
2389.8925662310 8.0812542983954550e-05 -13.115425966185913608796909102239 
2439.9862972596 8.1388760196329091e-05 -13.701879059549131767425933503546 
2491.1300260678 8.1943266935845645e-05 -14.324198601835279376359721936751 
2543.3457613046 8.2473054218221528e-05 -14.981825387389180903596752614249 
2596.6559729349 8.2975076724622042e-05 -15.674092680645431485686458472628 
2651.0836019085 8.3446273861032458e-05 -16.400222657369859291520697297528 
2706.6520700332 8.3883593459396259e-05 -17.159323545436958369236890575849 
2763.3852900532 8.4284017950170397e-05 -17.950387632216813216246009687893 
2821.3076759395 8.4644592735312504e-05 -18.772290302713162901682153460570 
2880.4441533963 8.4962456385391790e-05 -19.623790263296275071525087696500 
2940.8201705871 8.5234872178997621e-05 -20.503531089996020142507404671051 
3002.4617090855 8.5459260402261030e-05 -21.410044217436102087503968505189 
3065.3952950565 8.5633230737037602e-05 -22.341753454778348952913802349940 
3129.6480106708 8.5754613994267192e-05 -23.296981079115838042525865603238 
3195.2475057592 8.5821492400221919e-05 -24.273955515491611123479742673226 
3262.2220097117 8.5832227623000107e-05 -25.270820567370503084703159402125 
3330.6003436246 8.5785485738786968e-05 -26.285646114073610846162409870885 
3400.4119327037 8.5680258384390021e-05 -27.316440143971938425693224417046 
3471.6868189266 8.5515879424658079e-05 -28.361161946933229671685694484040 
3544.4556739704 8.5292036578567062e-05 -29.417736248284448663525836309418 
3618.7498124113 8.5008777591654040e-05 -30.484068032293560435164181399159 
3694.6012051993 8.4666510708613886e-05 -31.558057777047697101124867913313 
3772.0424934170 8.4265999380060336e-05 -32.637616806664894397727039176971 
3851.1070023256 8.3808351322315079e-05 -33.720682461664246432064828695729 
3931.8287557058 8.3295002228917471e-05 -34.805232794132777485174301546067 
4014.2424904993 8.2727694597859044e-05 -35.889300511245963321016461122781 
4098.3836717573 8.2108452281065539e-05 -36.970985917061959469265275401995 
4184.2885079016 8.1439551475647704e-05 -38.048468637326735120041121263057 
4271.9939663068 8.0723488955456953e-05 -39.120017953024856183219526428729 
4361.5377892080 7.9962948384324311e-05 -40.184001613590460522118519293144 
4452.9585099427 7.9160765559274429e-05 -41.238893047688989668131398502737 
4546.2954695324 7.8319893405361701e-05 -42.283276935962121001466584857553 
4641.5888336128 7.7443367487802975e-05 -43.315853154528831225889007328078 
4738.8796097177 7.6534272727242912e-05 -44.335439137968563727554283104837 
4838.2096649260 7.5595711906612190e-05 -45.340970745400341002095956355333 
4939.6217438783 7.4630776449622989e-05 -46.331501741867228361115849111229 
5043.1594871714 7.3642519837802101e-05 -47.306202029080196780341793783009 
5148.8674501375 7.2633933920751817e-05 -48.264354774842928463840507902205 
5256.7911220184 7.1607928267837577e-05 -49.205352599324058360252820421010 
5366.9769455405 7.0567312612465974e-05 -50.128692979316923583610332570970 
5479.4723369003 6.9514782355137596e-05 -51.033973029510725893942435504869 
5594.3257061694 6.8452907020124699e-05 -51.920883813449826504893280798569 
5711.5864781264 6.7384121503516874e-05 -52.789204327188564036532625323161 
5831.3051135262 6.6310719907306748e-05 -53.638795286480757340541458688676 
5953.5331308144 6.5234851724317030e-05 -54.469592834636287648208963219076 
6078.3231282972 6.4158520120823504e-05 -55.281602273588134721649112179875 
6205.7288067765 6.3083582056125702e-05 -56.074891905825722915324149653316 
6335.8049926583 6.2011749979363253e-05 -56.849587060455178288975730538368 
6468.6076615463 6.0944594851830179e-05 -57.605864362750551777025975752622 
6604.1939623303 5.9883550256260820e-05 -58.343946293746427045334712602198 
6742.6222417783 5.8829917371525588e-05 -59.064096074883003950617421651259 
6883.9520696455 5.7784870610550694e-05 -59.766612902250294325767754344270 
7028.2442643084 5.6749463739942621e-05 -60.451827545959446297274553216994 
7175.5609189369 5.5724636320828877e-05 -61.120098322303732629734440706670 
7325.9654282152 5.4711220331106142e-05 -61.771807439591299271341995336115 
7479.5225156218 5.3709946849128017e-05 -62.407357712806408756023301975802 
7636.2982612822 5.2721452697483414e-05 -63.027169637212381303470465354621 
7796.3601304052 5.1746286962771757e-05 -63.631678806634333511738077504560 
7959.7770023150 5.0784917323078860e-05 -64.221333658310882697151100728661 
8126.6192000919 4.9837736129244574e-05 -64.796593522561565237083414103836 
8296.9585208349 4.8905066199075003e-05 -65.357926952341657056422263849527 
8470.8682665574 4.7987166295486428e-05 -65.905810304863905457750661298633 
8648.4232757317 4.7084236270257691e-05 -66.440726545037676942229154519737 
8829.6999554941 4.6196421864635601e-05 -66.963164238706866626671398989856 
9014.7763145249 4.5323819166419870e-05 -67.473616702854911864051246084273 
9203.7319966182 4.4466478730242993e-05 -67.972581279990265556989470496774 
9396.6483149547 4.3624409373383236e-05 -68.460558705169574977844604291022 
9593.6082870931 4.2797581663472830e-05 -68.938052536259590397094143554568 
9794.6966706954 4.1985931116851955e-05 -69.405568620700748283525172155350 
10000.0000000000 4.1189361127167884e-05 -69.863614574860278594314877409488 
10209.6066230605 4.0407745643452020e-05 -70.312699254160776263233856298029 
10423.6067397640 3.9640931615771160e-05 -70.753332193292223450953315477818 
10642.0924406472 3.8888741225231988e-05 -71.186022995290983317318023182452 
10865.1577465254 3.8150973914175610e-05 -71.611280646082988710077188443393 
11092.8986489522 3.7427408232276623e-05 -72.029612727710258468505344353616 
11325.4131515281 3.6717803515207239e-05 -72.441524498944588117410603445023 
11562.8013120738 3.6021901414549706e-05 -72.847517807788506161159602925181 
11805.1652856881 3.5339427300535885e-05 -73.248089796397451323173299897462 
12052.6093687084 3.4670091562626342e-05 -73.643731356858552317135035991669 
12305.2400435926 3.4013590836500670e-05 -74.034925295801542688423069193959 
12563.1660247412 3.3369609189340701e-05 -74.422144167865639019510126672685 
12826.4983052806 3.2737819298021836e-05 -74.805847742718597714883799199015 
13095.3502048267 3.2117883656730163e-05 -75.186480077567821922457369510084 
13369.8374182495 3.1509455851422750e-05 -75.564466177380950284714344888926 
13650.0780654601 3.0912181938258795e-05 -75.940208238082163916260469704866 
13936.1927422414 3.0325701961526339e-05 -76.314081484063152061025903094560 
14228.3045721435 2.9749651643465468e-05 -76.686429630484695962877594865859 
14526.5392594678 2.9183664273571779e-05 -77.057560022799293619755189865828 
14831.0251433610 2.8627372818239471e-05 -77.427738530608010592004575300962 
15141.8932530435 2.8080412262799784e-05 -77.797184299574070109883905388415 
15459.2773641948 2.7542422187036516e-05 -78.166064492994905776868108659983 
15783.3140565212 2.7013049562128372e-05 -78.534489182237763316152268089354 
16114.1427725302 2.6491951741894890e-05 -78.902506571036624904991185758263 
16451.9058775366 2.5978799604642397e-05 -79.270098760296747286702156998217 
16796.7487209265 2.5473280784506907e-05 -79.637178275535745797242270782590 
17148.8196987054 2.4975102913960964e-05 -80.003585585514628064629505388439 
17508.2703173572 2.4483996783291818e-05 -80.369087835698138633233611471951 
17875.2552590424 2.3999719309793571e-05 -80.733379002313199634954798966646 
18249.9324481615 2.3522056200629558e-05 -81.096081639681926844787085428834 
18632.4631193156 2.3050824190239214e-05 -81.456750345983962802165478933603 
19023.0118866895 2.2585872736987250e-05 -81.814877010741327012510737404227 
19421.7468148902 2.2127085075240957e-05 -82.169897833678604115448251832277 
19828.8394912707 2.1674378538405787e-05 -82.521202023274980774658615700901 
20244.4650997681 2.1227704095120439e-05 -82.868141998783244162041228264570 
20668.8024962908 2.0787045073525183e-05 -83.210044838046258064423454925418 
21102.0342856860 2.0352415085287039e-05 -83.546224641206180194785702042282 
21544.3469003188 1.9923855199331719e-05 -83.875995423408497231321234721690 
21995.9306803007 1.9501430452129336e-05 -84.198684112890987307764589786530 
22456.9799553978 1.9085225814017602e-05 -84.513643217965679355074826162308 
22927.6931286565 1.8675341756828539e-05 -84.820262738750557218736503273249 
23408.2727617829 1.8271889585037007e-05 -85.117980936322723550802038516849 
23898.9256623105 1.7874986699596603e-05 -85.406293630693170371159794740379 
24399.8629725955 1.7484751960342196e-05 -85.684761774277276913380774203688 
24911.3002606779 1.7101301300022876e-05 -85.953017134101443730287428479642 
25433.4576130465 1.6724743722174020e-05 -86.210766006581849296708242036402 
25966.5597293487 1.6355177788246200e-05 -86.457790977292191314518277067691 
26510.8360190854 1.5992688669080674e-05 -86.693950818715151740434521343559 
27066.5207003324 1.5637345804415514e-05 -86.919178686853811655055324081331 
27633.8529005317 1.5289201183870655e-05 -87.133478830168428430624771863222 
28213.0767593947 1.4948288235638789e-05 -87.336922059670243356777064036578 
28804.4415339630 1.4614621286245669e-05 -87.529640247495024141244357451797 
29408.2017058706 1.4288195537023579e-05 -87.711820124252838581924152094871 
30024.6170908555 1.3968987490622114e-05 -87.883696634994620922043395694345 
30653.9529505653 1.3656955753783603e-05 -88.045546092562858575547579675913 
31296.4801067075 1.3352042140200970e-05 -88.197679338729827236420533154160 
31952.4750575921 1.3054172998809184e-05 -88.340435090395871498003543820232 
32622.2200971167 1.2763260697469908e-05 -88.474173613233872970340598840266 
33306.0034362459 1.2479205198814424e-05 -88.599270830508771723543759435415 
34004.1193270371 1.2201895673186964e-05 -88.716112942369235838668828364462 
34716.8681892656 1.1931212102457945e-05 -88.825091601475094194029225036502 
35444.5567397044 1.1667026837366061e-05 -88.926599665667879435204667970538 
36187.4981241128 1.1409206079550963e-05 -89.021027527371145993129175622016 
36946.0120519930 1.1157611267237421e-05 -89.108760002746606687651365064085 
37720.4249341700 1.0912100350432674e-05 -89.190173751220498843395034782588 
38511.0700232557 1.0672528947403803e-05 -89.265635186948316004418302327394 
39318.2875570577 1.0438751379093753e-05 -89.335498838385760222990938927978 
40142.4249049932 1.0210621582052382e-05 -89.400106109063756321120308712125 
40983.8367175726 9.9879939034768519e-06 -89.459784391856260299391578882933 
41842.8850790158 9.7707237841818446e-06 -89.514846490004103429782844614238 
42719.9396630678 9.5586683368565900e-06 -89.565590300245787602761993184686 
43615.3778920801 9.3516868279333765e-06 -89.612298716348718130575434770435 
44529.5850994265 9.1496410718946151e-06 -89.655239714816758578308508731425 
45462.9546953240 8.9523957469815702e-06 -89.694666588424951214619795791805 
46415.8883361278 8.7598186411268505e-06 -89.730818297046937459526816383004 
47388.7960971765 8.5717808365865205e-06 -89.763919908950953185922116972506 
48382.0966492596 8.3881568412611886e-06 -89.794183109596232839066942688078 
49396.2174387832 8.2088246741182276e-06 -89.821806758090474431810434907675 
50431.5948717136 8.0336659114987698e-06 -89.846977474732923951705743093044 
51488.6745013750 7.8625657004475337e-06 -89.869870245886858128869789652526 
52567.9112201842 7.6954127445607821e-06 -89.890649034694291685809730552137 
53669.7694554048 7.5320992672267154e-06 -89.909467388635363249704823829234 
54794.7233690028 7.3725209565449492e-06 -89.926469036559936398589343298227 
55943.2570616938 7.2165768956634176e-06 -89.941788469622309776241309009492 
57115.8647812643 7.0641694817683146e-06 -89.955551501801878089281672146171 
58313.0511352622 6.9152043365048146e-06 -89.967875807006024047041137237102 
59535.3313081437 6.7695902101957614e-06 -89.978871430542753273584821727127 
60783.2312829724 6.6272388818586633e-06 -89.988641273743738224766275379807 
62057.2880677650 6.4880650566965432e-06 -89.997281551042689784480899106711 
63358.0499265825 6.3519862624537207e-06 -90.004882219376810326139093376696 
64686.0766154632 6.2189227457787423e-06 -90.011527380245425433713535312563 
66041.9396233031 6.0887973695202986e-06 -90.017295655046453362047031987458 
67426.2224177835 5.9615355116966221e-06 -90.022260534576858503896801266819 
68839.5206964550 5.8370649667183955e-06 -90.026490703809542992530623450875 
70282.4426430835 5.7153158493098230e-06 -90.030050343141581947747908998281 
71755.6091893692 5.5962205014567808e-06 -90.032999407468949470967345405370 
73259.6542821523 5.4797134026139747e-06 -90.035393884450030554944532923400 
74795.2251562183 5.3657310833223472e-06 -90.037286033369639426382491365075 
76362.9826128224 5.2542120423200792e-06 -90.038724606043373910324589814991 
77963.6013040524 5.1450966671759804e-06 -90.039755051161364463041536509991 
79597.7700231498 5.0383271584290291e-06 -90.040419703423310693324310705066 
81266.1920009195 4.9338474571819170e-06 -90.040757958827725815353915095329 
82969.5852083491 4.8316031760684895e-06 -90.040806437397151285040308721364 
84708.6826655740 4.7315415334930690e-06 -90.040599134504176959126198198646 
86484.2327573173 4.6336112910241163e-06 -90.040167562027434655647084582597 
88296.9995549408 4.5377626938127062e-06 -90.039540880338009287697786930948 
90147.7631452492 4.4439474138994430e-06 -90.038746022155265791298006661236 
92037.3199661823 4.3521184962693061e-06 -90.037807809190411489908001385629 
93966.4831495469 4.2622303075122182e-06 -90.036749062390981634962372481823 
95936.0828709315 4.1742384869486564e-06 -90.035590706550081563364074099809 
97946.9667069539 4.0880999000818919e-06 -90.034351869981037452816963195801 
100000.0000000000 4.0037725942427427e-06 -90.033049979821200281548954080790 
102096.0662306048 3.9212157562979623e-06 -90.031700853526302807949832640588 
104236.0673976403 3.8403896722995332e-06 -90.030318786936177843926998320967 
106420.9244064722 3.7612556889584547e-06 -90.028916639369512608936929609627 
108651.5774652537 3.6837761768338224e-06 -90.027505916013865316926967352629 
110928.9864895223 3.6079144951351898e-06 -90.026096847845224147022236138582 
113254.1315152813 3.5336349580428585e-06 -90.024698469312824045118759386241 
115628.0131207378 3.4609028024583414e-06 -90.023318693942741219871095381677 
118051.6528568803 3.3896841571037949e-06 -90.021964387862453804700635373592 
120526.0936870841 3.3199460128955843e-06 -90.020641441395767401445482391864 
123052.4004359262 3.2516561945238283e-06 -90.019354838739545243697648402303 
125631.6602474121 3.1847833331750016e-06 -90.018108725645376466673042159528 
128264.9830528062 3.1192968403403094e-06 -90.016906475140046950400574132800 
130953.5020482665 3.0551668826576888e-06 -90.015750751206994095809932332486 
133698.3741824945 2.9923643577392062e-06 -90.014643570304542663507163524628 
136500.7806546014 2.9308608709403581e-06 -90.013586360760854176987777464092 
139361.9274224144 2.8706287130307202e-06 -90.012580019807884923466190230101 
142283.0457214355 2.8116408387290328e-06 -90.011624968316738204521243460476 
145265.3925946778 2.7538708460684038e-06 -90.010721203008984048210550099611 
148310.2514336103 2.6972929565596836e-06 -90.009868346162051011560834012926 
151418.9325304352 2.6418819961233568e-06 -90.009065692698413840844295918941 
154592.7736419479 2.5876133767616294e-06 -90.008312254578470401611411944032 
157833.1405652120 2.5344630789442831e-06 -90.007606802478775875897554215044 
161141.4277253016 2.4824076346827709e-06 -90.006947904717435449128970503807 
164519.0587753661 2.4314241112680898e-06 -90.006333963372000539493456017226 
167967.4872092653 2.3814900956488918e-06 -90.005763247652282643684884533286 
171488.1969870541 2.3325836794265413e-06 -90.005233924472946682726615108550 
175082.7031735727 2.2846834444447685e-06 -90.004744086334923736103519331664 
178752.5525904232 2.2377684489516317e-06 -90.004291776491456289477355312556 
182499.3244816150 2.1918182143118675e-06 -90.003875011542305628609028644860 
186324.6311931560 2.1468127122482000e-06 -90.003491801465415278471482452005 
190230.1188668946 2.1027323525899850e-06 -90.003140167256304948750766925514 
194217.4681489028 2.0595579715081646e-06 -90.002818156255642634278046898544 
198288.3949127067 2.0172708202156141e-06 -90.002523855249521034238568972796 
202444.6509976802 1.9758525541120706e-06 -90.002255401554819513876282144338 
206688.0249629082 1.9352852223534998e-06 -90.002010992170355052621744107455 
211020.3428568597 1.8955512578256202e-06 -90.001788891138915005285525694489 
215443.4690031887 1.8566334675021134e-06 -90.001587435307499163172906264663 
219959.3068030070 1.8185150231682724e-06 -90.001405038589368245993682648987 
224569.7995539772 1.7811794524913780e-06 -90.001240194912327297060983255506 
229276.9312865649 1.7446106304198236e-06 -90.001091479969886677281465381384 
234082.7276178294 1.7087927708932510e-06 -90.000957551921146659879013895988 
238989.2566231053 1.6737104188471160e-06 -90.000837151180917317105922847986 
243998.6297259545 1.6393484424953276e-06 -90.000729099464749083381320815533 
249113.0026067786 1.6056920258756422e-06 -90.000632298100114780936564784497 
254334.5761304648 1.5727266616432222e-06 -90.000545725866459179087541997433 
259665.5972934873 1.5404381440983547e-06 -90.000468436337598632235312834382 
265108.3601908542 1.5088125624352895e-06 -90.000399554895338383175840135664 
270665.2070033236 1.4778362941999404e-06 -90.000338275471122528870182577521 
276338.5290053167 1.4474959989447789e-06 -90.000283857116997410230396781117 
282130.7675939471 1.4177786120703174e-06 -90.000235620430984795348194893450 
288044.4153396298 1.3886713388429464e-06 -90.000192943937094014472677372396 
294082.0170587067 1.3601616485799780e-06 -90.000155260457830763698439113796 
300246.1709085543 1.3322372689931569e-06 -90.000122053497534579946659505367 
306539.5295056524 1.3048861806826438e-06 -90.000092853725732311431784182787 
312964.8010670751 1.2780966117742110e-06 -90.000067235518869779298256617039 
319524.7505759214 1.2518570326927205e-06 -90.000044813668210963442106731236 
326222.2009711673 1.2261561510657341e-06 -90.000025240173201268589764367789 
333060.0343624596 1.2009829067514477e-06 -90.000008201235814908613974694163 
340041.1932703702 1.1763264669857210e-06 -89.999993414395660806803789455444 
347168.6818926560 1.1521762216432660e-06 -89.999980625804980149951006751508 
354445.5673970436 1.1285217786086210e-06 -89.999969607723045328384614549577 
361874.9812411284 1.1053529592527002e-06 -89.999960156140602407504047732800 
369460.1205199310 1.0826597940112017e-06 -89.999952088582574560859939083457 
377204.2493416994 1.0604325180613216e-06 -89.999945242067823869547282811254 
385110.7002325569 1.0386615670935481e-06 -89.999939471241859223482606466860 
393182.8755705770 1.0173375731755762e-06 -89.999934646641662538968375883996 
401424.2490499326 9.9645136070547412e-07 -89.999930653103660915803629904985 
409838.3671757270 9.7599394245155231e-07 -89.999927388338605283024662639946 
418428.8507901576 9.5595651567649658e-07 -89.999924761569815245820791460574 
427199.3966306776 9.3633045834344135e-07 -89.999922692368258481110387947410 
436153.7789208005 9.1710732540193087e-07 -89.999921109537282859491824638098 
445295.8509942660 8.9827884515159472e-07 -89.999919950131385348868207074702 
454629.5469532409 8.7983691568175120e-07 -89.999919158568019383892533369362 
464158.8833612773 8.6177360138503599e-07 -89.999918685814364494035544339567 
473887.9609717651 8.4408112954331779e-07 -89.999918488657215220882790163159 
483820.9664925957 8.2675188698429022e-07 -89.999918529079877771437168121338 
493962.1743878326 8.0977841680705586e-07 -89.999918773646029990231909323484 
504315.9487171369 7.9315341517523458e-07 -89.999919192986723714966501574963 
514886.7450137487 7.7686972817609965e-07 -89.999919761345751112457946874201 
525679.1122018419 7.6092034874426848e-07 -89.999920456146170977262954693288 
536697.6945540477 7.4529841364864803e-07 -89.999921257635335791746911127120 
547947.2336900292 7.2999720054119583e-07 -89.999922148535702604021935258061 
559432.5706169389 7.1501012506627029e-07 -89.999923113764239701595215592533 
571158.6478126423 7.0033073802925303e-07 -89.999924140168673147854860872030 
583130.5113526218 6.8595272262322789e-07 -89.999925216293959806534985546023 
595353.3130814370 6.7186989171252477e-07 -89.999926332175078869113349355757 
607832.3128297236 6.5807618517192959e-07 -89.999927479158472465314844157547 
620572.8806776514 6.4456566728041768e-07 -89.999928649747658937485539354384 
633580.4992658241 6.3133252416831521e-07 -89.999929837455525216682872269303 
646860.7661546321 6.1837106131675595e-07 -89.999931036671299011686642188579 
660419.3962330306 6.0567570110839748e-07 -89.999932242570608309506496880203 
674262.2241778349 5.9324098042832719e-07 -89.999933450995669659278064500540 
688395.2069645510 5.8106154831413275e-07 -89.999934658390543518180493265390 
702824.4264308338 5.6913216365414171e-07 -89.999935861709445816813968122005 
717556.0918936920 5.5744769293284220e-07 -89.999937058367606823594542220235 
732596.5428215230 5.4600310802252726e-07 -89.999938246159530308432294987142 
747952.2515621829 5.3479348402020547e-07 -89.999939423245365333059453405440 
763629.8261282258 5.2381399712886878e-07 -89.999940588056958290508191566914 
779636.0130405221 5.1305992258220418e-07 -89.999941739308567889565892983228 
795977.7002314978 5.0252663261185499e-07 -89.999942875925853513763286173344 
812661.9200091945 4.9220959445638939e-07 -89.999943997036865539485006593168 
829695.8520834915 4.8210436841109047e-07 -89.999945101936106084394850768149 
847086.8266557420 4.7220660591775372e-07 -89.999946190064989082202373538166 
864842.3275731709 4.6251204769367275e-07 -89.999947260998837350598478224128 
882969.9955494083 4.5301652189900096e-07 -89.999948314409337513097852934152 
901477.6314524917 4.4371594234172496e-07 -89.999949350076391851871449034661 
920373.1996618230 4.3460630671945638e-07 -89.999950367846082599498913623393 
939664.8314954709 4.2568369489730201e-07 -89.999951367648336031379585620016 
959360.8287093127 4.1694426722107988e-07 -89.999952349468586021430382970721 
979469.6670695386 4.0838426286513109e-07 -89.999953313338934890452947001904 
1000000.0000000000 3.9999999821406092e-07 -89.999954259326827354925626423210 
