   1.0000000e-02   7.1906606e+05
   1.0232930e-02   6.8391084e+05
   1.0471285e-02   6.4788415e+05
   1.0715193e-02   6.1096060e+05
   1.0964782e-02   5.7311427e+05
   1.1220185e-02   5.3431791e+05
   1.1481536e-02   4.9454328e+05
   1.1748976e-02   4.5376103e+05
   1.2022644e-02   4.1194058e+05
   1.2302688e-02   3.7838095e+05
   1.2589254e-02   3.6238049e+05
   1.2882496e-02   3.4597252e+05
   1.3182567e-02   3.2914427e+05
   1.3489629e-02   3.1188249e+05
   1.3803843e-02   2.9417324e+05
   1.4125375e-02   2.7600208e+05
   1.4454398e-02   2.5735383e+05
   1.4791084e-02   2.3821263e+05
   1.5135612e-02   2.1856189e+05
   1.5488166e-02   2.0562204e+05
   1.5848932e-02   1.9633101e+05
   1.6218101e-02   1.8679118e+05
   1.6595869e-02   1.7699372e+05
   1.6982437e-02   1.6692954e+05
   1.7378008e-02   1.5658898e+05
   1.7782794e-02   1.4596198e+05
   1.8197009e-02   1.3503790e+05
   1.8620871e-02   1.2776359e+05
   1.9054607e-02   1.2177812e+05
   1.9498446e-02   1.1562311e+05
   1.9952623e-02   1.0929195e+05
   2.0417379e-02   1.0277769e+05
   2.0892961e-02   9.6072988e+04
   2.1379621e-02   8.9279975e+04
   2.1877616e-02   8.5286806e+04
   2.2387211e-02   8.1174636e+04
   2.2908677e-02   7.6938428e+04
   2.3442288e-02   7.2572875e+04
   2.3988329e-02   6.8072359e+04
   2.4547089e-02   6.3909640e+04
   2.5118864e-02   6.1188879e+04
   2.5703958e-02   5.8381916e+04
   2.6302680e-02   5.5484784e+04
   2.6915348e-02   5.2493293e+04
   2.7542287e-02   4.9551020e+04
   2.8183829e-02   4.7609342e+04
   2.8840315e-02   4.5602415e+04
   2.9512092e-02   4.3527036e+04
   3.0199517e-02   4.1379806e+04
   3.0902954e-02   3.9620275e+04
   3.1622777e-02   3.8192784e+04
   3.2359366e-02   3.6713967e+04
   3.3113112e-02   3.5181131e+04
   3.3884416e-02   3.3811690e+04
   3.4673685e-02   3.2718824e+04
   3.5481339e-02   3.1584196e+04
   3.6307805e-02   3.0405507e+04
   3.7153523e-02   2.9507443e+04
   3.8018940e-02   2.8771751e+04
   3.8904514e-02   2.8005877e+04
   3.9810717e-02   2.7288026e+04
   4.0738028e-02   2.7000386e+04
   4.1686938e-02   2.6699571e+04
   4.2657952e-02   2.6384668e+04
   4.3651583e-02   2.6577073e+04
   4.4668359e-02   2.6814983e+04
   4.5708819e-02   2.7061145e+04
   4.6773514e-02   2.7815489e+04
   4.7863009e-02   2.8635593e+04
   4.8977882e-02   2.9483783e+04
   5.0118723e-02   3.0328310e+04
   5.1286138e-02   3.1207819e+04
   5.2480746e-02   3.2185737e+04
   5.3703180e-02   3.3268073e+04
   5.4954087e-02   3.4397678e+04
   5.6234133e-02   3.5650303e+04
   5.7543994e-02   3.6956910e+04
   5.8884366e-02   3.8339916e+04
   6.0255959e-02   3.9793046e+04
   6.1659500e-02   4.1177642e+04
   6.3095734e-02   4.2451224e+04
   6.4565423e-02   4.3205915e+04
   6.6069345e-02   4.2756409e+04
   6.7608298e-02   4.1971739e+04
   6.9183097e-02   4.0425939e+04
   7.0794578e-02   3.9266443e+04
   7.2443596e-02   3.8864729e+04
   7.4131024e-02   3.8677733e+04
   7.5857758e-02   3.8699585e+04
   7.7624712e-02   3.8737445e+04
   7.9432823e-02   3.8788409e+04
   8.1283052e-02   3.9174318e+04
   8.3176377e-02   3.9664477e+04
   8.5113804e-02   4.0312843e+04
   8.7096359e-02   4.0825258e+04
   8.9125094e-02   4.1719655e+04
   9.1201084e-02   4.3593308e+04
   9.3325430e-02   4.5739738e+04
   9.5499259e-02   4.7043342e+04
   9.7723722e-02   4.6965105e+04
   1.0000000e-01   4.7723040e+04
   1.0232930e-01   5.1921505e+04
   1.0471285e-01   5.7356668e+04
   1.0715193e-01   6.1714848e+04
   1.0964782e-01   6.2997356e+04
   1.1220185e-01   6.8467931e+04
   1.1481536e-01   7.3040252e+04
   1.1748976e-01   7.7302849e+04
   1.2022644e-01   8.2270196e+04
   1.2302688e-01   8.7775066e+04
   1.2589254e-01   9.3650542e+04
   1.2882496e-01   1.0203500e+05
   1.3182567e-01   1.1185894e+05
   1.3489629e-01   1.2014670e+05
   1.3803843e-01   1.2609416e+05
   1.4125375e-01   1.3176813e+05
   1.4454398e-01   1.3341983e+05
   1.4791084e-01   1.3587205e+05
   1.5135612e-01   1.4385930e+05
   1.5488166e-01   1.5097656e+05
   1.5848932e-01   1.5297530e+05
   1.6218101e-01   1.5969262e+05
   1.6595869e-01   1.7278813e+05
   1.6982437e-01   1.8761023e+05
   1.7378008e-01   2.0453449e+05
   1.7782794e-01   2.3079250e+05
   1.8197009e-01   2.6250004e+05
   1.8620871e-01   2.9663544e+05
   1.9054607e-01   3.3586878e+05
   1.9498446e-01   3.6232089e+05
   1.9952623e-01   3.6677684e+05
   2.0417379e-01   3.6694407e+05
   2.0892961e-01   3.5170510e+05
   2.1379621e-01   3.4409065e+05
   2.1877616e-01   3.3057440e+05
   2.2387211e-01   3.3070661e+05
   2.2908677e-01   3.3487584e+05
   2.3442288e-01   3.4223894e+05
   2.3988329e-01   3.4633748e+05
   2.4547089e-01   3.5181806e+05
   2.5118864e-01   3.5523804e+05
   2.5703958e-01   3.4517985e+05
   2.6302680e-01   3.3506560e+05
   2.6915348e-01   3.3408372e+05
   2.7542287e-01   3.2131642e+05
   2.8183829e-01   3.1770757e+05
   2.8840315e-01   3.0742700e+05
   2.9512092e-01   2.8975959e+05
   3.0199517e-01   2.8162610e+05
   3.0902954e-01   2.6572526e+05
   3.1622777e-01   2.5248877e+05
   3.2359366e-01   2.5083948e+05
   3.3113112e-01   2.3776783e+05
   3.3884416e-01   2.2405039e+05
   3.4673685e-01   2.0099514e+05
   3.5481339e-01   1.9317288e+05
   3.6307805e-01   1.7916361e+05
   3.7153523e-01   1.6814936e+05
   3.8018940e-01   1.6358591e+05
   3.8904514e-01   1.5113909e+05
   3.9810717e-01   1.3176316e+05
   4.0738028e-01   1.1975742e+05
   4.1686938e-01   1.0540317e+05
   4.2657952e-01   9.4861728e+04
   4.3651583e-01   8.7075605e+04
   4.4668359e-01   7.7082841e+04
   4.5708819e-01   7.0495392e+04
   4.6773514e-01   6.1543407e+04
   4.7863009e-01   5.2467983e+04
   4.8977882e-01   4.6819229e+04
   5.0118723e-01   4.1867459e+04
   5.1286138e-01   3.8290333e+04
   5.2480746e-01   3.6037879e+04
   5.3703180e-01   3.1796743e+04
   5.4954087e-01   2.9103249e+04
   5.6234133e-01   2.6689479e+04
   5.7543994e-01   2.4910793e+04
   5.8884366e-01   2.3265689e+04
   6.0255959e-01   2.1078288e+04
   6.1659500e-01   1.7901921e+04
   6.3095734e-01   1.5548961e+04
   6.4565423e-01   1.4873158e+04
   6.6069345e-01   1.4262799e+04
   6.7608298e-01   1.2855934e+04
   6.9183097e-01   1.1126797e+04
   7.0794578e-01   9.8608956e+03
   7.2443596e-01   8.8532703e+03
   7.4131024e-01   7.8270703e+03
   7.5857758e-01   6.5281821e+03
   7.7624712e-01   5.6619494e+03
   7.9432823e-01   4.9000143e+03
   8.1283052e-01   4.2112653e+03
   8.3176377e-01   3.8898799e+03
   8.5113804e-01   3.4889254e+03
   8.7096359e-01   3.2225399e+03
   8.9125094e-01   2.9767556e+03
   9.1201084e-01   2.6491136e+03
   9.3325430e-01   2.4090515e+03
   9.5499259e-01   2.2277208e+03
   9.7723722e-01   2.1070713e+03
   1.0000000e+00   2.0808783e+03
   1.0232930e+00   2.0227050e+03
   1.0471285e+00   1.8454367e+03
   1.0715193e+00   1.6559540e+03
   1.0964782e+00   1.5617739e+03
   1.1220185e+00   1.5558390e+03
   1.1481536e+00   1.3252089e+03
   1.1748976e+00   1.2895614e+03
   1.2022644e+00   1.2486360e+03
   1.2302688e+00   1.1801284e+03
   1.2589254e+00   1.1530679e+03
   1.2882496e+00   1.0733334e+03
   1.3182567e+00   1.0203390e+03
   1.3489629e+00   9.7208019e+02
   1.3803843e+00   9.2293060e+02
   1.4125375e+00   8.7952673e+02
   1.4454398e+00   8.3715349e+02
   1.4791084e+00   7.9409182e+02
   1.5135612e+00   7.5667280e+02
   1.5488166e+00   7.1960614e+02
   1.5848932e+00   6.8202483e+02
   1.6218101e+00   6.4988711e+02
   1.6595869e+00   6.1760202e+02
   1.6982437e+00   5.8517164e+02
   1.7378008e+00   5.5743692e+02
   1.7782794e+00   5.2942750e+02
   1.8197009e+00   5.0172837e+02
   1.8620871e+00   4.7768888e+02
   1.9054607e+00   4.5348282e+02
   1.9498446e+00   4.2992815e+02
   1.9952623e+00   4.0923051e+02
   2.0417379e+00   3.8845768e+02
   2.0892961e+00   3.6855175e+02
   2.1379621e+00   3.5081702e+02
   2.1877616e+00   3.3308326e+02
   2.2387211e+00   3.1635964e+02
   2.2908677e+00   3.0128828e+02
   2.3442288e+00   2.8627832e+02
   2.3988329e+00   2.7232496e+02
   2.4547089e+00   2.5959186e+02
   2.5118864e+00   2.4696532e+02
   2.5703958e+00   2.3539807e+02
   2.6302680e+00   2.2472364e+02
   2.6915348e+00   2.1418461e+02
   2.7542287e+00   2.0465015e+02
   2.8183829e+00   1.9575133e+02
   2.8840315e+00   1.8700117e+02
   2.9512092e+00   1.7915877e+02
   3.0199517e+00   1.7175415e+02
   3.0902954e+00   1.6449696e+02
   3.1622777e+00   1.5803599e+02
   3.2359366e+00   1.5186351e+02
   3.3113112e+00   1.4582540e+02
   3.3884416e+00   1.4044829e+02
   3.4673685e+00   1.3525021e+02
   3.5481339e+00   1.3016579e+02
   3.6307805e+00   1.2561657e+02
   3.7153523e+00   1.2116714e+02
   3.8018940e+00   1.1682518e+02
   3.8904514e+00   1.1286924e+02
   3.9810717e+00   1.0898031e+02
   4.0738028e+00   1.0519126e+02
   4.1686938e+00   1.0165950e+02
   4.2657952e+00   9.8179613e+01
   4.3651583e+00   9.4788300e+01
   4.4668359e+00   9.1568942e+01
   4.5708819e+00   8.8392080e+01
   4.6773514e+00   8.5293855e+01
   4.7863009e+00   8.2312400e+01
   4.8977882e+00   7.9370323e+01
   5.0118723e+00   7.6498882e+01
   5.1286138e+00   7.3714855e+01
   5.2480746e+00   7.0969139e+01
   5.3703180e+00   6.8293042e+01
   5.4954087e+00   6.5686503e+01
   5.6234133e+00   6.3124289e+01
   5.7543994e+00   6.0631942e+01
   5.8884366e+00   5.8198458e+01
   6.0255959e+00   5.5819255e+01
   6.1659500e+00   5.3504054e+01
   6.3095734e+00   5.1252412e+01
   6.4565423e+00   4.9055642e+01
   6.6069345e+00   4.6926801e+01
   6.7608298e+00   4.4859146e+01
   6.9183097e+00   4.2851448e+01
   7.0794578e+00   4.0910897e+01
   7.2443596e+00   3.9032894e+01
   7.4131024e+00   3.7213785e+01
   7.5857758e+00   3.5461984e+01
   7.7624712e+00   3.3772848e+01
   7.9432823e+00   3.2141549e+01
   8.1283052e+00   3.0578721e+01
   8.3176377e+00   2.9071027e+01
   8.5113804e+00   2.7625118e+01
   8.7096359e+00   2.6239735e+01
   8.9125094e+00   2.4908674e+01
   9.1201084e+00   2.3631816e+01
   9.3325430e+00   2.2411277e+01
   9.5499259e+00   2.1245783e+01
   9.7723722e+00   2.0131928e+01
   1.0000000e+01   1.9070400e+01
   1.0232930e+01   1.8055903e+01
   1.0471285e+01   1.7089274e+01
   1.0715193e+01   1.6167854e+01
   1.0964782e+01   1.5290660e+01
   1.1220185e+01   1.4456650e+01
   1.1481536e+01   1.3663716e+01
   1.1748976e+01   1.2909617e+01
   1.2022644e+01   1.2193365e+01
   1.2302688e+01   1.1514140e+01
   1.2589254e+01   1.0870033e+01
   1.2882496e+01   1.0259486e+01
   1.3182567e+01   9.6799885e+00
   1.3489629e+01   9.1302955e+00
   1.3803843e+01   8.6094718e+00
   1.4125375e+01   8.1167579e+00
   1.4454398e+01   7.6513052e+00
   1.4791084e+01   7.2103677e+00
   1.5135612e+01   6.7944574e+00
   1.5488166e+01   6.4004292e+00
   1.5848932e+01   6.0261418e+00
   1.6218101e+01   5.6738729e+00
   1.6595869e+01   5.3416415e+00
   1.6982437e+01   5.0282098e+00
   1.7378008e+01   4.7328486e+00
   1.7782794e+01   4.4532870e+00
   1.8197009e+01   4.1885711e+00
   1.8620871e+01   3.9399003e+00
   1.9054607e+01   3.7065472e+00
   1.9498446e+01   3.4822621e+00
   1.9952623e+01   3.2751288e+00
   2.0417379e+01   3.0779954e+00
   2.0892961e+01   2.8928499e+00
   2.1379621e+01   2.7186368e+00
   2.1877616e+01   2.5533745e+00
   2.2387211e+01   2.3993837e+00
   2.2908677e+01   2.2539345e+00
   2.3442288e+01   2.1165012e+00
   2.3988329e+01   1.9879966e+00
   2.4547089e+01   3.1777977e+00
   2.5118864e+01   2.3657568e+00
   2.5703958e+01   1.9205186e+00
   2.6302680e+01   3.3338798e+00
   2.6915348e+01   3.3503022e+00
   2.7542287e+01   4.1613715e+00
   2.8183829e+01   3.7973091e+00
   2.8840315e+01   5.5958638e+00
   2.9512092e+01   4.9562042e+00
   3.0199517e+01   1.0323582e+01
   3.0902954e+01   6.7585106e+00
   3.1622777e+01   8.4181063e+00
   3.2359366e+01   1.4113757e+01
   3.3113112e+01   1.4862333e+01
   3.3884416e+01   1.3410837e+01
   3.4673685e+01   1.8873380e+01
   3.5481339e+01   1.5736800e+01
   3.6307805e+01   1.4521054e+01
   3.7153523e+01   8.6050710e+00
   3.8018940e+01   1.5317358e+01
   3.8904514e+01   1.3731476e+01
   3.9810717e+01   1.8522352e+01
   4.0738028e+01   9.8833531e+00
   4.1686938e+01   4.8115030e+00
   4.2657952e+01   7.4090550e+00
   4.3651583e+01   6.6350969e+00
   4.4668359e+01   4.0874554e+00
   4.5708819e+01   3.7964733e+00
   4.6773514e+01   3.9390615e+00
   4.7863009e+01   3.9576925e+00
   4.8977882e+01   1.8527459e+00
   5.0118723e+01   4.6256655e+00
   5.1286138e+01   4.6978025e+00
   5.2480746e+01   2.8986654e+00
   5.3703180e+01   2.3685083e+00
   5.4954087e+01   1.3790365e+00
   5.6234133e+01   1.3604370e+00
   5.7543994e+01   6.5705531e-01
   5.8884366e+01   9.5448790e-01
   6.0255959e+01   7.2984181e-01
   6.1659500e+01   5.4562539e-01
   6.3095734e+01   8.0569515e-01
   6.4565423e+01   5.7178350e-01
   6.6069345e+01   9.9387489e-01
   6.7608298e+01   5.1984711e-01
   6.9183097e+01   3.8932216e-01
   7.0794578e+01   6.9406173e-01
   7.2443596e+01   1.0062909e+00
   7.4131024e+01   1.7290917e+00
   7.5857758e+01   6.2003611e+00
   7.7624712e+01   5.3174591e+00
   7.9432823e+01   4.0196984e+00
   8.1283052e+01   1.7681490e+00
   8.3176377e+01   1.1190285e+00
   8.5113804e+01   7.1356222e-01
   8.7096359e+01   3.5819839e-01
   8.9125094e+01   3.2325453e-01
   9.1201084e+01   2.2074722e-01
   9.3325430e+01   2.4874344e-01
   9.5499259e+01   2.2356930e-01
   9.7723722e+01   1.5333528e-01
   1.0000000e+02   2.2453513e-01
   1.0232930e+02   7.5706116e-02
   1.0471285e+02   1.4648004e-01
   1.0715193e+02   2.1208804e-01
   1.0964782e+02   1.5172244e-01
   1.1220185e+02   1.4115932e-01
   1.1481536e+02   2.0891973e-01
   1.1748976e+02   2.4382742e-01
   1.2022644e+02   2.2390835e-01
   1.2302688e+02   1.2406667e-01
   1.2589254e+02   1.4178826e-01
   1.2882496e+02   1.1479014e-01
   1.3182567e+02   6.3032814e-02
   1.3489629e+02   5.9481863e-02
   1.3803843e+02   1.0279635e-01
   1.4125375e+02   9.0748970e-02
   1.4454398e+02   1.0919954e-01
   1.4791084e+02   7.0069286e-02
   1.5135612e+02   6.8379008e-02
   1.5488166e+02   1.3038005e-01
   1.5848932e+02   7.9492395e-02
   1.6218101e+02   6.3765683e-02
   1.6595869e+02   4.9621955e-02
   1.6982437e+02   4.3081218e-02
   1.7378008e+02   4.6425946e-02
   1.7782794e+02   3.6411013e-02
   1.8197009e+02   5.6260945e-02
   1.8620871e+02   6.9395950e-02
   1.9054607e+02   7.3445900e-02
   1.9498446e+02   1.0177451e-01
   1.9952623e+02   1.0091416e-01
   2.0417379e+02   5.5564432e-02
   2.0892961e+02   8.8604681e-02
   2.1379621e+02   8.2048129e-02
   2.1877616e+02   6.9278986e-02
   2.2387211e+02   7.2033915e-02
   2.2908677e+02   3.6763822e-02
   2.3442288e+02   5.2796058e-02
   2.3988329e+02   5.4634516e-02
   2.4547089e+02   3.2125534e-02
   2.5118864e+02   3.4042344e-02
   2.5703958e+02   2.5524811e-02
   2.6302680e+02   2.9448910e-02
   2.6915348e+02   2.9125576e-02
   2.7542287e+02   3.9244540e-02
   2.8183829e+02   2.9840122e-02
   2.8840315e+02   3.3030285e-02
   2.9512092e+02   4.4115835e-02
   3.0199517e+02   3.9254120e-02
   3.0902954e+02   4.6751033e-02
   3.1622777e+02   1.0991819e-01
   3.2359366e+02   1.5109350e-01
   3.3113112e+02   2.8233378e-01
   3.3884416e+02   1.2335850e-01
   3.4673685e+02   6.0359487e-02
   3.5481339e+02   6.1293547e-02
   3.6307805e+02   1.1861194e-01
   3.7153523e+02   5.1218103e-02
   3.8018940e+02   6.1308243e-02
   3.8904514e+02   7.7053448e-02
   3.9810717e+02   1.4916791e-01
   4.0738028e+02   7.7323137e-02
   4.1686938e+02   8.4509401e-02
   4.2657952e+02   1.4610771e-01
   4.3651583e+02   2.8930794e-01
   4.4668359e+02   4.7701849e-02
   4.5708819e+02   1.8491892e-01
   4.6773514e+02   1.4685817e-01
   4.7863009e+02   7.1314041e-02
   4.8977882e+02   5.2459234e-02
   5.0118723e+02   5.0091640e-02
   5.1286138e+02   8.0917388e-02
   5.2480746e+02   1.5101773e-01
   5.3703180e+02   8.6934715e-02
   5.4954087e+02   5.3385780e-02
   5.6234133e+02   5.5969209e-02
   5.7543994e+02   1.1296913e-01
   5.8884366e+02   7.6810201e-02
   6.0255959e+02   7.4384140e-02
   6.1659500e+02   1.2670387e-01
   6.3095734e+02   7.3813876e-02
   6.4565423e+02   3.8279960e-02
   6.6069345e+02   1.2591811e-01
   6.7608298e+02   1.8011792e-01
   6.9183097e+02   4.4444502e-02
   7.0794578e+02   3.0031478e-02
   7.2443596e+02   2.7632126e-02
   7.4131024e+02   3.7255521e-02
   7.5857758e+02   4.4834980e-02
   7.7624712e+02   3.3188964e-02
   7.9432823e+02   3.6483490e-02
   8.1283052e+02   4.3115922e-02
   8.3176377e+02   3.9327596e-02
   8.5113804e+02   3.2402716e-02
   8.7096359e+02   4.4134885e-02
   8.9125094e+02   4.8906171e-02
   9.1201084e+02   3.6965511e-02
   9.3325430e+02   3.7174276e-02
   9.5499259e+02   4.3420231e-02
   9.7723722e+02   4.2277575e-02
   1.0000000e+03   3.6782748e-02
   1.0232930e+03   4.1992172e-02
   1.0471285e+03   4.8812803e-02
   1.0715193e+03   4.9033426e-02
   1.0964782e+03   3.9695392e-02
   1.1220185e+03   3.7274990e-02
   1.1481536e+03   4.2302050e-02
   1.1748976e+03   4.2401346e-02
   1.2022644e+03   4.0875337e-02
   1.2302688e+03   3.4631213e-02
   1.2589254e+03   4.3582590e-02
   1.2882496e+03   4.1681468e-02
   1.3182567e+03   2.1258437e-01
   1.3489629e+03   5.6298993e-02
   1.3803843e+03   1.9081778e-01
   1.4125375e+03   4.8925106e-02
   1.4454398e+03   5.3943573e-02
   1.4791084e+03   4.7424717e-02
   1.5135612e+03   7.8562212e-02
   1.5488166e+03   1.1152149e-01
   1.5848932e+03   7.8305646e-02
   1.6218101e+03   7.3301403e-02
   1.6595869e+03   1.2839435e-01
   1.6982437e+03   1.5944681e-01
   1.7378008e+03   1.4024693e-01
   1.7782794e+03   1.5955135e-01
   1.8197009e+03   4.7576966e-02
   1.8620871e+03   6.6455969e-02
   1.9054607e+03   5.7474880e-02
   1.9498446e+03   4.8340095e-02
   1.9952623e+03   5.4950281e-02
   2.0417379e+03   5.1943447e-02
   2.0892961e+03   4.5445763e-02
   2.1379621e+03   5.3692977e-02
   2.1877616e+03   4.5767450e-02
   2.2387211e+03   5.2102058e-02
   2.2908677e+03   4.6590682e-02
   2.3442288e+03   6.1660856e-02
   2.3988329e+03   4.2474586e-02
   2.4547089e+03   4.3882558e-02
   2.5118864e+03   5.2419039e-02
   2.5703958e+03   5.3018567e-02
   2.6302680e+03   5.5952992e-02
   2.6915348e+03   6.7315275e-02
   2.7542287e+03   4.5869869e-02
   2.8183829e+03   5.2689712e-02
   2.8840315e+03   4.7004643e-02
   2.9512092e+03   4.6132094e-02
   3.0199517e+03   4.0072232e-02
   3.0902954e+03   3.9106494e-02
   3.1622777e+03   3.9180204e-02
   3.2359366e+03   4.2855519e-02
   3.3113112e+03   3.9624118e-02
   3.3884416e+03   3.9712743e-02
   3.4673685e+03   3.9466230e-02
   3.5481339e+03   4.1312091e-02
   3.6307805e+03   4.1632411e-02
   3.7153523e+03   3.9688096e-02
   3.8018940e+03   3.9211965e-02
   3.8904514e+03   4.0227195e-02
   3.9810717e+03   4.0286467e-02
   4.0738028e+03   3.9706838e-02
   4.1686938e+03   5.1011364e-02
   4.2657952e+03   5.4806238e-02
   4.3651583e+03   3.9644674e-02
   4.4668359e+03   4.1384879e-02
   4.5708819e+03   4.0836588e-02
   4.6773514e+03   4.1088887e-02
   4.7863009e+03   4.2786893e-02
   4.8977882e+03   4.3277578e-02
   5.0118723e+03   4.4307399e-02
   5.1286138e+03   4.6839129e-02
   5.2480746e+03   4.5967740e-02
   5.3703180e+03   4.3489441e-02
   5.4954087e+03   4.3179999e-02
   5.6234133e+03   4.3715624e-02
   5.7543994e+03   4.1795042e-02
   5.8884366e+03   4.1401294e-02
   6.0255959e+03   4.2809246e-02
   6.1659500e+03   4.2333390e-02
   6.3095734e+03   4.1361296e-02
   6.4565423e+03   4.1878136e-02
   6.6069345e+03   4.0966361e-02
   6.7608298e+03   4.2034678e-02
   6.9183097e+03   4.1801902e-02
   7.0794578e+03   4.5510674e-02
   7.2443596e+03   4.2470818e-02
   7.4131024e+03   4.3492464e-02
   7.5857758e+03   4.2648101e-02
   7.7624712e+03   4.5992924e-02
   7.9432823e+03   4.3280145e-02
   8.1283052e+03   4.4080863e-02
   8.3176377e+03   4.4794744e-02
   8.5113804e+03   4.4408628e-02
   8.7096359e+03   4.2973458e-02
   8.9125094e+03   4.4647179e-02
   9.1201084e+03   4.5286152e-02
   9.3325430e+03   4.5073582e-02
   9.5499259e+03   4.5619477e-02
   9.7723722e+03   4.4435425e-02
   1.0000000e+04   4.7109445e-02
   1.0232930e+04   4.5783927e-02
   1.0471285e+04   4.6109406e-02
   1.0715193e+04   4.5266505e-02
   1.0964782e+04   4.8262962e-02
   1.1220185e+04   4.6276459e-02
   1.1481536e+04   4.6420489e-02
   1.1748976e+04   4.6223999e-02
   1.2022644e+04   4.5634082e-02
   1.2302688e+04   4.7619484e-02
   1.2589254e+04   4.9722951e-02
   1.2882496e+04   4.8707484e-02
   1.3182567e+04   4.7672192e-02
   1.3489629e+04   4.8583314e-02
   1.3803843e+04   4.8567099e-02
   1.4125375e+04   4.9455876e-02
   1.4454398e+04   4.8632008e-02
   1.4791084e+04   4.9586950e-02
   1.5135612e+04   4.9389584e-02
   1.5488166e+04   5.0158933e-02
   1.5848932e+04   4.9764188e-02
   1.6218101e+04   4.9389879e-02
   1.6595869e+04   5.1670055e-02
   1.6982437e+04   5.1559791e-02
   1.7378008e+04   5.1663479e-02
   1.7782794e+04   5.3005879e-02
   1.8197009e+04   5.2531576e-02
   1.8620871e+04   5.3096370e-02
   1.9054607e+04   5.3795135e-02
   1.9498446e+04   5.3923091e-02
   1.9952623e+04   5.4902308e-02
   2.0417379e+04   5.5456983e-02
   2.0892961e+04   5.5426955e-02
   2.1379621e+04   5.4691853e-02
   2.1877616e+04   5.8313177e-02
   2.2387211e+04   5.6634591e-02
   2.2908677e+04   5.9989615e-02
   2.3442288e+04   5.9273565e-02
   2.3988329e+04   5.9619041e-02
   2.4547089e+04   6.0418601e-02
   2.5118864e+04   6.3982999e-02
   2.5703958e+04   6.3601147e-02
   2.6302680e+04   6.3455931e-02
   2.6915348e+04   6.4108553e-02
   2.7542287e+04   6.6037926e-02
   2.8183829e+04   6.8325127e-02
   2.8840315e+04   6.9770348e-02
   2.9512092e+04   7.0030474e-02
   3.0199517e+04   7.3011501e-02
   3.0902954e+04   7.5368179e-02
   3.1622777e+04   7.6043999e-02
   3.2359366e+04   7.8750453e-02
   3.3113112e+04   8.3500572e-02
   3.3884416e+04   8.5559714e-02
   3.4673685e+04   8.7214739e-02
   3.5481339e+04   8.7907469e-02
   3.6307805e+04   9.3621959e-02
   3.7153523e+04   9.7347976e-02
   3.8018940e+04   1.0002387e-01
   3.8904514e+04   1.0548093e-01
   3.9810717e+04   1.0717979e-01
   4.0738028e+04   1.1073917e-01
   4.1686938e+04   1.1677404e-01
   4.2657952e+04   1.1784027e-01
   4.3651583e+04   1.2177513e-01
   4.4668359e+04   1.2439757e-01
   4.5708819e+04   1.2417100e-01
   4.6773514e+04   1.2110811e-01
   4.7863009e+04   1.1778574e-01
   4.8977882e+04   1.1767664e-01
   5.0118723e+04   1.1044927e-01
   5.1286138e+04   1.0276091e-01
   5.2480746e+04   9.8784144e-02
   5.3703180e+04   9.2318425e-02
   5.4954087e+04   8.5189090e-02
   5.6234133e+04   8.1909407e-02
   5.7543994e+04   7.2462274e-02
   5.8884366e+04   6.7730432e-02
   6.0255959e+04   6.3410542e-02
   6.1659500e+04   6.1663967e-02
   6.3095734e+04   5.5009025e-02
   6.4565423e+04   5.8877718e-02
   6.6069345e+04   5.2080125e-02
   6.7608298e+04   4.3583214e-02
   6.9183097e+04   4.4069844e-02
   7.0794578e+04   3.8673949e-02
   7.2443596e+04   4.1248634e-02
   7.4131024e+04   3.4191347e-02
   7.5857758e+04   3.2430087e-02
   7.7624712e+04   3.0870025e-02
   7.9432823e+04   4.1265940e-02
   8.1283052e+04   3.9667117e-02
   8.3176377e+04   4.5013655e-02
   8.5113804e+04   3.3368912e-02
   8.7096359e+04   4.0932313e-02
   8.9125094e+04   3.8816366e-02
   9.1201084e+04   2.3639044e-02
   9.3325430e+04   2.2313225e-02
   9.5499259e+04   2.4493567e-02
   9.7723722e+04   2.2843659e-02
   1.0000000e+05   1.6914264e-02
   1.0232930e+05   1.6801152e-02
   1.0471285e+05   1.9765105e-02
   1.0715193e+05   1.4479226e-02
   1.0964782e+05   1.3975940e-02
   1.1220185e+05   1.4294156e-02
   1.1481536e+05   1.2323330e-02
   1.1748976e+05   1.1794189e-02
   1.2022644e+05   1.1292848e-02
   1.2302688e+05   1.0817303e-02
   1.2589254e+05   1.0365723e-02
   1.2882496e+05   9.9364381e-03
   1.3182567e+05   9.5279199e-03
   1.3489629e+05   9.1387699e-03
   1.3803843e+05   8.7677078e-03
   1.4125375e+05   8.4135608e-03
   1.4454398e+05   8.0752542e-03
   1.4791084e+05   7.7518024e-03
   1.5135612e+05   7.4423011e-03
   1.5488166e+05   7.1459196e-03
   1.5848932e+05   6.8618933e-03
   1.6218101e+05   6.5895171e-03
   1.6595869e+05   6.3281382e-03
   1.6982437e+05   6.0771500e-03
   1.7378008e+05   5.8359864e-03
   1.7782794e+05   5.6041179e-03
   1.8197009e+05   5.3810507e-03
   1.8620871e+05   5.1663283e-03
   1.9054607e+05   4.9595393e-03
   1.9498446e+05   4.7603273e-03
   1.9952623e+05   4.5684012e-03
   2.0417379e+05   4.3835408e-03
   2.0892961e+05   4.2055899e-03
   2.1379621e+05   4.0344363e-03
   2.1877616e+05   3.8699834e-03
   2.2387211e+05   3.7121218e-03
   2.2908677e+05   3.5607094e-03
   2.3442288e+05   3.4155664e-03
   2.3988329e+05   3.2764792e-03
   2.4547089e+05   3.1432123e-03
   2.5118864e+05   3.0155195e-03
   2.5703958e+05   2.8931546e-03
   2.6302680e+05   2.7758781e-03
   2.6915348e+05   2.6634616e-03
   2.7542287e+05   2.5556903e-03
   2.8183829e+05   2.4523637e-03
   2.8840315e+05   2.3532955e-03
   2.9512092e+05   2.2583133e-03
   3.0199517e+05   2.1672575e-03
   3.0902954e+05   2.0799806e-03
   3.1622777e+05   1.9963460e-03
   3.2359366e+05   1.9162270e-03
   3.3113112e+05   1.8395054e-03
   3.3884416e+05   1.7660708e-03
   3.4673685e+05   1.6958189e-03
   3.5481339e+05   1.6286507e-03
   3.6307805e+05   1.5644714e-03
   3.7153523e+05   1.5031894e-03
   3.8018940e+05   1.4447154e-03
   3.8904514e+05   1.3889614e-03
   3.9810717e+05   1.3358406e-03
   4.0738028e+05   1.2852661e-03
   4.1686938e+05   1.2371511e-03
   4.2657952e+05   1.1914083e-03
   4.3651583e+05   1.1479496e-03
   4.4668359e+05   1.1066865e-03
   4.5708819e+05   1.0675293e-03
   4.6773514e+05   1.0303882e-03
   4.7863009e+05   9.9517254e-04
   4.8977882e+05   9.6179157e-04
   5.0118723e+05   9.3015455e-04
   5.1286138e+05   9.0017105e-04
   5.2480746e+05   8.7175129e-04
   5.3703180e+05   8.4480649e-04
   5.4954087e+05   8.1924922e-04
   5.6234133e+05   7.9499379e-04
   5.7543994e+05   7.7195659e-04
   5.8884366e+05   7.5005648e-04
   6.0255959e+05   7.2921516e-04
   6.1659500e+05   7.0935754e-04
   6.3095734e+05   6.9041210e-04
   6.4565423e+05   6.7231123e-04
   6.6069345e+05   6.5499156e-04
   6.7608298e+05   6.3839422e-04
   6.9183097e+05   6.2246516e-04
   7.0794578e+05   6.0715530e-04
   7.2443596e+05   5.9242066e-04
   7.4131024e+05   5.7822250e-04
   7.5857758e+05   5.6452727e-04
   7.7624712e+05   5.5130654e-04
   7.9432823e+05   5.3853692e-04
   8.1283052e+05   5.2619986e-04
   8.3176377e+05   5.1428154e-04
   8.5113804e+05   5.0277278e-04
   8.7096359e+05   4.9166914e-04
   8.9125094e+05   4.8097127e-04
   9.1201084e+05   4.7068572e-04
   9.3325430e+05   4.6082644e-04
   9.5499259e+05   4.5141727e-04
   9.7723722e+05   4.4249581e-04
   1.0000000e+06   4.3411877e-04
