0.1 4230005.858
0.101861017 4076810.852
0.103756668 3929163.354
0.105687597 3786869.016
0.107654461 3649729.183
0.109657929 3517555.039
0.111698682 3390169.272
0.113777413 3267400.218
0.11589483 3149076.322
0.118051653 3035037.029
0.120248614 2925130.285
0.122486461 2819205.711
0.124765955 2717117.339
0.127087871 2618723.271
0.129452998 2523896.089
0.13186214 2432501.037
0.134316117 2344416.942
0.136815763 2259523.585
0.139361927 2177705.118
0.141955477 2098848.402
0.144597292 2022847.878
0.147288272 1949600.31
0.150029332 1879004.808
0.152821404 1810965.832
0.155665436 1745392.454
0.158562396 1682190.774
0.161513269 1621279.515
0.164519059 1562574.111
0.167580786 1505994.704
0.170699493 1451463.978
0.17387624 1398908.015
0.177112106 1348254.552
0.180408193 1299435.663
0.18376562 1252384.57
0.187185529 1207037.863
0.190669084 1163332.591
0.194217468 1121210.431
0.197831888 1080612.598
0.201513573 1041485.939
0.205263775 1003775.61
0.209083769 967430.2998
0.212974854 932401.743
0.216938352 898641.0785
0.220975611 866103.0686
0.225088005 834742.8816
0.229276931 804519.0781
0.233543814 775389.1754
0.237890104 747314.0273
0.242317279 720255.2909
0.246826845 694176.5952
0.251420335 669042.225
0.25609931 644817.7556
0.260865362 621470.4559
0.265720111 598968.6221
0.270665207 577281.51
0.275702333 556379.4964
0.2808332 536234.4303
0.286059554 516818.732
0.29138317 498106.2697
0.296805861 480071.2114
0.302329468 462688.8628
0.307955871 445936.2465
0.313686982 429789.9383
0.319524751 414228.7755
0.325471161 399230.5089
0.331528234 384775.5801
0.337698031 370843.928
0.343982649 357416.6777
0.350384225 344475.5618
0.356904935 332003.0972
0.363546996 319982.2238
0.370312668 308396.6146
0.377204249 297230.2718
0.384224085 286468.5935
0.39137456 276096.2539
0.398658107 266099.4618
0.406077203 256464.7544
0.413634368 247178.9934
0.421332174 238229.2221
0.429173238 229603.6011
0.437160225 221290.1843
0.445295851 213277.9084
0.453582883 205555.638
0.462024137 198112.6432
0.470622485 190939.375
0.47938085 184025.7735
0.488302209 177362.5458
0.497389596 170940.277
0.506646101 164750.7797
0.516074871 158785.2947
0.525679112 153035.7841
0.53546209 147494.396
0.545427131 142153.2773
0.555577622 137005.7073
0.565917016 132044.312
0.576448828 127262.6153
0.587176639 122654.0164
0.598104096 118212.229
0.609234915 113930.8143
0.620572881 109804.3957
0.632121848 105827.3058
0.643885743 101994.2648
0.655868566 98299.23808
0.668074392 94738.08508
0.68050737 91305.8069
0.693171728 87997.20902
0.706071771 84808.60233
0.719211887 81734.90761
0.732596543 78771.90389
0.746230289 75915.89462
0.760117762 73162.82117
0.774263683 70508.94736
0.788672862 67950.57969
0.803350198 65484.12668
0.818300682 63106.32411
0.833529397 60814.09963
0.84904152 58603.87151
0.864842328 56472.50034
0.88093719 54417.19761
0.897331581 52435.42402
0.914031075 50524.03995
0.931041349 48680.7583
0.948368187 46902.74236
0.96601748 45186.37575
0.98399523 43528.8728
1.002307548 41929.11047
1.020960662 40386.14415
1.039960914 38895.04043
1.059314764 37455.24792
1.079028792 36063.64106
1.099109701 34718.82209
1.119564319 33417.59269
1.140399602 32159.14088
1.161622633 30940.20132
1.183240627 29759.46205
1.205260937 28614.92507
1.227691048 27503.88289
1.250538587 26425.16542
1.273811323 25376.3419
1.297517169 24355.53552
1.321664184 23360.61458
1.346260579 22389.86588
1.371314718 21441.21514
1.396835118 20513.1487
1.422830457 19603.56777
1.449309574 18710.67902
1.476281472 17832.95227
1.503755321 16968.7743
1.531740464 16117.04423
1.560246414 15276.35239
1.589282866 14446.37574
1.61885969 13626.17496
1.648986944 12815.85191
1.679674872 12015.79801
1.710933907 11226.73242
1.742774678 10449.99975
1.775208012 9687.420589
1.808244935 8941.467439
1.841896681 8214.615822
1.876174691 7510.199738
1.911090622 6831.153867
1.946656343 6180.968112
1.982883949 5562.784372
2.019785757 4979.172657
2.057374313 4432.7535
2.095662399 3925.213594
2.134663033 3457.501974
2.174389476 3030.096411
2.214855234 2642.667193
2.256074066 2294.126111
2.298059989 1982.907888
2.340827276 1706.95709
2.38439047 1463.952676
2.428764382 1251.187109
2.473964101 1066.031338
2.520004994 905.6719732
2.566902715 767.4888885
2.614673212 648.8952204
2.663332725 547.5011399
2.7128978 461.1124707
2.76338529 387.7404913
2.814812361 325.5687991
2.867196497 273.0325477
2.920555512 228.7229543
2.974907547 191.4179484
3.030271083 160.0657905
3.086664943 133.7508245
3.144108303 111.6897449
3.202620694 93.21554822
3.26222201 77.76066519
3.322932516 64.84026974
3.384772856 54.04633106
3.447764055 45.03716409
3.51192753 37.51801893
3.577285099 31.24763302
3.643858984 26.01946915
3.711671819 21.66174553
3.780746664 18.03224045
3.851107002 15.00815738
3.922776759 12.48988689
3.995780302 10.39337123
4.070142453 8.647736208
4.145888497 7.19496499
4.223044187 5.985742354
4.301635758 4.979446161
4.381689932 4.142268992
4.463233927 3.445744192
4.54629547 2.866056175
4.630902802 2.383866135
4.717084691 1.982794693
4.80487044 1.649167546
4.894289896 1.371668329
4.985373464 1.140797144
5.078152112 0.948767946
5.172657387 0.789071852
5.268921421 0.656243192
5.366976946 0.545781587
5.4668573 0.453893613
5.568596444 0.377478417
5.672228972 0.313926102
5.777790118 0.261069162
5.885315775 0.217118784
5.994842503 0.180565001
6.106407542 0.150158719
6.220048826 0.124874643
6.335804993 0.10384932
6.453715402 0.086360763
6.573820143 0.071824794
6.696160055 0.059729305
6.820776733 0.049669361
6.947712548 0.041309025
7.077010661 0.03435145
7.208715034 0.028567898
7.342870447 0.023758632
7.479522516 0.019756735
7.618717702 0.016430289
7.760503335 0.01366386
7.904927623 0.011363539
8.052039671 0.009449326
8.201889499 0.007859054
8.354528058 0.006535184
8.510007247 0.00543512
8.66837993 0.004520242
8.829699955 0.003758679
8.994022174 0.003126175
9.161402457 0.002599894
9.331897716 0.002162191
9.50556592 0.001798266
9.682466119 0.001495655
9.862658461 0.001244099
10.04620421 0.001034929
10.23316578 0.000861021
10.42360674 0.000716524
10.61759183 0.000596252
10.81518703 0.000496418
11.0164595 0.000413436
11.22147768 0.000344544
11.43031129 0.000287319
11.64303133 0.000239874
11.85971012 0.000200562
12.08042135 0.000167995
12.30524004 0.000141099
12.53424265 0.000118931
12.76750704 0.000100703
13.00511252 8.58E-05
13.24713988 7.36E-05
13.49367141 6.37E-05
13.74479093 5.58E-05
14.00058382 4.95E-05
14.26113707 4.44E-05
14.52653926 4.04E-05
14.79688063 3.73E-05
15.07225309 3.48E-05
15.35275029 3.28E-05
15.63846758 3.12E-05
15.92950213 3.00E-05
16.22595287 2.89E-05
16.52792061 2.80E-05
16.83550803 2.72E-05
17.1488197 2.66E-05
17.46796215 2.60E-05
17.7930439 2.54E-05
18.12417547 2.49E-05
18.46146946 2.44E-05
18.80504055 2.40E-05
19.15500556 2.35E-05
19.51148347 2.31E-05
19.8745955 2.27E-05
20.2444651 2.23E-05
20.62121804 2.19E-05
21.00498242 2.16E-05
21.39588871 2.12E-05
21.79406984 2.09E-05
22.19966119 2.06E-05
22.61280066 2.02E-05
23.03362873 1.99E-05
23.46228848 1.96E-05
23.89892566 1.93E-05
24.34368874 1.90E-05
24.79672893 1.87E-05
25.25820027 1.85E-05
25.72825967 1.82E-05
26.20706696 1.80E-05
26.69478494 1.77E-05
27.19157943 1.75E-05
27.69761935 1.73E-05
28.21307676 1.70E-05
28.73812692 1.68E-05
29.27294835 1.66E-05
29.8177229 1.64E-05
30.3726358 1.62E-05
30.93787572 1.60E-05
31.51363485 1.58E-05
32.10010896 1.56E-05
32.69749745 1.54E-05
33.30600344 1.52E-05
33.92583383 1.51E-05
34.55719937 1.49E-05
35.20031473 1.47E-05
35.85539857 1.46E-05
36.52267364 1.44E-05
37.20236681 1.43E-05
37.89470919 1.41E-05
38.59993618 1.40E-05
39.31828756 1.39E-05
40.05000758 1.37E-05
40.79534503 1.36E-05
41.55455335 1.35E-05
42.32789066 1.33E-05
43.1156199 1.32E-05
43.91800893 1.31E-05
44.73533054 1.30E-05
45.56786266 1.29E-05
46.41588834 1.28E-05
47.27969592 1.27E-05
48.1595791 1.26E-05
49.05583706 1.25E-05
49.96877454 1.24E-05
50.89870194 1.23E-05
51.84593544 1.23E-05
52.81079712 1.22E-05
53.79361504 1.21E-05
54.79472337 1.20E-05
55.81446249 1.19E-05
56.85317914 1.19E-05
57.91122648 1.18E-05
58.98896426 1.18E-05
60.08675892 1.17E-05
61.20498372 1.16E-05
62.34401889 1.16E-05
63.50425169 1.15E-05
64.68607662 1.15E-05
65.88989551 1.14E-05
67.11611767 1.14E-05
68.36516005 1.13E-05
69.63744731 1.13E-05
70.93341205 1.12E-05
72.25349492 1.12E-05
73.59814475 1.12E-05
74.96781875 1.11E-05
76.36298261 1.11E-05
77.78411071 1.11E-05
79.23168625 1.11E-05
80.70620141 1.10E-05
82.20815755 1.10E-05
83.73806535 1.10E-05
85.296445 1.10E-05
86.88382635 1.09E-05
88.50074914 1.09E-05
90.14776315 1.09E-05
91.82542836 1.09E-05
93.5343152 1.09E-05
95.27500472 1.09E-05
97.04808877 1.09E-05
98.85417022 1.09E-05
100.6938631 1.09E-05
102.5677931 1.09E-05
104.4765972 1.09E-05
106.4209244 1.09E-05
108.4014359 1.09E-05
110.4188051 1.09E-05
112.4737178 1.09E-05
114.5668729 1.09E-05
116.6989819 1.09E-05
118.8707698 1.09E-05
121.082975 1.09E-05
123.3363498 1.09E-05
125.6316602 1.09E-05
127.9696868 1.10E-05
130.3512245 1.10E-05
132.7770829 1.10E-05
135.248087 1.10E-05
137.765077 1.11E-05
140.3289085 1.11E-05
142.9404533 1.11E-05
145.6005995 1.11E-05
148.3102514 1.12E-05
151.0703304 1.12E-05
153.881775 1.12E-05
156.745541 1.13E-05
159.6626022 1.13E-05
162.6339504 1.14E-05
165.6605959 1.14E-05
168.7435678 1.15E-05
171.8839143 1.15E-05
175.0827032 1.16E-05
178.3410221 1.16E-05
181.6599788 1.17E-05
185.040702 1.17E-05
188.4843409 1.18E-05
191.9920666 1.19E-05
195.5650716 1.19E-05
199.2045708 1.20E-05
202.9118018 1.21E-05
206.688025 1.22E-05
210.5345243 1.23E-05
214.4526076 1.23E-05
218.4436071 1.24E-05
222.5088798 1.25E-05
226.6498079 1.26E-05
230.8677994 1.27E-05
235.1642884 1.28E-05
239.5407359 1.29E-05
243.9986297 1.30E-05
248.5394857 1.32E-05
253.1648479 1.33E-05
257.8762888 1.34E-05
262.6754104 1.35E-05
267.5638445 1.37E-05
272.5432531 1.38E-05
277.6153294 1.40E-05
282.781798 1.41E-05
288.0444153 1.43E-05
293.4049709 1.44E-05
298.8652874 1.46E-05
304.4272212 1.48E-05
310.0926636 1.50E-05
315.8635408 1.51E-05
321.7418151 1.53E-05
327.729485 1.55E-05
333.8285865 1.58E-05
340.0411933 1.60E-05
346.3694177 1.62E-05
352.8154115 1.64E-05
359.3813664 1.67E-05
366.0695148 1.69E-05
372.8821307 1.72E-05
379.8215306 1.75E-05
386.8900739 1.78E-05
394.090164 1.81E-05
401.424249 1.84E-05
408.8948226 1.87E-05
416.5044249 1.90E-05
424.2556431 1.94E-05
432.1511128 1.98E-05
440.1935185 2.01E-05
448.3855948 2.05E-05
456.730127 2.09E-05
465.2299524 2.14E-05
473.887961 2.18E-05
482.7070966 2.23E-05
491.6903578 2.28E-05
500.840799 2.33E-05
510.1615315 2.38E-05
519.6557244 2.44E-05
529.3266058 2.49E-05
539.177464 2.55E-05
549.2116484 2.61E-05
559.4325706 2.68E-05
569.8437059 2.74E-05
580.4485943 2.80E-05
591.2508414 2.87E-05
602.2541201 2.94E-05
613.4621718 3.01E-05
624.8788072 3.08E-05
636.5079081 3.16E-05
648.3534286 3.24E-05
660.4193962 3.32E-05
672.7099136 3.40E-05
685.2291595 3.49E-05
697.9813908 3.58E-05
710.9709432 3.67E-05
724.2022335 3.77E-05
737.6797603 3.87E-05
751.4081061 3.98E-05
765.3919388 4.09E-05
779.636013 4.20E-05
794.1451719 4.32E-05
808.9243487 4.45E-05
823.9785685 4.58E-05
839.3129498 4.72E-05
854.9327066 4.86E-05
870.8431498 5.01E-05
887.049689 5.17E-05
903.5578346 5.33E-05
920.3731997 5.51E-05
937.5015015 5.69E-05
954.948564 5.87E-05
972.7203192 6.07E-05
990.8228099 6.27E-05
1009.262191 6.49E-05
1028.044732 6.71E-05
1047.176819 6.95E-05
1066.664958 7.19E-05
1086.515775 7.45E-05
1106.736018 7.71E-05
1127.332564 7.99E-05
1148.312415 8.29E-05
1169.682704 8.59E-05
1191.450698 8.91E-05
1213.623798 9.25E-05
1236.209544 9.60E-05
1259.215614 9.97E-05
1282.649831 0.000103534
1306.520162 0.00010756
1330.834725 0.000111774
1355.601785 0.000116185
1380.829765 0.000120802
1406.527242 0.000125635
1432.702953 0.000130694
1459.365799 0.00013599
1486.524845 0.000141534
1514.189325 0.000147339
1542.368646 0.000153415
1571.072389 0.000159775
1600.310314 0.000166433
1630.092361 0.000173404
1660.428657 0.000180699
1691.329517 0.000188336
1722.805447 0.000196329
1754.86715 0.000204695
1787.525526 0.000213451
1820.79168 0.000222614
1854.676923 0.000232202
1889.192776 0.000242234
1924.350975 0.000252731
1960.163474 0.000263712
1996.64245 0.000275199
2033.800306 0.000287214
2071.649676 0.000299779
2110.203429 0.00031292
2149.474673 0.000326659
2189.476763 0.000341023
2230.223298 0.000356039
2271.728133 0.000371732
2314.00538 0.000388133
2357.069414 0.00040527
2400.934877 0.000423173
2445.616683 0.000441874
2491.130026 0.000461405
2537.49038 0.0004818
2584.713507 0.000503093
2632.815466 0.00052532
2681.812609 0.000548518
2731.721598 0.000572726
2782.559402 0.000597981
2834.343306 0.000624326
2887.090917 0.000651801
2940.820171 0.00068045
2995.549334 0.000710318
3051.297017 0.000741449
3108.082174 0.000773892
3165.924112 0.000807695
3224.842498 0.000842908
3284.857366 0.000879583
3345.989121 0.000917774
3408.258547 0.000957534
3471.686819 0.000998921
3536.295501 0.001041993
3602.106562 0.001086809
3669.142378 0.001133431
3737.425742 0.001181924
3806.979871 0.001232352
3877.828415 0.001284782
3949.995461 0.001339285
4023.505549 0.001395932
4098.383672 0.001454796
4174.655289 0.001515954
4252.346335 0.001579483
4331.483223 0.001645463
4412.092863 0.001713978
4494.202662 0.001785113
4577.840538 0.001858956
4663.03493 0.001935596
4749.814803 0.002015127
4838.209665 0.002097644
4928.24957 0.002183246
5019.965133 0.002272034
5113.387538 0.002364112
5208.548551 0.002459586
5305.480525 0.002558566
5404.216421 0.002661165
5504.789808 0.002767499
5607.234883 0.002877684
5711.586478 0.002991844
5817.880074 0.003110101
5926.151812 0.003232584
6036.438506 0.00335942
6148.777654 0.003490744
6263.207452 0.003626689
6379.766809 0.003767393
6498.495354 0.003912996
6619.433459 0.00406364
6742.622242 0.004219468
6868.103589 0.004380626
6995.920165 0.004547261
7126.11543 0.004719522
7258.733651 0.004897558
7393.819919 0.005081519
7531.420166 0.005271557
7671.581177 0.005467822
7814.350608 0.005670465
7959.777002 0.005879637
8107.909807 0.006095487
8258.799388 0.006318163
8412.49705 0.006547812
8569.055051 0.006784579
8728.526624 0.007028608
8890.96599 0.007280038
9056.428379 0.007539009
9224.970053 0.007805653
9396.648315 0.008080104
9571.521539 0.00836249
9749.649183 0.008652935
9931.091814 0.008951561
10115.91112 0.009258485
10304.16995 0.009573823
10495.93231 0.009897683
10691.26339 0.010230172
10890.22962 0.010571395
11092.89865 0.01092145
11299.33938 0.011280435
11509.62201 0.011648444
11723.81803 0.012025566
11942.00028 0.012411892
12164.24294 0.012807507
12390.62157 0.013212496
12621.21315 0.013626944
12856.09607 0.01405093
13095.3502 0.014484538
13339.0569 0.014927848
13587.29902 0.015380941
13840.16097 0.015843898
14097.72872 0.016316801
14360.08985 0.016799732
14627.33356 0.017292775
14899.55073 0.017796016
15176.8339 0.018309543
15459.27736 0.018833444
15746.97715 0.019367812
16040.03107 0.019912741
16338.53878 0.02046833
16642.60176 0.021034678
16952.32342 0.02161189
17267.80904 0.022200075
17589.1659 0.022799342
17916.50327 0.023409809
18249.93245 0.024031595
18589.5668 0.024664824
18935.5218 0.025309626
19287.91508 0.025966134
19646.86646 0.026634486
20012.49799 0.027314827
20384.93398 0.028007305
20764.30107 0.028712074
21150.72825 0.029429293
21544.3469 0.030159129
21945.29086 0.03090175
22353.69646 0.031657334
22769.70255 0.032426062
23193.45059 0.033208122
23625.08465 0.034003706
24064.7515 0.034813013
24512.60062 0.035636245
24968.78429 0.036473612
25433.45761 0.037325325
25906.77859 0.038191602
26388.90814 0.039072662
26880.01022 0.03996873
27380.25178 0.04088003
27889.80292 0.041806789
28408.8369 0.042749232
28937.53019 0.043707584
29476.06255 0.044682066
30024.61709 0.045672894
30583.38032 0.046680276
31152.54224 0.047704409
31732.29635 0.04874548
32322.83978 0.049803656
32924.37333 0.050879083
33537.10152 0.051971883
34161.23269 0.053082147
34796.97904 0.054209928
35444.55674 0.055355238
36104.18597 0.056518033
36776.09102 0.057698213
37460.50033 0.058895607
38157.64661 0.060109964
38867.76691 0.06134094
39591.10266 0.062588084
40327.89982 0.063850827
41078.4089 0.065128462
41842.88508 0.066420128
42621.58829 0.067724793
43414.7833 0.069041231
44222.73981 0.070368002
45045.73252 0.071703429
45884.04126 0.073045575
46737.95108 0.074392221
47607.7523 0.07574084
48493.74067 0.077088573
49396.21744 0.07843221
50315.48945 0.07976817
51251.86927 0.081092482
52205.67528 0.082400778
53177.23178 0.083688281
54166.86911 0.084949813
55174.92376 0.086179801
56201.73848 0.087372301
57247.6624 0.088521028
58313.05114 0.089619407
59398.26694 0.090660634
60503.67879 0.091637747
61629.66255 0.092543723
62776.60106 0.093371584
63944.88429 0.094114509
65134.90946 0.094765972
66347.08121 0.095319866
67581.81168 0.095770648
68839.5207 0.09611347
70120.63589 0.096344302
71425.59286 0.096460046
72754.83529 0.096458625
74108.81516 0.09633905
75487.99282 0.096101457
76892.83721 0.095747119
78323.82599 0.095278418
79781.44572 0.094698797
81266.192 0.094012675
82778.56966 0.093225345
84319.09293 0.092342852
85888.2856 0.091371858
87486.6812 0.090319496
89114.82323 0.08919323
90773.26525 0.088000713
92462.57116 0.086749657
94183.31535 0.085447709
95936.08287 0.084102354
97721.4697 0.082720815
99540.08288 0.08130999
101392.5408 0.079876388
103279.4732 0.078426091
105201.5218 0.076964728
107159.34 0.075497459
109153.5935 0.074028971
111184.9605 0.072563485
113254.1315 0.07110477
115361.8102 0.069656159
117508.7131 0.068220573
119695.5702 0.06680055
121923.1252 0.065398265
124192.1353 0.064015566
126503.372 0.062654
128857.6213 0.061314838
131255.6836 0.059999107
133698.3742 0.058707613
136186.5237 0.057440964
138720.9781 0.056199594
141302.5991 0.054983788
143932.2645 0.053793692
146610.8684 0.052629339
149339.3216 0.051490661
152118.5518 0.050377502
154949.5039 0.049289637
157833.1406 0.048226774
160770.4422 0.047188572
163762.4075 0.046174646
166810.0537 0.045184579
169914.4172 0.044217921
173076.5534 0.043274206
176297.5375 0.042352946
179578.4647 0.041453644
182920.4505 0.040575796
186324.6312 0.039718892
189792.1643 0.038882419
193324.2288 0.038065868
196922.0255 0.037268731
200586.778 0.036490506
204319.732 0.035730696
208122.157 0.034988812
211995.3458 0.034264375
215940.6152 0.033556914
219959.3068 0.032865967
224052.7869 0.032191084
228222.4474 0.031531827
232469.706 0.030887765
236796.0068 0.030258482
241202.8208 0.029643572
245691.6463 0.02904264
250264.0096 0.028455302
254921.4654 0.027881187
259665.5973 0.027319933
264498.0182 0.026771189
269420.3714 0.026234615
274434.3303 0.025709883
279541.5999 0.025196672
284743.9166 0.024694674
290043.0494 0.024203589
295440.7999 0.023723127
300939.0034 0.023253006
306539.5295 0.022792955
312244.2823 0.022342709
318055.2015 0.021902014
323974.263 0.021470623
330003.4791 0.021048295
336144.9 0.0206348
342400.6138 0.020229912
348772.7475 0.019833414
355263.4677 0.019445096
361874.9812 0.019064752
368609.5362 0.018692186
375469.4224 0.018327205
382456.9722 0.017969624
389574.5616 0.017619262
396824.6105 0.017275945
404209.584 0.016939503
411731.9931 0.016609772
419394.3956 0.016286592
427199.3966 0.01596981
435149.6501 0.015659274
443247.8591 0.015354839
451496.7772 0.015056363
459899.2091 0.01476371
468458.0116 0.014476746
477176.0949 0.01419534
486056.4232 0.013919369
495102.016 0.013648708
504315.9487 0.01338324
513701.3543 0.013122848
523261.4239 0.012867421
532999.4081 0.012616849
542918.6178 0.012371027
553022.4256 0.01212985
563314.2671 0.011893219
573797.6414 0.011661036
584476.1132 0.011433206
595353.3131 0.011209635
606432.9395 0.010990235
617718.7597 0.010774918
629214.611 0.010563598
640924.4019 0.010356193
652852.1141 0.010152621
665001.803 0.009952805
677377.5998 0.009756667
689983.7121 0.009564132
702824.4264 0.009375129
715904.1086 0.009189587
729227.2059 0.009007436
742798.2483 0.00882861
756621.85 0.008653043
770702.7114 0.008480672
785045.62 0.008311435
799655.4526 0.008145271
814537.1766 0.007982122
829695.8521 0.00782193
845136.6331 0.00766464
860864.7696 0.007510198
876885.6095 0.00735855
893204.5999 0.007209646
909827.2894 0.007063434
926759.3301 0.006919867
944006.4789 0.006778895
961574.6001 0.006640474
979469.6671 0.006504558
997697.7642 0.006371103
1016265.089 0.006240065
1035177.956 0.006111404
1054442.794 0.005985078
1074066.153 0.005861048
1094054.707 0.005739275
1114415.251 0.005619721
1135154.709 0.005502349
1156280.131 0.005387124
1177798.701 0.00527401
1199717.735 0.005162973
1222044.687 0.005053979
1244787.146 0.004946996
1267952.847 0.004841991
1291549.665 0.004738934
1315585.624 0.004637794
1340068.896 0.00453854
1365007.807 0.004441143
1390410.834 0.004345575
1416286.616 0.004251806
1442643.951 0.004159809
1469491.801 0.004069557
1496839.293 0.003981022
1524695.727 0.003894179
1553070.574 0.003809
1581973.482 0.003725459
1611414.277 0.003643532
1641402.971 0.003563192
1671949.76 0.003484415
1703065.029 0.003407175
1734759.359 0.003331449
1767043.526 0.003257211
1799928.507 0.003184437
1833425.483 0.003113103
1867545.843 0.003043185
1902301.189 0.002974658
1937703.337 0.0029075
1973764.326 0.002841685
2010496.416 0.00277719
2047912.097 0.002713991
2086024.089 0.002652065
2124845.352 0.002591387
2164389.086 0.002531935
2204668.735 0.002473683
2245697.996 0.002416609
2287490.817 0.002360689
2330061.411 0.002305899
2373424.25 0.002252216
2417594.079 0.002199616
2462585.916 0.002148076
2508415.059 0.002097573
2555097.09 0.002048083
2602647.882 0.001999584
2651083.602 0.001952052
2700420.719 0.001905465
2750676.008 0.001859801
2801866.556 0.001815037
2854009.77 0.001771152
2907123.377 0.001728124
2961225.438 0.001685933
3016334.347 0.001644556
3072468.843 0.001603975
3129648.011 0.00156417
3187891.293 0.001525121
3247218.492 0.001486811
3307649.781 0.001449221
3369205.706 0.001412333
3431907.197 0.001376133
3495775.574 0.001340603
3560832.553 0.00130573
3627100.252 0.001271499
3694601.205 0.001237896
3763358.362 0.001204911
3833395.102 0.00117253
3904735.237 0.001140744
3977403.024 0.001109543
4051423.171 0.001078919
4126820.846 0.001048862
4203621.684 0.001019367
4281851.799 0.000990427
4361537.789 0.000962037
4442706.75 0.000934191
4525386.278 0.000906886
4609604.487 0.000880118
4695390.011 0.000853884
4782772.018 0.000828182
4871780.219 0.000803011
4962444.878 0.000778367
5054796.821 0.00075425
5148867.45 0.000730659
5244688.749 0.000707592
5342293.3 0.000685048
5441714.287 0.000663025
5542985.516 0.000641523
5646141.419 0.00062054
5751217.072 0.000600074
5858248.2 0.000580123
5967271.196 0.000560683
6078323.128 0.000541753
6191441.756 0.000523329
6306665.541 0.000505407
6424033.659 0.000487982
6543586.019 0.00047105
6665363.268 0.000454606
6789406.813 0.000438643
6915758.829 0.000423156
7044462.277 0.000408137
7175560.919 0.00039358
7309099.329 0.000379477
7445122.911 0.00036582
7583677.915 0.000352601
7724811.451 0.00033981
7868571.507 0.00032744
8015006.962 0.000315481
8164167.605 0.000303923
8316104.153 0.000292757
8470868.267 0.000281974
8628512.566 0.000271563
8789090.653 0.000261515
8952657.126 0.00025182
9119267.598 0.000242468
9288978.72 0.000233448
9461848.195 0.000224752
9637934.8 0.00021637
9817298.406 0.000208291
10000000 0.000200507
