1204002112 1204006688 2018-03-02-14:01:34 4576
1204008032 1204018208 2018-03-02-15:40:14 10176
1204018304 1204043008 2018-03-02-18:31:26 24704
1204045536 1204050144 2018-03-03-02:05:18 4608
1204052544 1204057088 2018-03-03-04:02:06 4544
1204059200 1204063808 2018-03-03-05:53:02 4608
1204065984 1204070528 2018-03-03-07:46:06 4544
1204072704 1204077248 2018-03-03-09:38:06 4544
1204079392 1204083968 2018-03-03-11:29:34 4576
1204086112 1204090688 2018-03-03-13:21:34 4576
1204092832 1204097408 2018-03-03-15:13:34 4576
1204099552 1204104128 2018-03-03-17:05:34 4576
1204106336 1204110912 2018-03-03-18:58:38 4576
1204113088 1204117696 2018-03-03-20:51:10 4608
1204119904 1204124480 2018-03-03-22:44:46 4576
1204126720 1204131328 2018-03-04-00:38:22 4608
1204133824 1204138464 2018-03-04-02:36:46 4640
1204141088 1204145664 2018-03-04-04:37:50 4576
1204147968 1204152576 2018-03-04-06:32:30 4608
1204154848 1204159456 2018-03-04-08:27:10 4608
1204161728 1204166368 2018-03-04-10:21:50 4640
1204168640 1204173248 2018-03-04-12:17:02 4608
1204175552 1204180160 2018-03-04-14:12:14 4608
1204182496 1204187072 2018-03-04-16:07:58 4576
1204189408 1204194016 2018-03-04-18:03:10 4608
1204194336 1204198944 2018-03-04-19:25:18 4608
1204201088 1204205728 2018-03-04-21:17:50 4640
1204206080 1204210944 2018-03-04-22:41:02 4864
1204211072 1204215680 2018-03-05-00:04:14 4608
1204216224 1204220832 2018-03-05-01:30:06 4608
1204223712 1204228352 2018-03-05-03:34:54 4640
1204231136 1204235712 2018-03-05-05:38:38 4576
1204238112 1204242688 2018-03-05-07:34:54 4576
1204245056 1204249632 2018-03-05-09:30:38 4576
1204250240 1204254816 2018-03-05-10:57:02 4576
1204257184 1204261760 2018-03-05-12:52:46 4576
1204264160 1204268736 2018-03-05-14:49:02 4576
1204271072 1204275680 2018-03-05-16:44:14 4608
1204278080 1204282688 2018-03-05-18:41:02 4608
1204285120 1204289728 2018-03-05-20:38:22 4608
1204292128 1204296736 2018-03-05-22:35:10 4608
1204299552 1204304192 2018-03-06-00:38:54 4640
1204307648 1204312224 2018-03-06-02:53:50 4576
1204314688 1204319296 2018-03-06-04:51:10 4608
1204321728 1204326336 2018-03-06-06:48:30 4608
1204328768 1204333344 2018-03-06-08:45:50 4576
1204335712 1204340288 2018-03-06-10:41:34 4576
1204342752 1204347328 2018-03-06-12:38:54 4576
1204349760 1204354336 2018-03-06-14:35:42 4576
1204356768 1204361376 2018-03-06-16:32:30 4608
1204363872 1204368448 2018-03-06-18:30:54 4576
1204370816 1204375392 2018-03-06-20:26:38 4576
1204377856 1204382432 2018-03-06-22:23:58 4576
1204385088 1204389696 2018-03-07-00:24:30 4608
1204393216 1204397792 2018-03-07-02:39:58 4576
1204400384 1204404992 2018-03-07-04:39:26 4608
1204406368 1204448608 2018-03-07-06:19:10 42240
1204448736 1204471392 2018-03-07-18:05:18 22656
1204472608 1204477152 2018-03-08-00:43:10 4544
1204479616 1204484192 2018-03-08-02:39:58 4576
1204486432 1204491008 2018-03-08-04:33:34 4576
1204493472 1204498048 2018-03-08-06:30:54 4576
1204500384 1204504992 2018-03-08-08:26:06 4608
1204507584 1204512192 2018-03-08-10:26:06 4608
1204514944 1204519584 2018-03-08-12:28:46 4640
1204521888 1204526496 2018-03-08-14:24:30 4608
1204528832 1204533440 2018-03-08-16:20:14 4608
1204535776 1204540352 2018-03-08-18:15:58 4576
1204542720 1204547296 2018-03-08-20:11:42 4576
1204549664 1204554272 2018-03-08-22:07:26 4608
1204556640 1204561216 2018-03-09-00:03:42 4576
1204564224 1204568832 2018-03-09-02:10:06 4608
1204571392 1204575968 2018-03-09-04:09:34 4576
1204578496 1204583136 2018-03-09-06:07:58 4640
1204585536 1204590144 2018-03-09-08:05:18 4608
1204592512 1204597088 2018-03-09-10:01:34 4576
1204599488 1204604128 2018-03-09-11:57:50 4640
1204606560 1204613984 2018-03-09-13:55:42 7424
1204614080 1204653792 2018-03-09-16:01:02 39712
1204653952 1204661536 2018-03-10-03:05:34 7584
1204668000 1204672576 2018-03-10-06:59:42 4576
1204675616 1204680192 2018-03-10-09:06:38 4576
1204683264 1204687872 2018-03-10-11:14:06 4608
1204690944 1204695552 2018-03-10-13:22:06 4608
1204698688 1204703296 2018-03-10-15:31:10 4608
1204706400 1204730176 2018-03-10-17:39:42 23776
1204730560 1204735168 2018-03-11-00:22:22 4608
1204739264 1204743872 2018-03-11-02:47:26 4608
1204748512 1204753088 2018-03-11-05:21:34 4576
1204756864 1204761440 2018-03-11-07:40:46 4576
1204764672 1204769248 2018-03-11-09:50:54 4576
1204772544 1204777152 2018-03-11-12:02:06 4608
1204780416 1204785024 2018-03-11-14:13:18 4608
1204788384 1204792992 2018-03-11-16:26:06 4608
1204796384 1204800992 2018-03-11-18:39:26 4608
1204804448 1204807424 2018-03-11-20:53:50 2976
1204807520 1204812128 2018-03-11-21:45:02 4608
1204813472 1204818080 2018-03-11-23:24:14 4608
1204822080 1204826656 2018-03-12-01:47:42 4576
1204830144 1204834688 2018-03-12-04:02:06 4544
1204838240 1204842816 2018-03-12-06:17:02 4576
1204846496 1204851072 2018-03-12-08:34:38 4576
1204856672 1204861280 2018-03-12-11:24:14 4608
1204863936 1204868544 2018-03-12-13:25:18 4608
1204871232 1204875872 2018-03-12-15:26:54 4640
1204878560 1204883168 2018-03-12-17:29:02 4608
1204885856 1204888736 2018-03-12-19:30:38 2880
1204888832 1204893440 2018-03-12-20:20:14 4608
1204893760 1204898368 2018-03-12-21:42:22 4608
1204901024 1204905632 2018-03-12-23:43:26 4608
1204907296 1204969280 2018-03-13-01:27:58 61984
1204969376 1204996448 2018-03-13-18:42:38 27072
1205002144 1205006784 2018-03-14-03:48:46 4640
1205009888 1205014464 2018-03-14-05:57:50 4576
1205017824 1205022432 2018-03-14-08:10:06 4608
1205025312 1205029888 2018-03-14-10:14:54 4576
1205032736 1205037312 2018-03-14-12:18:38 4576
1205040736 1205045376 2018-03-14-14:31:58 4640
1205049152 1205053760 2018-03-14-16:52:14 4608
1205106080 1205110688 2018-03-15-08:41:02 4608
1205113088 1205198432 2018-03-15-10:37:50 85344
1205199168 1205201376 2018-03-16-10:32:30 2208
1205201472 1205257344 2018-03-16-11:10:54 55872
1205263200 1205267776 2018-03-17-04:19:42 4576
1205271232 1205275808 2018-03-17-06:33:34 4576
1205278720 1205283328 2018-03-17-08:38:22 4608
1205285760 1205290336 2018-03-17-10:35:42 4576
1205292768 1205297376 2018-03-17-12:32:30 4608
1205299808 1205304384 2018-03-17-14:29:50 4576
1205306912 1205311520 2018-03-17-16:28:14 4608
1205314016 1205318592 2018-03-17-18:26:38 4576
1205321152 1205325728 2018-03-17-20:25:34 4576
1205328256 1205332832 2018-03-17-22:23:58 4576
1205335552 1205340128 2018-03-18-00:25:34 4576
1205344128 1205348736 2018-03-18-02:48:30 4608
1205351584 1205356160 2018-03-18-04:52:46 4576
1205358656 1205363232 2018-03-18-06:50:38 4576
1205365760 1205370368 2018-03-18-08:49:02 4608
1205372896 1205377536 2018-03-18-10:47:58 4640
1205380032 1205384672 2018-03-18-12:46:54 4640
1205387200 1205391808 2018-03-18-14:46:22 4608
1205394368 1205398944 2018-03-18-16:45:50 4576
1205401440 1205406016 2018-03-18-18:43:42 4576
1205408640 1205413216 2018-03-18-20:43:42 4576
1205415808 1205420416 2018-03-18-22:43:10 4608
1205422976 1205427552 2018-03-19-00:42:38 4576
1205430144 1205434752 2018-03-19-02:42:06 4608
1205437376 1205441952 2018-03-19-04:42:38 4576
1205444576 1205449152 2018-03-19-06:42:38 4576
1205451840 1205456128 2018-03-19-08:43:42 4288
1205456224 1205460800 2018-03-19-09:56:46 4576
1205463488 1205464224 2018-03-19-11:57:50 736
1205464352 1205468960 2018-03-19-12:12:14 4608
1205471104 1205472032 2018-03-19-14:04:46 928
1205472160 1205476768 2018-03-19-14:22:22 4608
1205478784 1205483360 2018-03-19-16:12:46 4576
1205486016 1205490624 2018-03-19-18:13:18 4608
1205493280 1205497888 2018-03-19-20:14:22 4608
1205500544 1205505152 2018-03-19-22:15:26 4608
1205507552 1205512160 2018-03-20-00:12:14 4608
1205514784 1205519360 2018-03-20-02:12:46 4576
1205522016 1205526624 2018-03-20-04:13:18 4608
1205529152 1205533760 2018-03-20-06:12:14 4608
1205536416 1205541024 2018-03-20-08:13:18 4608
1205541632 1205542592 2018-03-20-09:40:14 960
1205542688 1205547328 2018-03-20-09:57:50 4640
1205549248 1205553856 2018-03-20-11:47:10 4608
1205556480 1205561056 2018-03-20-13:47:42 4576
1205563648 1205566272 2018-03-20-15:47:10 2624
1205566784 1205566944 2018-03-20-16:39:26 160
1205567040 1205568960 2018-03-20-16:43:42 1920
1205569056 1205573664 2018-03-20-17:17:18 4608
1205576288 1205580864 2018-03-20-19:17:50 4576
1205583424 1205588000 2018-03-20-21:16:46 4576
1205590592 1205595200 2018-03-20-23:16:14 4608
1205597792 1205602400 2018-03-21-01:16:14 4608
1205605664 1205610272 2018-03-21-03:27:26 4608
1205613344 1205617952 2018-03-21-05:35:26 4608
1205620736 1205625312 2018-03-21-07:38:38 4576
1205627840 1205629440 2018-03-21-09:37:02 1600
1205629568 1205634144 2018-03-21-10:05:50 4576
1205635456 1205637856 2018-03-21-11:43:58 2400
1205637984 1205642528 2018-03-21-12:26:06 4544
1205643072 1205647712 2018-03-21-13:50:54 4640
1205650240 1205654848 2018-03-21-15:50:22 4608
1205656128 1205660736 2018-03-21-17:28:30 4608
1205663232 1205663872 2018-03-21-19:26:54 640
1205663968 1205668576 2018-03-21-19:39:10 4608
1205670752 1205675360 2018-03-21-21:32:14 4608
1205678304 1205682912 2018-03-21-23:38:06 4608
1205686048 1205690656 2018-03-22-01:47:10 4608
1205693408 1205698048 2018-03-22-03:49:50 4640
1205700928 1205705536 2018-03-22-05:55:10 4608
1205708352 1205712992 2018-03-22-07:58:54 4640
1205715712 1205720288 2018-03-22-10:01:34 4576
1205722816 1205727392 2018-03-22-11:59:58 4576
1205729920 1205734528 2018-03-22-13:58:22 4608
1205737088 1205741664 2018-03-22-15:57:50 4576
1205744224 1205748800 2018-03-22-17:56:46 4576
1205751392 1205756000 2018-03-22-19:56:14 4608
1205758592 1205763200 2018-03-22-21:56:14 4608
1205765792 1205770400 2018-03-22-23:56:14 4608
1205773248 1205777856 2018-03-23-02:00:30 4608
1205780672 1205785280 2018-03-23-04:04:14 4608
1205788192 1205792768 2018-03-23-06:09:34 4576
1205795712 1205800288 2018-03-23-08:14:54 4576
1205803264 1205807840 2018-03-23-10:20:46 4576
1205810784 1205838496 2018-03-23-12:26:06 27712
1205838880 1205865984 2018-03-23-20:14:22 27104
1205872992 1205877568 2018-03-24-05:42:54 4576
1205881408 1205886016 2018-03-24-08:03:10 4608
1205889504 1205894048 2018-03-24-10:18:06 4544
1205896640 1205901248 2018-03-24-12:17:02 4608
1205903712 1205908288 2018-03-24-14:14:54 4576
1205910688 1205915296 2018-03-24-16:11:10 4608
1205917696 1205922272 2018-03-24-18:07:58 4576
1205924672 1205929280 2018-03-24-20:04:14 4608
1205931680 1205936288 2018-03-24-22:01:02 4608
1205938720 1205943328 2018-03-24-23:58:22 4608
1205946304 1205950880 2018-03-25-02:04:46 4576
1205953824 1205958432 2018-03-25-04:10:06 4608
1205961216 1205965824 2018-03-25-06:13:18 4608
1205968320 1205972896 2018-03-25-08:11:42 4576
1205975360 1205979968 2018-03-25-10:09:02 4608
1205982464 1205987072 2018-03-25-12:07:26 4608
1205989536 1205994144 2018-03-25-14:05:18 4608
1205996640 1206001216 2018-03-25-16:03:42 4576
1206003712 1206008288 2018-03-25-18:01:34 4576
1206010784 1206015392 2018-03-25-19:59:26 4608
1206017856 1206022464 2018-03-25-21:57:18 4608
1206025056 1206029664 2018-03-25-23:57:18 4608
1206032288 1206036928 2018-03-26-01:57:50 4640
1206039488 1206044064 2018-03-26-03:57:50 4576
1206046688 1206051264 2018-03-26-05:57:50 4576
1206053920 1206058528 2018-03-26-07:58:22 4608
1206061184 1206065792 2018-03-26-09:59:26 4608
1206068448 1206073056 2018-03-26-12:00:30 4608
1206075712 1206080288 2018-03-26-14:01:34 4576
1206083040 1206087616 2018-03-26-16:03:42 4576
1206090368 1206094944 2018-03-26-18:05:50 4576
1206097632 1206102272 2018-03-26-20:06:54 4640
1206105056 1206109632 2018-03-26-22:10:38 4576
1206112416 1206117024 2018-03-27-00:13:18 4608
1206119712 1206124288 2018-03-27-02:14:54 4576
1206127328 1206131904 2018-03-27-04:21:50 4576
1206134816 1206139392 2018-03-27-06:26:38 4576
1206142304 1206143488 2018-03-27-08:31:26 1184
1206143616 1206148224 2018-03-27-08:53:18 4608
1206168608 1206173184 2018-03-27-15:49:50 4576
1206175584 1206180192 2018-03-27-17:46:06 4608
1206182688 1206187296 2018-03-27-19:44:30 4608
1206189792 1206194432 2018-03-27-21:42:54 4640
1206196928 1206201568 2018-03-27-23:41:50 4640
1206204096 1206208704 2018-03-28-01:41:18 4608
1206211232 1206232544 2018-03-28-03:40:14 21312
1206232640 1206237248 2018-03-28-09:37:02 4608
1206239936 1206244512 2018-03-28-11:38:38 4576
1206247168 1206251712 2018-03-28-13:39:10 4544
1206251872 1206256448 2018-03-28-14:57:34 4576
1206257440 1206262048 2018-03-28-16:30:22 4608
1206264768 1206269376 2018-03-28-18:32:30 4608
1206272000 1206276576 2018-03-28-20:33:02 4576
1206279200 1206283808 2018-03-28-22:33:02 4608
1206286464 1206291072 2018-03-29-00:34:06 4608
1206293728 1206298272 2018-03-29-02:35:10 4544
1206301184 1206305792 2018-03-29-04:39:26 4608
1206308672 1206313280 2018-03-29-06:44:14 4608
1206315360 1206341440 2018-03-29-08:35:42 26080
1206345344 1206350240 2018-03-29-16:55:26 4896
1206355456 1206384096 2018-03-29-19:43:58 28640
1206389632 1206394208 2018-03-30-05:13:34 4576
1206397536 1206402144 2018-03-30-07:25:18 4608
1206404896 1206409472 2018-03-30-09:27:58 4576
1206412000 1206416608 2018-03-30-11:26:22 4608
1206419104 1206422080 2018-03-30-13:24:46 2976
1206422176 1206427104 2018-03-30-14:15:58 4928
1206432576 1206471680 2018-03-30-17:09:18 39104
1206475104 1206479648 2018-03-31-04:58:06 4544
1206482624 1206487232 2018-03-31-07:03:26 4608
1206489824 1206494432 2018-03-31-09:03:26 4608
1206496992 1206501632 2018-03-31-11:02:54 4640
1206504192 1206508768 2018-03-31-13:02:54 4576
1206511296 1206515904 2018-03-31-15:01:18 4608
1206518464 1206523040 2018-03-31-17:00:46 4576
1206525632 1206530240 2018-03-31-19:00:14 4608
1206532832 1206537440 2018-03-31-21:00:14 4608
1206540032 1206544640 2018-03-31-23:00:14 4608
1206547456 1206552032 2018-04-01-01:03:58 4576
1206554976 1206559584 2018-04-01-03:09:18 4608
1206562400 1206567008 2018-04-01-05:13:02 4608
1206569888 1206574464 2018-04-01-07:17:50 4576
1206577280 1206581888 2018-04-01-09:21:02 4608
1206584544 1206589088 2018-04-01-11:22:06 4544
1206591744 1206596352 2018-04-01-13:22:06 4608
1206599040 1206603616 2018-04-01-15:23:42 4576
1206606304 1206610880 2018-04-01-17:24:46 4576
1206613568 1206618144 2018-04-01-19:25:50 4576
1206620832 1206625408 2018-04-01-21:26:54 4576
1206628096 1206632736 2018-04-01-23:27:58 4640
1206635456 1206640032 2018-04-02-01:30:38 4576
1206643072 1206647648 2018-04-02-03:37:34 4576
1206650304 1206673344 2018-04-02-05:38:06 23040
1206673472 1206713472 2018-04-02-12:04:14 40000
1206713600 1206723328 2018-04-02-23:13:02 9728
1206725376 1206729984 2018-04-03-02:29:18 4608
1206734464 1206739040 2018-04-03-05:00:46 4576
1206742336 1206746912 2018-04-03-07:11:58 4576
1206751584 1206756192 2018-04-03-09:46:06 4608
1206760576 1206765152 2018-04-03-12:15:58 4576
1206767776 1206772416 2018-04-03-14:15:58 4640
1206774976 1206778144 2018-04-03-16:15:58 3168
1206778272 1206782848 2018-04-03-17:10:54 4576
1206783872 1206788480 2018-04-03-18:44:14 4608
1206790688 1206795264 2018-04-03-20:37:50 4576
1206797472 1206802048 2018-04-03-22:30:54 4576
1206804224 1206808832 2018-04-04-00:23:26 4608
1206811168 1206815776 2018-04-04-02:19:10 4608
1206817952 1206822560 2018-04-04-04:12:14 4608
1206824448 1206829056 2018-04-04-06:00:30 4608
1206831168 1206835776 2018-04-04-07:52:30 4608
1206837888 1206842496 2018-04-04-09:44:30 4608
1206844576 1206849152 2018-04-04-11:35:58 4576
1206851456 1206856032 2018-04-04-13:30:38 4576
1206858272 1206862880 2018-04-04-15:24:14 4608
1206865248 1206869856 2018-04-04-17:20:30 4608
1206872192 1206876800 2018-04-04-19:16:14 4608
1206879136 1206883776 2018-04-04-21:11:58 4640
1206886112 1206890720 2018-04-04-23:08:14 4608
1206893024 1206897632 2018-04-05-01:03:26 4608
1206899936 1206904512 2018-04-05-02:58:38 4576
1206907168 1206911776 2018-04-05-04:59:10 4608
1206914176 1206918816 2018-04-05-06:55:58 4640
1206921312 1206925952 2018-04-05-08:54:54 4640
1206928640 1206933216 2018-04-05-10:57:02 4576
1206935584 1206940160 2018-04-05-12:52:46 4576
1206942528 1206943712 2018-04-05-14:48:30 1184
1206943808 1206948384 2018-04-05-15:09:50 4576
1206949888 1206954496 2018-04-05-16:51:10 4608
1206956864 1206960896 2018-04-05-18:47:26 4032
1206961024 1206965600 2018-04-05-19:56:46 4576
1206968000 1206972576 2018-04-05-21:53:02 4576
1206974976 1206979584 2018-04-05-23:49:18 4608
1206982176 1206986784 2018-04-06-01:49:18 4608
1206989504 1206994112 2018-04-06-03:51:26 4608
1206997056 1207001664 2018-04-06-05:57:18 4608
1207004128 1207008736 2018-04-06-07:55:10 4608
1207010944 1207015520 2018-04-06-09:48:46 4576
1207017920 1207022528 2018-04-06-11:45:02 4608
1207024224 1207033568 2018-04-06-13:30:06 9344
1207033696 1207063680 2018-04-06-16:07:58 29984
1207063776 1207231456 2018-04-07-00:29:18 167680
1207231584 1207358240 2018-04-08-23:06:06 126656
1207358336 1207358912 2018-04-10-10:18:38 576
1207359040 1207360864 2018-04-10-10:30:22 1824
1207360960 1207378176 2018-04-10-11:02:22 17216
1207378272 1207628608 2018-04-10-15:50:54 250336
1207629344 1207630336 2018-04-13-13:35:26 992
1207630464 1207959552 2018-04-13-13:54:06 329088
1207959680 1208043232 2018-04-17-09:21:02 83552
1208043360 1208129344 2018-04-18-08:35:42 85984
1208129440 1208148864 2018-04-19-08:30:22 19424
1208148992 1208254144 2018-04-19-13:56:14 105152
1208254272 1208307296 2018-04-20-19:10:54 53024
1208307360 1208308832 2018-04-21-09:55:42 1472
1208317728 1208317760 2018-04-21-12:48:30 32
1208318016 1208318048 2018-04-21-12:53:18 32
1208318336 1208318368 2018-04-21-12:58:38 32
1208318592 1208318624 2018-04-21-13:02:54 32
1208319168 1208345152 2018-04-21-13:12:30 25984
1208345280 1208507712 2018-04-21-20:27:42 162432
1208507840 1208584928 2018-04-23-17:37:02 77088
1208585056 1208743936 2018-04-24-15:03:58 158880
1208744096 1208767264 2018-04-26-11:14:38 23168
1208767520 1208769504 2018-04-26-17:45:02 1984
1208769600 1208908768 2018-04-26-18:19:42 139168
1208908928 1209084704 2018-04-28-09:01:50 175776
1209084832 1209255776 2018-04-30-09:53:34 170944
1209255936 1209258016 2018-05-02-09:25:18 2080
1209258176 1209258560 2018-05-02-10:02:38 384
1209258720 1209266944 2018-05-02-10:11:42 8224
1209267072 1210335648 2018-05-02-12:30:54 1068576
1210335840 1210336128 2018-05-14-21:23:42 288
1210336352 1210336544 2018-05-14-21:32:14 192
1210336768 1210336896 2018-05-14-21:39:10 128
1210337120 1210337248 2018-05-14-21:45:02 128
1210337472 1210337536 2018-05-14-21:50:54 64
1210337760 1210337824 2018-05-14-21:55:42 64
1210338048 1210338112 2018-05-14-22:00:30 64
1210338304 1210338336 2018-05-14-22:04:46 32
1210338592 1210338624 2018-05-14-22:09:34 32
1210338816 1210338848 2018-05-14-22:13:18 32
1210339072 1210339104 2018-05-14-22:17:34 32
1210339328 1210339360 2018-05-14-22:21:50 32
1210339552 1210339584 2018-05-14-22:25:34 32
1210339776 1210339872 2018-05-14-22:29:18 96
1210340000 1210340064 2018-05-14-22:33:02 64
1210340192 1210340288 2018-05-14-22:36:14 96
1210340480 1210340544 2018-05-14-22:41:02 64
1210340672 1210340768 2018-05-14-22:44:14 96
1210341536 1210341568 2018-05-14-22:58:38 32
1210341696 1210341792 2018-05-14-23:01:18 96
1210341920 1210342112 2018-05-14-23:05:02 192
1210375744 1210452000 2018-05-15-08:28:46 76256
1210452128 1210908448 2018-05-16-05:41:50 456320
1210908576 1211016992 2018-05-21-12:29:18 108416
1211017120 1211089696 2018-05-22-18:38:22 72576
1211089824 1211204128 2018-05-23-14:50:06 114304
1211204256 1211210784 2018-05-24-22:37:18 6528
1211210912 1211252416 2018-05-25-00:28:14 41504
1211252544 1211252608 2018-05-25-12:02:06 64
1211252768 1211509888 2018-05-25-12:05:50 257120
1211510112 1211510176 2018-05-28-11:34:54 64
1211510400 1211510624 2018-05-28-11:39:42 224
1211510752 1211510880 2018-05-28-11:45:34 128
1211511104 1211511200 2018-05-28-11:51:26 96
1211511328 1211511392 2018-05-28-11:55:10 64
1211511520 1211511584 2018-05-28-11:58:22 64
1211511680 1211511712 2018-05-28-12:01:02 32
1211511840 1211511872 2018-05-28-12:03:42 32
1211512000 1211512032 2018-05-28-12:06:22 32
1211512160 1211512192 2018-05-28-12:09:02 32
1211512288 1211512352 2018-05-28-12:11:10 64
1211512608 1211512672 2018-05-28-12:16:30 64
1211512800 1211512864 2018-05-28-12:19:42 64
1211512992 1211513248 2018-05-28-12:22:54 256
1211513376 1211513568 2018-05-28-12:29:18 192
1211513824 1211513920 2018-05-28-12:36:46 96
1211514048 1211514112 2018-05-28-12:40:30 64
1211514368 1211514528 2018-05-28-12:45:50 160
1211514784 1211514848 2018-05-28-12:52:46 64
1211514976 1211515040 2018-05-28-12:55:58 64
1211515296 1211515328 2018-05-28-13:01:18 32
1211515456 1211515584 2018-05-28-13:03:58 128
1211515968 1211516032 2018-05-28-13:12:30 64
1211516160 1211516192 2018-05-28-13:15:42 32
1211582496 1212080672 2018-05-29-07:41:18 498176
1212080800 1212131712 2018-06-04-02:06:22 50912
1212131840 1212477024 2018-06-04-16:17:02 345184
1212477152 1212715648 2018-06-08-16:12:14 238496
1212715776 1212716096 2018-06-11-10:29:18 320
1212716224 1212716928 2018-06-11-10:36:46 704
1212717056 1212717184 2018-06-11-10:50:38 128
1212717312 1212717760 2018-06-11-10:54:54 448
1212717888 1212719520 2018-06-11-11:04:30 1632
1212719648 1212719936 2018-06-11-11:33:50 288
1212720064 1212720224 2018-06-11-11:40:46 160
1212720352 1212720896 2018-06-11-11:45:34 544
1212721024 1213001920 2018-06-11-11:56:46 280896
1213002048 1213058848 2018-06-14-18:00:30 56800
1213058976 1213072736 2018-06-15-09:49:18 13760
1213072896 1213155008 2018-06-15-13:41:18 82112
1213155136 1213227552 2018-06-16-12:31:58 72416
1213227776 1213228064 2018-06-17-08:42:38 288
1213228288 1213228480 2018-06-17-08:51:10 192
1213228704 1213228768 2018-06-17-08:58:06 64
1213228992 1213229120 2018-06-17-09:02:54 128
1213229344 1213229440 2018-06-17-09:08:46 96
1213229664 1213229728 2018-06-17-09:14:06 64
1213229952 1213229984 2018-06-17-09:18:54 32
1213230208 1213230304 2018-06-17-09:23:10 96
1213230528 1213230624 2018-06-17-09:28:30 96
1213230880 1213230912 2018-06-17-09:34:22 32
1213231136 1213231168 2018-06-17-09:38:38 32
1213231424 1213231456 2018-06-17-09:43:26 32
1213231712 1213231744 2018-06-17-09:48:14 32
1213231968 1213232000 2018-06-17-09:52:30 32
1213232224 1213232256 2018-06-17-09:56:46 32
1213232480 1213232512 2018-06-17-10:01:02 32
1213232736 1213232800 2018-06-17-10:05:18 64
1213232928 1213232960 2018-06-17-10:08:30 32
1213233056 1213233088 2018-06-17-10:10:38 32
1213300064 1213300160 2018-06-18-04:47:26 96
1213315040 1213329856 2018-06-18-08:57:02 14816
1213329984 1213400384 2018-06-18-13:06:06 70400
1213400512 1213493728 2018-06-19-08:41:34 93216
1213493888 1213574144 2018-06-20-10:37:50 80256
1213574272 1213576160 2018-06-21-08:57:34 1888
1213576288 1213682144 2018-06-21-09:31:10 105856
1213682272 1213765152 2018-06-22-14:57:34 82880
1213765312 1213765344 2018-06-23-14:01:34 32
1213765856 1213765888 2018-06-23-14:10:38 32
1213766144 1213766176 2018-06-23-14:15:26 32
1213766304 1213766368 2018-06-23-14:18:06 64
1213766624 1213766688 2018-06-23-14:23:26 64
1213766816 1213766848 2018-06-23-14:26:38 32
1213766976 1213767008 2018-06-23-14:29:18 32
1213767104 1213767168 2018-06-23-14:31:26 64
1213767424 1213767456 2018-06-23-14:36:46 32
1213767712 1213767776 2018-06-23-14:41:34 64
1213767904 1213767936 2018-06-23-14:44:46 32
1213768192 1213768224 2018-06-23-14:49:34 32
1213768352 1213768448 2018-06-23-14:52:14 96
1213768576 1213768640 2018-06-23-14:55:58 64
1213769024 1213769088 2018-06-23-15:03:26 64
1213769600 1213769632 2018-06-23-15:13:02 32
1213770016 1213770048 2018-06-23-15:19:58 32
1213770400 1213770432 2018-06-23-15:26:22 32
1213770816 1213770880 2018-06-23-15:33:18 64
1213772608 1213772640 2018-06-23-16:03:10 32
1213773024 1213773056 2018-06-23-16:10:06 32
1213773824 1213773856 2018-06-23-16:23:26 32
1213775008 1213775040 2018-06-23-16:43:10 32
1213776448 1213776480 2018-06-23-17:07:10 32
1213776608 1213776640 2018-06-23-17:09:50 32
1213777408 1213777440 2018-06-23-17:23:10 32
1213777824 1213777888 2018-06-23-17:30:06 64
1213778624 1213778688 2018-06-23-17:43:26 64
1213778816 1213778880 2018-06-23-17:46:38 64
1213779008 1213779040 2018-06-23-17:49:50 32
1213779424 1213779488 2018-06-23-17:56:46 64
1213779808 1213779840 2018-06-23-18:03:10 32
1213781632 1213781664 2018-06-23-18:33:34 32
1213782816 1213782848 2018-06-23-18:53:18 32
1213783232 1213783264 2018-06-23-19:00:14 32
1213784032 1213784064 2018-06-23-19:13:34 32
1213784832 1213784864 2018-06-23-19:26:54 32
1213785632 1213785664 2018-06-23-19:40:14 32
1213786432 1213786464 2018-06-23-19:53:34 32
1213787232 1213787264 2018-06-23-20:06:54 32
1213788032 1213788064 2018-06-23-20:20:14 32
1213788832 1213788864 2018-06-23-20:33:34 32
1213789632 1213789664 2018-06-23-20:46:54 32
1213790432 1213790464 2018-06-23-21:00:14 32
1213791200 1213791264 2018-06-23-21:13:02 64
1213792032 1213792064 2018-06-23-21:26:54 32
1213792832 1213792864 2018-06-23-21:40:14 32
1213793632 1213793664 2018-06-23-21:53:34 32
1213794432 1213794464 2018-06-23-22:06:54 32
1213795232 1213795264 2018-06-23-22:20:14 32
1213796032 1213796064 2018-06-23-22:33:34 32
1213797216 1213797248 2018-06-23-22:53:18 32
1213800320 1213800352 2018-06-23-23:45:02 32
1213854816 1213958240 2018-06-24-14:53:18 103424
1213958368 1214041440 2018-06-25-19:39:10 83072
1214041568 1214104320 2018-06-26-18:45:50 62752
1214104448 1214187008 2018-06-27-12:13:50 82560
1214187168 1214451552 2018-06-28-11:12:30 264384
1214451680 1214556416 2018-07-01-12:41:02 104736
1214556576 1214556800 2018-07-02-17:49:18 224
1214556928 1214874496 2018-07-02-17:55:10 317568
1214875776 1214875872 2018-07-06-10:29:18 96
1214876864 1214876896 2018-07-06-10:47:26 32
1214877056 1214963232 2018-07-06-10:50:38 86176
1214963392 1216022400 2018-07-07-10:49:34 1059008
1216022560 1216086528 2018-07-19-17:02:22 63968
1216086688 1216505568 2018-07-20-10:51:10 418880
1216505728 1216564704 2018-07-25-07:15:10 58976
1216564896 1216801696 2018-07-25-23:41:18 236800
1216801856 1217032416 2018-07-28-17:30:38 230560
1217032576 1217113280 2018-07-31-09:35:58 80704
1217113440 1217249024 2018-08-01-08:03:42 135584
1217249184 1217255136 2018-08-02-21:46:06 5952
1217255328 1217291168 2018-08-02-23:28:30 35840
1217291328 1217568128 2018-08-03-09:28:30 276800
1217568288 1217775712 2018-08-06-14:24:30 207424
1217775872 1218124768 2018-08-09-00:04:14 348896
1218124928 1218157504 2018-08-13-01:01:50 32576
1218157696 1218342272 2018-08-13-10:07:58 184576
1218342464 1218589632 2018-08-15-13:27:26 247168
1218589792 1218776960 2018-08-18-10:09:34 187168
1218777120 1218947552 2018-08-20-14:11:42 170432
1218948320 1219026752 2018-08-22-13:45:02 78432
1219026944 1219142400 2018-08-23-11:35:26 115456
1219142592 1219143616 2018-08-24-19:42:54 1024
1219143776 1219144224 2018-08-24-20:02:38 448
1219144384 1219184480 2018-08-24-20:12:46 40096
1219184640 1219222816 2018-08-25-07:23:42 38176
1219223008 1219397888 2018-08-25-18:03:10 174880
1219398080 1219624288 2018-08-27-18:41:02 226208
1219624512 1219924608 2018-08-30-09:34:54 300096
1219924800 1219991840 2018-09-02-20:59:42 67040
1219992032 1220140320 2018-09-03-15:40:14 148288
1220140512 1220172832 2018-09-05-08:54:54 32320
1220173024 1220184832 2018-09-05-17:56:46 11808
1220185024 1220253088 2018-09-05-21:16:46 68064
1220253280 1220336224 2018-09-06-16:14:22 82944
1220336384 1220496384 2018-09-07-15:19:26 160000
1220496544 1220569344 2018-09-09-11:48:46 72800
1220658016 1220673152 2018-09-11-08:39:58 15136
1220673312 1220705408 2018-09-11-12:54:54 32096
1220705568 1220914880 2018-09-11-21:52:30 209312
1220915072 1221090848 2018-09-14-08:04:14 175776
1221091040 1221288416 2018-09-16-08:57:02 197376
1221288576 1221387296 2018-09-18-15:49:18 98720
1221387456 1221490272 2018-09-19-19:17:18 102816
1221490464 1221520704 2018-09-20-23:54:06 30240
1221520896 1221644448 2018-09-21-08:21:18 123552
1221644640 1221727392 2018-09-22-18:43:42 82752
1221727616 1221727776 2018-09-23-17:46:38 160
1221728000 1221728128 2018-09-23-17:53:02 128
1221728384 1221728448 2018-09-23-17:59:26 64
1221728704 1221728832 2018-09-23-18:04:46 128
1221729056 1221729120 2018-09-23-18:10:38 64
1221729344 1221729408 2018-09-23-18:15:26 64
1221729632 1221729696 2018-09-23-18:20:14 64
1221729952 1221730016 2018-09-23-18:25:34 64
1221730272 1221730336 2018-09-23-18:30:54 64
1221730592 1221730656 2018-09-23-18:36:14 64
1221730912 1221730944 2018-09-23-18:41:34 32
1221731232 1221731264 2018-09-23-18:46:54 32
1221731488 1221731520 2018-09-23-18:51:10 32
1221731776 1221731808 2018-09-23-18:55:58 32
1221732064 1221732096 2018-09-23-19:00:46 32
1221732352 1221732384 2018-09-23-19:05:34 32
1221732704 1221732736 2018-09-23-19:11:26 32
1221733056 1221733088 2018-09-23-19:17:18 32
1221733376 1221733408 2018-09-23-19:22:38 32
1221733824 1221733856 2018-09-23-19:30:06 32
1221734368 1221734496 2018-09-23-19:39:10 128
1221734656 1221734752 2018-09-23-19:43:58 96
1221800000 1221800096 2018-09-24-13:53:02 96
1221863840 1221919584 2018-09-25-07:37:02 55744
1221919744 1221964960 2018-09-25-23:08:46 45216
1221965152 1221965248 2018-09-26-11:45:34 96
1221965408 1222230976 2018-09-26-11:49:50 265568
1222231168 1222516672 2018-09-29-13:39:10 285504
1222516832 1222686816 2018-10-02-21:00:14 169984
1222687008 1222945024 2018-10-04-20:16:30 258016
1222945216 1223176864 2018-10-07-19:59:58 231648
1223177056 1223242208 2018-10-10-12:23:58 65152
1223242368 1223339168 2018-10-11-06:32:30 96800
1223339360 1223640896 2018-10-12-09:29:02 301536
1223641088 1223818400 2018-10-15-21:17:50 177312
1223818592 1223893440 2018-10-17-22:36:14 74848
1223893664 1224142848 2018-10-18-19:27:26 249184
1224143008 1224251520 2018-10-21-16:43:10 108512
1224251712 1224312032 2018-10-22-22:54:54 60320
1224312224 1224508576 2018-10-23-15:43:26 196352
1224508736 1224513568 2018-10-25-22:18:38 4832
1224513760 1224543296 2018-10-25-23:42:22 29536
1224543456 1224554528 2018-10-26-07:57:18 11072
1224554720 1224565280 2018-10-26-11:05:02 10560
1224565504 1224569312 2018-10-26-14:04:46 3808
1224569504 1224737376 2018-10-26-15:11:26 167872
1224737568 1224811008 2018-10-28-13:52:30 73440
1224811200 1224840352 2018-10-29-10:19:42 29152
1224840512 1224860096 2018-10-29-18:28:14 19584
1224860288 1224915968 2018-10-29-23:57:50 55680
1224916128 1224916608 2018-10-30-15:28:30 480
1224916768 1224933664 2018-10-30-15:39:10 16896
1224933856 1224991360 2018-10-30-20:23:58 57504
1224991520 1225026368 2018-10-31-12:25:02 34848
1225026528 1225171744 2018-10-31-22:08:30 145216
1225171936 1225268768 2018-11-02-14:31:58 96832
1225268960 1225411904 2018-11-03-17:29:02 142944
1225412096 1225593312 2018-11-05-09:14:38 181216
1225593504 1225789696 2018-11-07-11:38:06 196192
1225789856 1225811328 2018-11-09-18:10:38 21472
1225811520 1225818304 2018-11-10-00:11:42 6784
1225818496 1226062112 2018-11-10-02:07:58 243616
1226062272 1226103072 2018-11-12-21:50:54 40800
1226103264 1226202912 2018-11-13-09:14:06 99648
1226203072 1226205696 2018-11-14-12:57:34 2624
1226205920 1226206272 2018-11-14-13:45:02 352
1226206592 1226212480 2018-11-14-13:56:14 5888
1226212640 1226214432 2018-11-14-15:37:02 1792
1226214688 1226313344 2018-11-14-16:11:10 98656
1226313600 1226482208 2018-11-15-19:39:42 168608
1226482400 1226673120 2018-11-17-18:33:02 190720
1226673280 1226799488 2018-11-19-23:34:22 126208
1226799648 1226988000 2018-11-21-10:40:30 188352
1226988192 1227003712 2018-11-23-15:02:54 15520
1227003968 1227231808 2018-11-23-19:25:50 227840
1227232032 1227309920 2018-11-26-10:46:54 77888
1227310080 1227336768 2018-11-27-08:27:42 26688
1227336960 1227345472 2018-11-27-15:55:42 8512
1227345696 1227357600 2018-11-27-18:21:18 11904
1227357824 1227358752 2018-11-27-21:43:26 928
1227358976 1227404224 2018-11-27-22:02:38 45248
1227410432 1227416000 2018-11-28-12:20:14 5568
1227416192 1227416768 2018-11-28-13:56:14 576
1227416928 1227417664 2018-11-28-14:08:30 736
1227418016 1227421056 2018-11-28-14:26:38 3040
1227421216 1227439872 2018-11-28-15:19:58 18656
1227440064 1227441504 2018-11-28-20:34:06 1440
1227441664 1227502944 2018-11-28-21:00:46 61280
1227503136 1227656576 2018-11-29-14:05:18 153440
1227656768 1227676064 2018-12-01-08:45:50 19296
1227676256 1227679712 2018-12-01-14:10:38 3456
1227679840 1227829440 2018-12-01-15:10:22 149600
1227829632 1227843104 2018-12-03-08:46:54 13472
1227843264 1227862112 2018-12-03-12:34:06 18848
1227862368 1227924032 2018-12-03-17:52:30 61664
1227924256 1227928352 2018-12-04-11:03:58 4096
1227928544 1227928576 2018-12-04-12:15:26 32
1227928864 1227928928 2018-12-04-12:20:46 64
1227929184 1227929248 2018-12-04-12:26:06 64
1227929536 1227929696 2018-12-04-12:31:58 160
1227929952 1227930176 2018-12-04-12:38:54 224
1227930432 1227930528 2018-12-04-12:46:54 96
1227930720 1228010880 2018-12-04-12:51:42 80160
1228011072 1228011584 2018-12-05-11:10:54 512
1228011776 1228098496 2018-12-05-11:22:38 86720
1228098688 1228249696 2018-12-06-11:31:10 151008
1228249888 1228250304 2018-12-08-05:31:10 416
1228250496 1228255168 2018-12-08-05:41:18 4672
1228255328 1228256064 2018-12-08-07:01:50 736
1228256224 1228256608 2018-12-08-07:16:46 384
1228256736 1228256800 2018-12-08-07:25:18 64
1228257056 1228257856 2018-12-08-07:30:38 800
1228258016 1228258048 2018-12-08-07:46:38 32
1228258304 1228258560 2018-12-08-07:51:26 256
1228258720 1228259680 2018-12-08-07:58:22 960
1228259936 1228260096 2018-12-08-08:18:38 160
1228260352 1228261824 2018-12-08-08:25:34 1472
1228261952 1228262368 2018-12-08-08:52:14 416
1228262528 1228262784 2018-12-08-09:01:50 256
1228262976 1228263072 2018-12-08-09:09:18 96
1228263360 1228263488 2018-12-08-09:15:42 128
1228263744 1228264064 2018-12-08-09:22:06 320
1228264288 1228264640 2018-12-08-09:31:10 352
1228264768 1228264832 2018-12-08-09:39:10 64
1228265088 1228265216 2018-12-08-09:44:30 128
1228265472 1228265888 2018-12-08-09:50:54 416
1228266144 1228266272 2018-12-08-10:02:06 128
1228266528 1228266688 2018-12-08-10:08:30 160
1228267008 1228267424 2018-12-08-10:16:30 416
1228267552 1228267936 2018-12-08-10:25:34 384
1228268224 1228268288 2018-12-08-10:36:46 64
1228268544 1228343936 2018-12-08-10:42:06 75392
1228344096 1228350144 2018-12-09-07:41:18 6048
1228350272 1228351008 2018-12-09-09:24:14 736
1228351200 1228351424 2018-12-09-09:39:42 224
1228351680 1228351840 2018-12-09-09:47:42 160
1228352096 1228352192 2018-12-09-09:54:38 96
1228352448 1228352640 2018-12-09-10:00:30 192
1228352832 1228352960 2018-12-09-10:06:54 128
1228353184 1228353312 2018-12-09-10:12:46 128
1228353568 1228353696 2018-12-09-10:19:10 128
1228353920 1228354080 2018-12-09-10:25:02 160
1228354272 1228354400 2018-12-09-10:30:54 128
1228354656 1228354912 2018-12-09-10:37:18 256
1228355072 1228355584 2018-12-09-10:44:14 512
1228355744 1228355936 2018-12-09-10:55:26 192
1228356192 1228356864 2018-12-09-11:02:54 672
1228356992 1228357120 2018-12-09-11:16:14 128
1228357376 1228357888 2018-12-09-11:22:38 512
1228358144 1228358592 2018-12-09-11:35:26 448
1228358816 1228359232 2018-12-09-11:46:38 416
1228359360 1228359456 2018-12-09-11:55:42 96
1228359616 1228360128 2018-12-09-11:59:58 512
1228360352 1228360448 2018-12-09-12:12:14 96
1228360704 1228463136 2018-12-09-12:18:06 102432
1228463296 1228465216 2018-12-10-16:47:58 1920
1228465376 1228478528 2018-12-10-17:22:38 13152
1228478688 1228552352 2018-12-10-21:04:30 73664
1228552512 1228622880 2018-12-11-17:34:54 70368
1228626400 1228626464 2018-12-12-14:06:22 64
1228626656 1228626816 2018-12-12-14:10:38 160
1228626976 1228731200 2018-12-12-14:15:58 104224
1228731264 1228747264 2018-12-13-19:14:06 16000
1228747328 1228748736 2018-12-13-23:41:50 1408
1228748832 1228779616 2018-12-14-00:06:54 30784
1228779680 1228783968 2018-12-14-08:41:02 4288
1228784032 1228810208 2018-12-14-09:53:34 26176
1228810304 1228824672 2018-12-14-17:11:26 14368
1228824800 1228829408 2018-12-14-21:13:02 4608
1228829536 1228831808 2018-12-14-22:31:58 2272
1228831904 1228837152 2018-12-14-23:11:26 5248
1228837248 1228837504 2018-12-15-00:40:30 256
1228837632 1228840992 2018-12-15-00:46:54 3360
1228841056 1228848576 2018-12-15-01:43:58 7520
1228848736 1228855776 2018-12-15-03:51:58 7040
1228855904 1228867200 2018-12-15-05:51:26 11296
1228867296 1228874976 2018-12-15-09:01:18 7680
1228875136 1228898976 2018-12-15-11:11:58 23840
1228899136 1228906592 2018-12-15-17:51:58 7456
1228906688 1228906720 2018-12-15-19:57:50 32
1228906848 1228918208 2018-12-15-20:00:30 11360
1228918368 1228963840 2018-12-15-23:12:30 45472
1228964032 1228979968 2018-12-16-11:53:34 15936
1228980032 1229045728 2018-12-16-16:20:14 65696
1229045824 1229093376 2018-12-17-10:36:46 47552
1229093536 1229118464 2018-12-17-23:51:58 24928
1229118560 1229121024 2018-12-18-06:49:02 2464
1229121152 1229121696 2018-12-18-07:32:14 544
1229121792 1229122464 2018-12-18-07:42:54 672
1229122560 1229123008 2018-12-18-07:55:42 448
1229123072 1229123456 2018-12-18-08:04:14 384
1229123584 1229123808 2018-12-18-08:12:46 224
1229123904 1229125792 2018-12-18-08:18:06 1888
1229125920 1229126048 2018-12-18-08:51:42 128
1229126240 1229126528 2018-12-18-08:57:02 288
1229126720 1229126816 2018-12-18-09:05:02 96
1229126944 1229127136 2018-12-18-09:08:46 192
1229127264 1229127424 2018-12-18-09:14:06 160
1229127520 1229127872 2018-12-18-09:18:22 352
1229128256 1229131104 2018-12-18-09:30:38 2848
1229131200 1229131968 2018-12-18-10:19:42 768
1229132032 1229162432 2018-12-18-10:33:34 30400
1229162528 1229164352 2018-12-18-19:01:50 1824
1229164448 1229165088 2018-12-18-19:33:50 640
1229165184 1229165536 2018-12-18-19:46:06 352
1229165632 1229166080 2018-12-18-19:53:34 448
1229166176 1229166848 2018-12-18-20:02:38 672
1229166912 1229167104 2018-12-18-20:14:54 192
1229167168 1229167648 2018-12-18-20:19:10 480
1229167712 1229168480 2018-12-18-20:28:14 768
1229168576 1229170272 2018-12-18-20:42:38 1696
1229170368 1229172096 2018-12-18-21:12:30 1728
1229172160 1229182880 2018-12-18-21:42:22 10720
1229182976 1229191520 2018-12-19-00:42:38 8544
1229191584 1229195040 2018-12-19-03:06:06 3456
1229195136 1229195488 2018-12-19-04:05:18 352
1229195584 1229196448 2018-12-19-04:12:46 864
1229196512 1229196704 2018-12-19-04:28:14 192
1229196800 1229207552 2018-12-19-04:33:02 10752
1229207616 1229207776 2018-12-19-07:33:18 160
1229207872 1229208128 2018-12-19-07:37:34 256
1229208224 1229208736 2018-12-19-07:43:26 512
1229208864 1229210400 2018-12-19-07:54:06 1536
1229210496 1229211136 2018-12-19-08:21:18 640
1229211232 1229211392 2018-12-19-08:33:34 160
1229211488 1229211840 2018-12-19-08:37:50 352
1229211936 1229212096 2018-12-19-08:45:18 160
1229212192 1229212384 2018-12-19-08:49:34 192
1229212576 1229213440 2018-12-19-08:55:58 864
1229213504 1229219840 2018-12-19-09:11:26 6336
1229219936 1229220096 2018-12-19-10:58:38 160
1229220192 1229220544 2018-12-19-11:02:54 352
1229220640 1229221280 2018-12-19-11:10:22 640
1229221376 1229221696 2018-12-19-11:22:38 320
1229221856 1229224320 2018-12-19-11:30:38 2464
1229224416 1229224864 2018-12-19-12:13:18 448
1229224960 1229225312 2018-12-19-12:22:22 352
1229225408 1229235072 2018-12-19-12:29:50 9664
1229235168 1229245280 2018-12-19-15:12:30 10112
1229245344 1229247136 2018-12-19-18:02:06 1792
1229247328 1229247552 2018-12-19-18:35:10 224
1229247776 1229248224 2018-12-19-18:42:38 448
1229248416 1229248608 2018-12-19-18:53:18 192
1229248768 1229248800 2018-12-19-18:59:10 32
1229248992 1229249280 2018-12-19-19:02:54 288
1229249376 1229249568 2018-12-19-19:09:18 192
1229249856 1229250016 2018-12-19-19:17:18 160
1229250336 1229250720 2018-12-19-19:25:18 384
1229250912 1229251200 2018-12-19-19:34:54 288
1229251392 1229251456 2018-12-19-19:42:54 64
1229251616 1229251840 2018-12-19-19:46:38 224
1229252000 1229252224 2018-12-19-19:53:02 224
1229252416 1229252480 2018-12-19-19:59:58 64
1229252768 1229253248 2018-12-19-20:05:50 480
1229253408 1229253600 2018-12-19-20:16:30 192
1229253760 1229254208 2018-12-19-20:22:22 448
1229254368 1229254784 2018-12-19-20:32:30 416
1229255296 1229261504 2018-12-19-20:47:58 6208
1229261568 1229262880 2018-12-19-22:32:30 1312
1229262976 1229265472 2018-12-19-22:55:58 2496
1229265536 1229273472 2018-12-19-23:38:38 7936
1229273568 1229280608 2018-12-20-01:52:30 7040
1229280672 1229290272 2018-12-20-03:50:54 9600
1229290336 1229307008 2018-12-20-06:31:58 16672
1229307104 1229333472 2018-12-20-11:11:26 26368
1229333568 1229335776 2018-12-20-18:32:30 2208
1229335904 1229360000 2018-12-20-19:11:26 24096
1229360096 1229372608 2018-12-21-01:54:38 12512
1229372704 1229395904 2018-12-21-05:24:46 23200
1229395968 1229572192 2018-12-21-11:52:30 176224
1229572288 1229572416 2018-12-23-12:51:10 128
1229572480 1229573952 2018-12-23-12:54:22 1472
1229574016 1229734208 2018-12-23-13:19:58 160192
1229734368 1229771744 2018-12-25-09:52:30 37376
1229771840 1229772672 2018-12-25-20:17:02 832
1229772768 1229968704 2018-12-25-20:32:30 195936
1229968768 1230030080 2018-12-28-02:59:10 61312
1230030176 1230208960 2018-12-28-20:02:38 178784
1230209056 1230209408 2018-12-30-21:43:58 352
1230209504 1230237248 2018-12-30-21:51:26 27744
1230237344 1230237600 2018-12-31-05:35:26 256
1230237696 1230241792 2018-12-31-05:41:18 4096
1230241888 1230296192 2018-12-31-06:51:10 54304
1230296288 1230296448 2018-12-31-21:57:50 160
1230296544 1230296800 2018-12-31-22:02:06 256
1230296896 1230300992 2018-12-31-22:07:58 4096
1230301088 1230301248 2018-12-31-23:17:50 160
1230301344 1230311200 2018-12-31-23:22:06 9856
1230311296 1230311744 2019-01-01-02:07:58 448
1230311840 1230315616 2019-01-01-02:17:02 3776
1230315712 1230520192 2019-01-01-03:21:34 204480
1230520288 1230521920 2019-01-03-12:11:10 1632
1230522016 1230543520 2019-01-03-12:39:58 21504
1230543616 1230603552 2019-01-03-18:39:58 59936
1230603616 1230704928 2019-01-04-11:19:58 101312
1230704992 1230977600 2019-01-05-15:29:34 272608
1230977696 1231163168 2019-01-08-19:14:38 185472
1231163264 1231183872 2019-01-10-22:47:26 20608
1231183936 1231198048 2019-01-11-04:31:58 14112
1231198112 1231211968 2019-01-11-08:28:14 13856
1231212064 1231394432 2019-01-11-12:20:46 182368
1231394496 1231438272 2019-01-13-15:01:18 43776
1231438368 1231438816 2019-01-14-03:12:30 448
1231438912 1231439488 2019-01-14-03:21:34 576
1231439552 1231515264 2019-01-14-03:32:14 75712
1231515360 1231516032 2019-01-15-00:35:42 672
1231516096 1231584512 2019-01-15-00:47:58 68416
1231584608 1231830496 2019-01-15-19:49:50 245888
1231830560 1231909312 2019-01-18-16:09:02 78752
1231909408 1231954784 2019-01-19-14:03:10 45376
1231954880 1232072672 2019-01-20-02:41:02 117792
1232072768 1232105568 2019-01-21-11:25:50 32800
1232105664 1232145056 2019-01-21-20:34:06 39392
1232145152 1232174080 2019-01-22-07:32:14 28928
1232174144 1232176704 2019-01-22-15:35:26 2560
1232176768 1232187424 2019-01-22-16:19:10 10656
1232187488 1232189056 2019-01-22-19:17:50 1568
1232189120 1232367968 2019-01-22-19:45:02 178848
1232368032 1232492896 2019-01-24-21:26:54 124864
1232492960 1232520576 2019-01-26-08:09:02 27616
1232520640 1232563488 2019-01-26-15:50:22 42848
1232563552 1232701792 2019-01-27-03:45:34 138240
1232701856 1232702880 2019-01-28-18:10:38 1024
1232702944 1232849760 2019-01-28-18:28:46 146816
1232849824 1232952672 2019-01-30-11:16:46 102848
1232952768 1233104800 2019-01-31-15:52:30 152032
1233104864 1233105408 2019-02-02-10:07:26 544
1233105504 1233143520 2019-02-02-10:18:06 38016
1233143616 1233262816 2019-02-02-20:53:18 119200
1233262912 1233353408 2019-02-04-06:01:34 90496
1233353472 1233368032 2019-02-05-07:10:54 14560
1233368128 1233387392 2019-02-05-11:15:10 19264
1233387488 1233389376 2019-02-05-16:37:50 1888
1233389472 1233390560 2019-02-05-17:10:54 1088
1233390656 1233469216 2019-02-05-17:30:38 78560
1233469280 1233639744 2019-02-06-15:21:02 170464
1233639808 1233672288 2019-02-08-14:43:10 32480
1233672352 1233691232 2019-02-08-23:45:34 18880
1233691328 1233693920 2019-02-09-05:01:50 2592
1233694016 1233716544 2019-02-09-05:46:38 22528
1233716640 1233726208 2019-02-09-12:03:42 9568
1233726304 1233727136 2019-02-09-14:44:46 832
1233727200 1233727808 2019-02-09-14:59:42 608
1233727872 1234004608 2019-02-09-15:10:54 276736
1234004672 1234149984 2019-02-12-20:04:14 145312
1234150080 1234167808 2019-02-14-12:27:42 17728
1234167872 1234175424 2019-02-14-17:24:14 7552
1234175520 1234175968 2019-02-14-19:31:42 448
1234176032 1234176512 2019-02-14-19:40:14 480
1234176576 1234177824 2019-02-14-19:49:18 1248
1234177920 1234178176 2019-02-14-20:11:42 256
1234178272 1234180864 2019-02-14-20:17:34 2592
1234180960 1234181024 2019-02-14-21:02:22 64
1234181120 1234181472 2019-02-14-21:05:02 352
1234181568 1234195584 2019-02-14-21:12:30 14016
1234195680 1234199328 2019-02-15-01:07:42 3648
1234199392 1234200160 2019-02-15-02:09:34 768
1234200256 1234229664 2019-02-15-02:23:58 29408
1234229760 1234234848 2019-02-15-10:35:42 5088
1234234944 1234236672 2019-02-15-12:02:06 1728
1234236768 1234253536 2019-02-15-12:32:30 16768
1234253632 1234499712 2019-02-15-17:13:34 246080
1234499776 1234676704 2019-02-18-13:35:58 176928
1234676768 1234695520 2019-02-20-14:45:50 18752
1234695616 1234715712 2019-02-20-19:59:58 20096
1234715808 1234789792 2019-02-21-01:36:30 73984
1234789888 1234834848 2019-02-21-22:11:10 44960
1234836416 1234836672 2019-02-22-11:06:38 256
1234836768 1234849376 2019-02-22-11:12:30 12608
1234849440 1234852544 2019-02-22-14:43:42 3104
1234852640 1234948640 2019-02-22-15:37:02 96000
1234948704 1234954816 2019-02-23-18:18:06 6112
1234954880 1234978368 2019-02-23-20:01:02 23488
1234978464 1234990848 2019-02-24-02:34:06 12384
1234990912 1234991488 2019-02-24-06:01:34 576
1234991584 1235005216 2019-02-24-06:12:46 13632
1235032224 1235034048 2019-02-24-17:30:06 1824
1235034144 1235034304 2019-02-24-18:02:06 160
1235034368 1235034656 2019-02-24-18:05:50 288
1235034752 1235055776 2019-02-24-18:12:14 21024
1235055872 1235063136 2019-02-25-00:04:14 7264
1235063232 1235063392 2019-02-25-02:06:54 160
1235063488 1235063648 2019-02-25-02:11:10 160
1235063712 1235065600 2019-02-25-02:14:54 1888
1235065664 1235079136 2019-02-25-02:47:26 13472
1235079232 1235098816 2019-02-25-06:33:34 19584
1235098912 1235100224 2019-02-25-12:01:34 1312
1235100352 1235179040 2019-02-25-12:25:34 78688
1235179104 1235267232 2019-02-26-10:18:06 88128
1235267296 1235283040 2019-02-27-10:47:58 15744
1235283104 1235284256 2019-02-27-15:11:26 1152
1235284352 1235291136 2019-02-27-15:32:14 6784
1235308032 1235308128 2019-02-27-22:06:54 96
1235308192 1235308384 2019-02-27-22:09:34 192
1235308448 1235308608 2019-02-27-22:13:50 160
1235308672 1235308800 2019-02-27-22:17:34 128
1235308960 1235309088 2019-02-27-22:22:22 128
1235309152 1235309216 2019-02-27-22:25:34 64
1235309312 1235309440 2019-02-27-22:28:14 128
1235309504 1235309568 2019-02-27-22:31:26 64
1235309824 1235310112 2019-02-27-22:36:46 288
1235310208 1235310304 2019-02-27-22:43:10 96
1235310688 1235310752 2019-02-27-22:51:10 64
1235310848 1235311008 2019-02-27-22:53:50 160
1235311136 1235312032 2019-02-27-22:58:38 896
1235312096 1235314496 2019-02-27-23:14:38 2400
1235314560 1235435264 2019-02-27-23:55:42 120704
1235435328 1235508064 2019-03-01-09:28:30 72736
1235508160 1235545792 2019-03-02-05:42:22 37632
1235545888 1235546144 2019-03-02-16:11:10 256
1235546208 1235548736 2019-03-02-16:16:30 2528
1235548832 1235552992 2019-03-02-17:00:14 4160
1235553056 1235555456 2019-03-02-18:10:38 2400
1235555520 1235566816 2019-03-02-18:51:42 11296
1235566912 1235570944 2019-03-02-22:01:34 4032
1235571072 1235571712 2019-03-02-23:10:54 640
1235571808 1235571968 2019-03-02-23:23:10 160
1235572064 1236074976 2019-03-02-23:27:26 502912
1236075072 1236076288 2019-03-08-19:10:54 1216
1236076384 1236121280 2019-03-08-19:32:46 44896
1236121344 1236121632 2019-03-09-08:02:06 288
1236121696 1236122272 2019-03-09-08:07:58 576
1236122368 1236123008 2019-03-09-08:19:10 640
1236123104 1236135712 2019-03-09-08:31:26 12608
1236135776 1236211872 2019-03-09-12:02:38 76096
1236211968 1236212832 2019-03-10-09:12:30 864
1236212928 1236214080 2019-03-10-09:28:30 1152
1236214176 1236341248 2019-03-10-09:49:18 127072
1236341344 1236342496 2019-03-11-21:08:46 1152
1236342592 1236541120 2019-03-11-21:29:34 198528
1236541216 1236661952 2019-03-14-04:39:58 120736
1236662016 1236672480 2019-03-15-14:13:18 10464
1236672576 1236748256 2019-03-15-17:09:18 75680
1236748352 1236762976 2019-03-16-14:12:14 14624
1236763072 1236788608 2019-03-16-18:17:34 25536
1236788672 1236855136 2019-03-17-01:24:14 66464
1236855200 1236887328 2019-03-17-19:53:02 32128
1236887392 1236943872 2019-03-18-04:49:34 56480
1236943936 1236944416 2019-03-18-20:31:58 480
1236944512 1236945568 2019-03-18-20:41:34 1056
1236945632 1237029920 2019-03-18-21:00:14 84288
1237029984 1237071072 2019-03-19-20:26:06 41088
1237071136 1237132000 2019-03-20-07:51:58 60864
1237132096 1237236704 2019-03-21-00:47:58 104608
1237236768 1237247584 2019-03-22-05:52:30 10816
1237247648 1237392672 2019-03-22-08:53:50 145024
1237392768 1237402848 2019-03-24-01:12:30 10080
1237402912 1237403392 2019-03-24-04:01:34 480
1237403488 1237413024 2019-03-24-04:11:10 9536
1237413088 1237427968 2019-03-24-06:51:10 14880
1237428064 1237428224 2019-03-24-11:00:46 160
1237428320 1237429248 2019-03-24-11:05:02 928
1237429344 1237440672 2019-03-24-11:22:06 11328
1237440736 1237483008 2019-03-24-14:31:58 42272
1237483104 1237483648 2019-03-25-02:18:06 544
1237483776 1237486048 2019-03-25-02:29:18 2272
1237486144 1238010080 2019-03-25-03:08:46 523936
1238010176 1238010592 2019-03-31-04:42:38 416
1238010688 1238011200 2019-03-31-04:51:10 512
1238011296 1238012192 2019-03-31-05:01:18 896
1238012288 1238012704 2019-03-31-05:17:50 416
1238012800 1238012832 2019-03-31-05:26:22 32
1238012928 1238012960 2019-03-31-05:28:30 32
1238013152 1238013184 2019-03-31-05:32:14 32
1238013376 1238013600 2019-03-31-05:35:58 224
1238013664 1238013696 2019-03-31-05:40:46 32
1238022400 1238063008 2019-03-31-08:06:22 40608
1238063072 1238294496 2019-03-31-19:24:14 231424
1238294560 1238369472 2019-04-03-11:42:22 74912
1238369536 1238449568 2019-04-04-08:31:58 80032
1238449664 1238468448 2019-04-05-06:47:26 18784
1238468512 1238472928 2019-04-05-12:01:34 4416
1238473024 1238488224 2019-04-05-13:16:46 15200
1238488288 1238510752 2019-04-05-17:31:10 22464
1238510816 1238575712 2019-04-05-23:46:38 64896
1238575776 1238594016 2019-04-06-17:49:18 18240
1238594112 1238918880 2019-04-06-22:54:54 324768
1238918976 1239062720 2019-04-10-17:09:18 143744
1239062784 1239143488 2019-04-12-09:06:06 80704
1239143584 1239186880 2019-04-13-07:32:46 43296
1239186976 1239281504 2019-04-13-19:35:58 94528
1239281568 1239317760 2019-04-14-21:52:30 36192
1239317856 1239322656 2019-04-15-07:57:18 4800
1239322752 1239514944 2019-04-15-09:18:54 192192
1239515040 1239549664 2019-04-17-14:43:42 34624
1239549760 1239616064 2019-04-18-00:22:22 66304
1239616160 1239700416 2019-04-18-18:49:02 84256
1239700512 1239743008 2019-04-19-18:14:54 42496
1239743072 1239799584 2019-04-20-06:04:14 56512
1239799680 1239826784 2019-04-20-21:47:42 27104
1239826880 1239947424 2019-04-21-05:21:02 120544
1239947488 1240012608 2019-04-22-14:51:10 65120
1240012672 1240096416 2019-04-23-08:57:34 83744
1240096512 1240131008 2019-04-24-08:14:54 34496
1240131072 1240155840 2019-04-24-17:50:54 24768
1240155904 1240188640 2019-04-25-00:44:46 32736
1240188736 1240243264 2019-04-25-09:51:58 54528
1240243360 1240307520 2019-04-26-01:02:22 64160
1240307616 1240308896 2019-04-26-18:53:18 1280
1240308992 1240369568 2019-04-26-19:16:14 60576
1240369632 1240374592 2019-04-27-12:06:54 4960
1240374688 1240405056 2019-04-27-13:31:10 30368
1240405152 1240435904 2019-04-27-21:58:54 30752
1240435968 1240732896 2019-04-28-06:32:30 296928
1240732960 1240743712 2019-05-01-17:02:22 10752
1240743808 1240786944 2019-05-01-20:03:10 43136
1240787040 1240787392 2019-05-02-08:03:42 352
1240787520 1240814048 2019-05-02-08:11:42 26528
1240814144 1240814208 2019-05-02-15:35:26 64
1240814272 1240814432 2019-05-02-15:37:34 160
1240814560 1240815680 2019-05-02-15:42:22 1120
1240815776 1240815936 2019-05-02-16:02:38 160
1240816032 1241222784 2019-05-02-16:06:54 406752
1241222880 1241227360 2019-05-07-09:07:42 4480
1241227456 1241228512 2019-05-07-10:23:58 1056
1241228608 1241228672 2019-05-07-10:43:10 64
1241228768 1241320800 2019-05-07-10:45:50 92032
1241320896 1241337664 2019-05-08-12:21:18 16768
1241337760 1241338208 2019-05-08-17:02:22 448
1241338336 1241340096 2019-05-08-17:11:58 1760
1241340192 1241377824 2019-05-08-17:42:54 37632
1241377920 1241378560 2019-05-09-04:11:42 640
1241378656 1241381056 2019-05-09-04:23:58 2400
1241381152 1241388448 2019-05-09-05:05:34 7296
1241388544 1241388704 2019-05-09-07:08:46 160
1241388800 1241398688 2019-05-09-07:13:02 9888
1241398752 1241413760 2019-05-09-09:58:54 15008
1241413856 1241479392 2019-05-09-14:10:38 65536
1241479456 1241479840 2019-05-10-08:23:58 384
1241479904 1241492480 2019-05-10-08:31:26 12576
1241492576 1241503744 2019-05-10-12:02:38 11168
1241503840 1241539360 2019-05-10-15:10:22 35520
1241539456 1241539712 2019-05-11-01:03:58 256
1241539776 1241578304 2019-05-11-01:09:18 38528
1241578400 1241590816 2019-05-11-11:53:02 12416
1241590912 1241591072 2019-05-11-15:21:34 160
1241591168 1241607680 2019-05-11-15:25:50 16512
1241607776 1241623040 2019-05-11-20:02:38 15264
1241623136 1241623296 2019-05-12-00:18:38 160
1241623360 1241623744 2019-05-12-00:22:22 384
1241623808 1241623968 2019-05-12-00:29:50 160
1241624064 1241630976 2019-05-12-00:34:06 6912
1241631104 1241631264 2019-05-12-02:31:26 160
1241631360 1241858112 2019-05-12-02:35:42 226752
1241858176 1241878240 2019-05-14-17:35:58 20064
1241878336 1241915200 2019-05-14-23:11:58 36864
1241915296 1242003136 2019-05-15-09:27:58 87840
1242003200 1242084736 2019-05-16-09:53:02 81536
1242084832 1242091328 2019-05-17-08:33:34 6496
1242091424 1242197408 2019-05-17-10:23:26 105984
1242197504 1242344704 2019-05-18-15:51:26 147200
1242344768 1242365664 2019-05-20-08:45:50 20896
1242365760 1242367936 2019-05-20-14:35:42 2176
1242368032 1242428832 2019-05-20-15:13:34 60800
1242428896 1242431072 2019-05-21-08:07:58 2176
1242431136 1242432704 2019-05-21-08:45:18 1568
1242432768 1242435584 2019-05-21-09:12:30 2816
1242435648 1242517216 2019-05-21-10:00:30 81568
1242517312 1242517920 2019-05-22-08:41:34 608
1242517984 1242530976 2019-05-22-08:52:46 12992
1242531040 1242535744 2019-05-22-12:30:22 4704
1242535840 1242810560 2019-05-22-13:50:22 274720
1242810624 1242819968 2019-05-25-18:10:06 9344
1242820064 1242864992 2019-05-25-20:47:26 44928
1242865088 1242888608 2019-05-26-09:17:50 23520
1242888704 1242954112 2019-05-26-15:51:26 65408
1242954208 1242962112 2019-05-27-10:03:10 7904
1242962176 1242967456 2019-05-27-12:15:58 5280
1242970112 1242970784 2019-05-27-14:28:14 672
1242970880 1242983424 2019-05-27-14:41:02 12544
1242983488 1243124736 2019-05-27-18:11:10 141248
1243124832 1243129856 2019-05-29-09:26:54 5024
1243129952 1243147232 2019-05-29-10:52:14 17280
1243147328 1243211040 2019-05-29-15:41:50 63712
1243211136 1243214048 2019-05-30-09:25:18 2912
1243214144 1243217088 2019-05-30-10:15:26 2944
1243217152 1243246944 2019-05-30-11:05:34 29792
1243247008 1243251840 2019-05-30-19:23:10 4832
1243251904 1243255456 2019-05-30-20:44:46 3552
1243255520 1243275456 2019-05-30-21:45:02 19936
1243275520 1243436576 2019-05-31-03:18:22 161056
1243436640 1243620608 2019-06-02-00:03:42 183968
1243620704 1243736608 2019-06-04-03:11:26 115904
1243736704 1243758496 2019-06-05-11:24:46 21792
1243759616 1243772224 2019-06-05-17:46:38 12608
1243772320 1243813472 2019-06-05-21:18:22 41152
1243813568 1243816096 2019-06-06-08:45:50 2528
1243816160 1243816608 2019-06-06-09:29:02 448
1243816736 1243819936 2019-06-06-09:38:38 3200
1243820128 1243831328 2019-06-06-10:35:10 11200
1243831392 1243857760 2019-06-06-13:42:54 26368
1243860992 1243873024 2019-06-06-21:56:14 12032
1243873088 1243918144 2019-06-07-01:17:50 45056
1243918240 1243931872 2019-06-07-13:50:22 13632
1243931936 1243933312 2019-06-07-17:38:38 1376
1243933408 1243943104 2019-06-07-18:03:10 9696
1243943200 1243947040 2019-06-07-20:46:22 3840
1243947136 1244010528 2019-06-07-21:51:58 63392
1244010624 1244012992 2019-06-08-15:30:06 2368
1244013088 1244094048 2019-06-08-16:11:10 80960
1244094144 1244179584 2019-06-09-14:42:06 85440
1244179680 1244209184 2019-06-10-14:27:42 29504
1244209248 1244211488 2019-06-10-22:40:30 2240
1244211584 1244222176 2019-06-10-23:19:26 10592
1244222272 1244227296 2019-06-11-02:17:34 5024
1244227360 1244304352 2019-06-11-03:42:22 76992
1244304416 1244308768 2019-06-12-01:06:38 4352
1244308864 1244309376 2019-06-12-02:20:46 512
1244309440 1244310080 2019-06-12-02:30:22 640
1244310176 1244310624 2019-06-12-02:42:38 448
1244310752 1244340928 2019-06-12-02:52:14 30176
1244341024 1244360416 2019-06-12-11:16:46 19392
1244360512 1244361056 2019-06-12-16:41:34 544
1244361184 1244380416 2019-06-12-16:52:46 19232
1244380512 1244404864 2019-06-12-22:14:54 24352
1244404928 1244406656 2019-06-13-05:01:50 1728
1244406752 1244459168 2019-06-13-05:32:14 52416
1244459232 1244559552 2019-06-13-20:06:54 100320
1244559648 1244776192 2019-06-15-00:00:30 216544
1244776256 1244788896 2019-06-17-12:10:38 12640
1244788960 1244901920 2019-06-17-15:42:22 112960
1244902016 1244948480 2019-06-18-23:06:38 46464
1244948544 1244952064 2019-06-19-12:02:06 3520
1244952160 1244955296 2019-06-19-13:02:22 3136
