1204002112 1204006688
1204008032 1204018208
1204018304 1204043008
1204045536 1204050144
1204052544 1204057088
1204059200 1204063808
1204065984 1204070528
1204072704 1204077248
1204079392 1204083968
1204086112 1204090688
1204092832 1204097408
1204099552 1204104128
1204106336 1204110912
1204113088 1204117696
1204119904 1204124480
1204126720 1204131328
1204133824 1204138464
1204141088 1204145664
1204147968 1204152576
1204154848 1204159456
1204161728 1204166368
1204168640 1204173248
1204175552 1204180160
1204182496 1204187072
1204189408 1204194016
1204194336 1204198944
1204201088 1204205728
1204206080 1204210944
1204211072 1204215680
1204216224 1204220832
1204223712 1204228352
1204231136 1204235712
1204238112 1204242688
1204245056 1204249632
1204250240 1204254816
1204257184 1204261760
1204264160 1204268736
1204271072 1204275680
1204278080 1204282688
1204285120 1204289728
1204292128 1204296736
1204299552 1204304192
1204307648 1204312224
1204314688 1204319296
1204321728 1204326336
1204328768 1204333344
1204335712 1204340288
1204342752 1204347328
1204349760 1204354336
1204356768 1204361376
1204363872 1204368448
1204370816 1204375392
1204377856 1204382432
1204385088 1204389696
1204393216 1204397792
1204400384 1204404992
1204406368 1204448608
1204448736 1204471392
1204472608 1204477152
1204479616 1204484192
1204486432 1204491008
1204493472 1204498048
1204500384 1204504992
1204507584 1204512192
1204514944 1204519584
1204521888 1204526496
1204528832 1204533440
1204535776 1204540352
1204542720 1204547296
1204549664 1204554272
1204556640 1204561216
1204564224 1204568832
1204571392 1204575968
1204578496 1204583136
1204585536 1204590144
1204592512 1204597088
1204599488 1204604128
1204606560 1204613984
1204614080 1204653792
1204653952 1204661536
1204668000 1204672576
1204675616 1204680192
1204683264 1204687872
1204690944 1204695552
1204698688 1204703296
1204706400 1204730176
1204730560 1204735168
1204739264 1204743872
1204748512 1204753088
1204756864 1204761440
1204764672 1204769248
1204772544 1204777152
1204780416 1204785024
1204788384 1204792992
1204796384 1204800992
1204804448 1204807424
1204807520 1204812128
1204813472 1204818080
1204822080 1204826656
1204830144 1204834688
1204838240 1204842816
1204846496 1204851072
1204856672 1204861280
1204863936 1204868544
1204871232 1204875872
1204878560 1204883168
1204885856 1204888736
1204888832 1204893440
1204893760 1204898368
1204901024 1204905632
1204907296 1204969280
1204969376 1204996448
1205002144 1205006784
1205009888 1205014464
1205017824 1205022432
1205025312 1205029888
1205032736 1205037312
1205040736 1205045376
1205049152 1205053760
1205106080 1205110688
1205113088 1205198432
1205199168 1205201376
1205201472 1205257344
1205263200 1205267776
1205271232 1205275808
1205278720 1205283328
1205285760 1205290336
1205292768 1205297376
1205299808 1205304384
1205306912 1205311520
1205314016 1205318592
1205321152 1205325728
1205328256 1205332832
1205335552 1205340128
1205344128 1205348736
1205351584 1205356160
1205358656 1205363232
1205365760 1205370368
1205372896 1205377536
1205380032 1205384672
1205387200 1205391808
1205394368 1205398944
1205401440 1205406016
1205408640 1205413216
1205415808 1205420416
1205422976 1205427552
1205430144 1205434752
1205437376 1205441952
1205444576 1205449152
1205451840 1205456128
1205456224 1205460800
1205463488 1205464224
1205464352 1205468960
1205471104 1205472032
1205472160 1205476768
1205478784 1205483360
1205486016 1205490624
1205493280 1205497888
1205500544 1205505152
1205507552 1205512160
1205514784 1205519360
1205522016 1205526624
1205529152 1205533760
1205536416 1205541024
1205541632 1205542592
1205542688 1205547328
1205549248 1205553856
1205556480 1205561056
1205563648 1205566272
1205566784 1205566944
1205567040 1205568960
1205569056 1205573664
1205576288 1205580864
1205583424 1205588000
1205590592 1205595200
1205597792 1205602400
1205605664 1205610272
1205613344 1205617952
1205620736 1205625312
1205627840 1205629440
1205629568 1205634144
1205635456 1205637856
1205637984 1205642528
1205643072 1205647712
1205650240 1205654848
1205656128 1205660736
1205663232 1205663872
1205663968 1205668576
1205670752 1205675360
1205678304 1205682912
1205686048 1205690656
1205693408 1205698048
1205700928 1205705536
1205708352 1205712992
1205715712 1205720288
1205722816 1205727392
1205729920 1205734528
1205737088 1205741664
1205744224 1205748800
1205751392 1205756000
1205758592 1205763200
1205765792 1205770400
1205773248 1205777856
1205780672 1205785280
1205788192 1205792768
1205795712 1205800288
1205803264 1205807840
1205810784 1205838496
1205838880 1205865984
1205872992 1205877568
1205881408 1205886016
1205889504 1205894048
1205896640 1205901248
1205903712 1205908288
1205910688 1205915296
1205917696 1205922272
1205924672 1205929280
1205931680 1205936288
1205938720 1205943328
1205946304 1205950880
1205953824 1205958432
1205961216 1205965824
1205968320 1205972896
1205975360 1205979968
1205982464 1205987072
1205989536 1205994144
1205996640 1206001216
1206003712 1206008288
1206010784 1206015392
1206017856 1206022464
1206025056 1206029664
1206032288 1206036928
1206039488 1206044064
1206046688 1206051264
1206053920 1206058528
1206061184 1206065792
1206068448 1206073056
1206075712 1206080288
1206083040 1206087616
1206090368 1206094944
1206097632 1206102272
1206105056 1206109632
1206112416 1206117024
1206119712 1206124288
1206127328 1206131904
1206134816 1206139392
1206142304 1206143488
1206143616 1206148224
1206168608 1206173184
1206175584 1206180192
1206182688 1206187296
1206189792 1206194432
1206196928 1206201568
1206204096 1206208704
1206211232 1206232544
1206232640 1206237248
1206239936 1206244512
1206247168 1206251712
1206251872 1206256448
1206257440 1206262048
1206264768 1206269376
1206272000 1206276576
1206279200 1206283808
1206286464 1206291072
1206293728 1206298272
1206301184 1206305792
1206308672 1206313280
1206315360 1206341440
1206345344 1206350240
1206355456 1206384096
1206389632 1206394208
1206397536 1206402144
1206404896 1206409472
1206412000 1206416608
1206419104 1206422080
1206422176 1206427104
1206432576 1206471680
1206475104 1206479648
1206482624 1206487232
1206489824 1206494432
1206496992 1206501632
1206504192 1206508768
1206511296 1206515904
1206518464 1206523040
1206525632 1206530240
1206532832 1206537440
1206540032 1206544640
1206547456 1206552032
1206554976 1206559584
1206562400 1206567008
1206569888 1206574464
1206577280 1206581888
1206584544 1206589088
1206591744 1206596352
1206599040 1206603616
1206606304 1206610880
1206613568 1206618144
1206620832 1206625408
1206628096 1206632736
1206635456 1206640032
1206643072 1206647648
1206650304 1206673344
1206673472 1206713472
1206713600 1206723328
1206725376 1206729984
1206734464 1206739040
1206742336 1206746912
1206751584 1206756192
1206760576 1206765152
1206767776 1206772416
1206774976 1206778144
1206778272 1206782848
1206783872 1206788480
1206790688 1206795264
1206797472 1206802048
1206804224 1206808832
1206811168 1206815776
1206817952 1206822560
1206824448 1206829056
1206831168 1206835776
1206837888 1206842496
1206844576 1206849152
1206851456 1206856032
1206858272 1206862880
1206865248 1206869856
1206872192 1206876800
1206879136 1206883776
1206886112 1206890720
1206893024 1206897632
1206899936 1206904512
1206907168 1206911776
1206914176 1206918816
1206921312 1206925952
1206928640 1206933216
1206935584 1206940160
1206942528 1206943712
1206943808 1206948384
1206949888 1206954496
1206956864 1206960896
1206961024 1206965600
1206968000 1206972576
1206974976 1206979584
1206982176 1206986784
1206989504 1206994112
1206997056 1207001664
1207004128 1207008736
1207010944 1207015520
1207017920 1207022528
1207024224 1207033568
1207033696 1207063680
1207063776 1207231456
1207231584 1207358240
1207358336 1207358912
1207359040 1207360864
1207360960 1207378176
1207378272 1207628608
1207629344 1207630336
1207630464 1207959552
1207959680 1208043232
1208043360 1208129344
1208129440 1208148864
1208148992 1208254144
1208254272 1208307296
1208307360 1208308832
1208317728 1208317760
1208318016 1208318048
1208318336 1208318368
1208318592 1208318624
1208319168 1208345152
1208345280 1208507712
1208507840 1208584928
1208585056 1208743936
1208744096 1208767264
1208767520 1208769504
1208769600 1208908768
1208908928 1209084704
1209084832 1209255776
1209255936 1209258016
1209258176 1209258560
1209258720 1209266944
1209267072 1210335648
1210335840 1210336128
1210336352 1210336544
1210336768 1210336896
1210337120 1210337248
1210337472 1210337536
1210337760 1210337824
1210338048 1210338112
1210338304 1210338336
1210338592 1210338624
1210338816 1210338848
1210339072 1210339104
1210339328 1210339360
1210339552 1210339584
1210339776 1210339872
1210340000 1210340064
1210340192 1210340288
1210340480 1210340544
1210340672 1210340768
1210341536 1210341568
1210341696 1210341792
1210341920 1210342112
1210375744 1210452000
1210452128 1210908448
1210908576 1211016992
1211017120 1211089696
1211089824 1211204128
1211204256 1211210784
1211210912 1211252416
1211252544 1211252608
1211252768 1211509888
1211510112 1211510176
1211510400 1211510624
1211510752 1211510880
1211511104 1211511200
1211511328 1211511392
1211511520 1211511584
1211511680 1211511712
1211511840 1211511872
1211512000 1211512032
1211512160 1211512192
1211512288 1211512352
1211512608 1211512672
1211512800 1211512864
1211512992 1211513248
1211513376 1211513568
1211513824 1211513920
1211514048 1211514112
1211514368 1211514528
1211514784 1211514848
1211514976 1211515040
1211515296 1211515328
1211515456 1211515584
1211515968 1211516032
1211516160 1211516192
1211582496 1212080672
1212080800 1212131712
1212131840 1212477024
1212477152 1212715648
1212715776 1212716096
1212716224 1212716928
1212717056 1212717184
1212717312 1212717760
1212717888 1212719520
1212719648 1212719936
1212720064 1212720224
1212720352 1212720896
1212721024 1213001920
1213002048 1213058848
1213058976 1213072736
1213072896 1213155008
1213155136 1213227552
1213227776 1213228064
1213228288 1213228480
1213228704 1213228768
1213228992 1213229120
1213229344 1213229440
1213229664 1213229728
1213229952 1213229984
1213230208 1213230304
1213230528 1213230624
1213230880 1213230912
1213231136 1213231168
1213231424 1213231456
1213231712 1213231744
1213231968 1213232000
1213232224 1213232256
1213232480 1213232512
1213232736 1213232800
1213232928 1213232960
1213233056 1213233088
1213300064 1213300160
1213315040 1213329856
1213329984 1213400384
1213400512 1213493728
1213493888 1213574144
1213574272 1213576160
1213576288 1213682144
1213682272 1213765152
1213765312 1213765344
1213765856 1213765888
1213766144 1213766176
1213766304 1213766368
1213766624 1213766688
1213766816 1213766848
1213766976 1213767008
1213767104 1213767168
1213767424 1213767456
1213767712 1213767776
1213767904 1213767936
1213768192 1213768224
1213768352 1213768448
1213768576 1213768640
1213769024 1213769088
1213769600 1213769632
1213770016 1213770048
1213770400 1213770432
1213770816 1213770880
1213772608 1213772640
1213773024 1213773056
1213773824 1213773856
1213775008 1213775040
1213776448 1213776480
1213776608 1213776640
1213777408 1213777440
1213777824 1213777888
1213778624 1213778688
1213778816 1213778880
1213779008 1213779040
1213779424 1213779488
1213779808 1213779840
1213781632 1213781664
1213782816 1213782848
1213783232 1213783264
1213784032 1213784064
1213784832 1213784864
1213785632 1213785664
1213786432 1213786464
1213787232 1213787264
1213788032 1213788064
1213788832 1213788864
1213789632 1213789664
1213790432 1213790464
1213791200 1213791264
1213792032 1213792064
1213792832 1213792864
1213793632 1213793664
1213794432 1213794464
1213795232 1213795264
1213796032 1213796064
1213797216 1213797248
1213800320 1213800352
1213854816 1213958240
1213958368 1214041440
1214041568 1214104320
1214104448 1214187008
1214187168 1214451552
1214451680 1214556416
1214556576 1214556800
1214556928 1214874496
1214875776 1214875872
1214876864 1214876896
1214877056 1214963232
1214963392 1216022400
1216022560 1216086528
1216086688 1216505568
1216505728 1216564704
1216564896 1216801696
1216801856 1217032416
1217032576 1217113280
1217113440 1217249024
1217249184 1217255136
1217255328 1217291168
1217291328 1217568128
1217568288 1217775712
1217775872 1218124768
1218124928 1218157504
1218157696 1218342272
1218342464 1218589632
1218589792 1218776960
1218777120 1218947552
1218948320 1219026752
1219026944 1219142400
1219142592 1219143616
1219143776 1219144224
1219144384 1219184480
1219184640 1219222816
1219223008 1219397888
1219398080 1219624288
1219624512 1219924608
1219924800 1219991840
1219992032 1220140320
1220140512 1220172832
1220173024 1220184832
1220185024 1220253088
1220253280 1220336224
1220336384 1220496384
1220496544 1220569344
1220658016 1220673152
1220673312 1220705408
1220705568 1220914880
1220915072 1221090848
1221091040 1221288416
1221288576 1221387296
1221387456 1221490272
1221490464 1221520704
1221520896 1221644448
1221644640 1221727392
1221727616 1221727776
1221728000 1221728128
1221728384 1221728448
1221728704 1221728832
1221729056 1221729120
1221729344 1221729408
1221729632 1221729696
1221729952 1221730016
1221730272 1221730336
1221730592 1221730656
1221730912 1221730944
1221731232 1221731264
1221731488 1221731520
1221731776 1221731808
1221732064 1221732096
1221732352 1221732384
1221732704 1221732736
1221733056 1221733088
1221733376 1221733408
1221733824 1221733856
1221734368 1221734496
1221734656 1221734752
1221800000 1221800096
1221863840 1221919584
1221919744 1221964960
1221965152 1221965248
1221965408 1222230976
1222231168 1222516672
1222516832 1222686816
1222687008 1222945024
1222945216 1223176864
1223177056 1223242208
1223242368 1223339168
1223339360 1223640896
1223641088 1223818400
1223818592 1223893440
1223893664 1224142848
1224143008 1224251520
1224251712 1224312032
1224312224 1224508576
1224508736 1224513568
1224513760 1224543296
1224543456 1224554528
1224554720 1224565280
1224565504 1224569312
1224569504 1224737376
1224737568 1224811008
1224811200 1224840352
1224840512 1224860096
1224860288 1224915968
1224916128 1224916608
1224916768 1224933664
1224933856 1224991360
1224991520 1225026368
1225026528 1225171744
1225171936 1225268768
1225268960 1225411904
1225412096 1225593312
1225593504 1225789696
1225789856 1225811328
1225811520 1225818304
1225818496 1226062112
1226062272 1226103072
1226103264 1226202912
1226203072 1226205696
1226205920 1226206272
1226206592 1226212480
1226212640 1226214432
1226214688 1226313344
1226313600 1226482208
1226482400 1226673120
1226673280 1226799488
1226799648 1226988000
1226988192 1227003712
1227003968 1227231808
1227232032 1227309920
1227310080 1227336768
1227336960 1227345472
1227345696 1227357600
1227357824 1227358752
1227358976 1227404224
1227410432 1227416000
1227416192 1227416768
1227416928 1227417664
1227418016 1227421056
1227421216 1227439872
1227440064 1227441504
1227441664 1227502944
1227503136 1227656576
1227656768 1227676064
1227676256 1227679712
1227679840 1227829440
1227829632 1227843104
1227843264 1227862112
1227862368 1227924032
1227924256 1227928352
1227928544 1227928576
1227928864 1227928928
1227929184 1227929248
1227929536 1227929696
1227929952 1227930176
1227930432 1227930528
1227930720 1228010880
1228011072 1228011584
1228011776 1228098496
1228098688 1228249696
1228249888 1228250304
1228250496 1228255168
1228255328 1228256064
1228256224 1228256608
1228256736 1228256800
1228257056 1228257856
1228258016 1228258048
1228258304 1228258560
1228258720 1228259680
1228259936 1228260096
1228260352 1228261824
1228261952 1228262368
1228262528 1228262784
1228262976 1228263072
1228263360 1228263488
1228263744 1228264064
1228264288 1228264640
1228264768 1228264832
1228265088 1228265216
1228265472 1228265888
1228266144 1228266272
1228266528 1228266688
1228267008 1228267424
1228267552 1228267936
1228268224 1228268288
1228268544 1228343936
1228344096 1228350144
1228350272 1228351008
1228351200 1228351424
1228351680 1228351840
1228352096 1228352192
1228352448 1228352640
1228352832 1228352960
1228353184 1228353312
1228353568 1228353696
1228353920 1228354080
1228354272 1228354400
1228354656 1228354912
1228355072 1228355584
1228355744 1228355936
1228356192 1228356864
1228356992 1228357120
1228357376 1228357888
1228358144 1228358592
1228358816 1228359232
1228359360 1228359456
1228359616 1228360128
1228360352 1228360448
1228360704 1228463136
1228463296 1228465216
1228465376 1228478528
1228478688 1228552352
1228552512 1228622880
1228626400 1228626464
1228626656 1228626816
1228626976 1228731200
1228731264 1228747264
1228747328 1228748736
1228748832 1228779616
1228779680 1228783968
1228784032 1228810208
1228810304 1228824672
1228824800 1228829408
1228829536 1228831808
1228831904 1228837152
1228837248 1228837504
1228837632 1228840992
1228841056 1228848576
1228848736 1228855776
1228855904 1228867200
1228867296 1228874976
1228875136 1228898976
1228899136 1228906592
1228906688 1228906720
1228906848 1228918208
1228918368 1228963840
1228964032 1228979968
1228980032 1229045728
1229045824 1229093376
1229093536 1229118464
1229118560 1229121024
1229121152 1229121696
1229121792 1229122464
1229122560 1229123008
1229123072 1229123456
1229123584 1229123808
1229123904 1229125792
1229125920 1229126048
1229126240 1229126528
1229126720 1229126816
1229126944 1229127136
1229127264 1229127424
1229127520 1229127872
1229128256 1229131104
1229131200 1229131968
1229132032 1229162432
1229162528 1229164352
1229164448 1229165088
1229165184 1229165536
1229165632 1229166080
1229166176 1229166848
1229166912 1229167104
1229167168 1229167648
1229167712 1229168480
1229168576 1229170272
1229170368 1229172096
1229172160 1229182880
1229182976 1229191520
1229191584 1229195040
1229195136 1229195488
1229195584 1229196448
1229196512 1229196704
1229196800 1229207552
1229207616 1229207776
1229207872 1229208128
1229208224 1229208736
1229208864 1229210400
1229210496 1229211136
1229211232 1229211392
1229211488 1229211840
1229211936 1229212096
1229212192 1229212384
1229212576 1229213440
1229213504 1229219840
1229219936 1229220096
1229220192 1229220544
1229220640 1229221280
1229221376 1229221696
1229221856 1229224320
1229224416 1229224864
1229224960 1229225312
1229225408 1229235072
1229235168 1229245280
1229245344 1229247136
1229247328 1229247552
1229247776 1229248224
1229248416 1229248608
1229248768 1229248800
1229248992 1229249280
1229249376 1229249568
1229249856 1229250016
1229250336 1229250720
1229250912 1229251200
1229251392 1229251456
1229251616 1229251840
1229252000 1229252224
1229252416 1229252480
1229252768 1229253248
1229253408 1229253600
1229253760 1229254208
1229254368 1229254784
1229255296 1229261504
1229261568 1229262880
1229262976 1229265472
1229265536 1229273472
1229273568 1229280608
1229280672 1229290272
1229290336 1229307008
1229307104 1229333472
1229333568 1229335776
1229335904 1229360000
1229360096 1229372608
1229372704 1229395904
1229395968 1229572192
1229572288 1229572416
1229572480 1229573952
1229574016 1229734208
1229734368 1229771744
1229771840 1229772672
1229772768 1229968704
1229968768 1230030080
1230030176 1230208960
1230209056 1230209408
1230209504 1230237248
1230237344 1230237600
1230237696 1230241792
1230241888 1230296192
1230296288 1230296448
1230296544 1230296800
1230296896 1230300992
1230301088 1230301248
1230301344 1230311200
1230311296 1230311744
1230311840 1230315616
1230315712 1230520192
1230520288 1230521920
1230522016 1230543520
1230543616 1230603552
1230603616 1230704928
1230704992 1230977600
1230977696 1231163168
1231163264 1231183872
1231183936 1231198048
1231198112 1231211968
1231212064 1231394432
1231394496 1231438272
1231438368 1231438816
1231438912 1231439488
1231439552 1231515264
1231515360 1231516032
1231516096 1231584512
1231584608 1231830496
1231830560 1231909312
1231909408 1231954784
1231954880 1232072672
1232072768 1232105568
1232105664 1232145056
1232145152 1232174080
1232174144 1232176704
1232176768 1232187424
1232187488 1232189056
1232189120 1232367968
1232368032 1232492896
1232492960 1232520576
1232520640 1232563488
1232563552 1232701792
1232701856 1232702880
1232702944 1232849760
1232849824 1232952672
1232952768 1233104800
1233104864 1233105408
1233105504 1233143520
1233143616 1233262816
1233262912 1233353408
1233353472 1233368032
1233368128 1233387392
1233387488 1233389376
1233389472 1233390560
1233390656 1233469216
1233469280 1233639744
1233639808 1233672288
1233672352 1233691232
1233691328 1233693920
1233694016 1233716544
1233716640 1233726208
1233726304 1233727136
1233727200 1233727808
1233727872 1234004608
1234004672 1234149984
1234150080 1234167808
1234167872 1234175424
1234175520 1234175968
1234176032 1234176512
1234176576 1234177824
1234177920 1234178176
1234178272 1234180864
1234180960 1234181024
1234181120 1234181472
1234181568 1234195584
1234195680 1234199328
1234199392 1234200160
1234200256 1234229664
1234229760 1234234848
1234234944 1234236672
1234236768 1234253536
1234253632 1234499712
1234499776 1234676704
1234676768 1234695520
1234695616 1234715712
1234715808 1234789792
1234789888 1234834848
1234836416 1234836672
1234836768 1234849376
1234849440 1234852544
1234852640 1234948640
1234948704 1234954816
1234954880 1234978368
1234978464 1234990848
1234990912 1234991488
1234991584 1235005216
1235032224 1235034048
1235034144 1235034304
1235034368 1235034656
1235034752 1235055776
1235055872 1235063136
1235063232 1235063392
1235063488 1235063648
1235063712 1235065600
1235065664 1235079136
1235079232 1235098816
1235098912 1235100224
1235100352 1235179040
1235179104 1235267232
1235267296 1235283040
1235283104 1235284256
1235284352 1235291136
1235308032 1235308128
1235308192 1235308384
1235308448 1235308608
1235308672 1235308800
1235308960 1235309088
1235309152 1235309216
1235309312 1235309440
1235309504 1235309568
1235309824 1235310112
1235310208 1235310304
1235310688 1235310752
1235310848 1235311008
1235311136 1235312032
1235312096 1235314496
1235314560 1235435264
1235435328 1235508064
1235508160 1235545792
1235545888 1235546144
1235546208 1235548736
1235548832 1235552992
1235553056 1235555456
1235555520 1235566816
1235566912 1235570944
1235571072 1235571712
1235571808 1235571968
1235572064 1236074976
1236075072 1236076288
1236076384 1236121280
1236121344 1236121632
1236121696 1236122272
1236122368 1236123008
1236123104 1236135712
1236135776 1236211872
1236211968 1236212832
1236212928 1236214080
1236214176 1236341248
1236341344 1236342496
1236342592 1236541120
1236541216 1236661952
1236662016 1236672480
1236672576 1236748256
1236748352 1236762976
1236763072 1236788608
1236788672 1236855136
1236855200 1236887328
1236887392 1236943872
1236943936 1236944416
1236944512 1236945568
1236945632 1237029920
1237029984 1237071072
1237071136 1237132000
1237132096 1237236704
1237236768 1237247584
1237247648 1237392672
1237392768 1237402848
1237402912 1237403392
1237403488 1237413024
1237413088 1237427968
1237428064 1237428224
1237428320 1237429248
1237429344 1237440672
1237440736 1237483008
1237483104 1237483648
1237483776 1237486048
1237486144 1238010080
1238010176 1238010592
1238010688 1238011200
1238011296 1238012192
1238012288 1238012704
1238012800 1238012832
1238012928 1238012960
1238013152 1238013184
1238013376 1238013600
1238013664 1238013696
1238022400 1238063008
1238063072 1238294496
1238294560 1238369472
1238369536 1238449568
1238449664 1238468448
1238468512 1238472928
1238473024 1238488224
1238488288 1238510752
1238510816 1238575712
1238575776 1238594016
1238594112 1238918880
1238918976 1239062720
1239062784 1239143488
1239143584 1239186880
1239186976 1239281504
1239281568 1239317760
1239317856 1239322656
1239322752 1239514944
1239515040 1239549664
1239549760 1239616064
1239616160 1239700416
1239700512 1239743008
1239743072 1239799584
1239799680 1239826784
1239826880 1239947424
1239947488 1240012608
1240012672 1240096416
1240096512 1240131008
1240131072 1240155840
1240155904 1240188640
1240188736 1240243264
1240243360 1240307520
1240307616 1240308896
1240308992 1240369568
1240369632 1240374592
1240374688 1240405056
1240405152 1240435904
1240435968 1240732896
1240732960 1240743712
1240743808 1240786944
1240787040 1240787392
1240787520 1240814048
1240814144 1240814208
1240814272 1240814432
1240814560 1240815680
1240815776 1240815936
1240816032 1241222784
1241222880 1241227360
1241227456 1241228512
1241228608 1241228672
1241228768 1241320800
1241320896 1241337664
1241337760 1241338208
1241338336 1241340096
1241340192 1241377824
1241377920 1241378560
1241378656 1241381056
1241381152 1241388448
1241388544 1241388704
1241388800 1241398688
1241398752 1241413760
1241413856 1241479392
1241479456 1241479840
1241479904 1241492480
1241492576 1241503744
1241503840 1241539360
1241539456 1241539712
1241539776 1241578304
1241578400 1241590816
1241590912 1241591072
1241591168 1241607680
1241607776 1241623040
1241623136 1241623296
1241623360 1241623744
1241623808 1241623968
1241624064 1241630976
1241631104 1241631264
1241631360 1241858112
1241858176 1241878240
1241878336 1241915200
1241915296 1242003136
1242003200 1242084736
1242084832 1242091328
1242091424 1242197408
1242197504 1242344704
1242344768 1242365664
1242365760 1242367936
1242368032 1242428832
1242428896 1242431072
1242431136 1242432704
1242432768 1242435584
1242435648 1242517216
1242517312 1242517920
1242517984 1242530976
1242531040 1242535744
1242535840 1242810560
1242810624 1242819968
1242820064 1242864992
1242865088 1242888608
1242888704 1242954112
1242954208 1242962112
1242962176 1242967456
1242970112 1242970784
1242970880 1242983424
1242983488 1243124736
1243124832 1243129856
1243129952 1243147232
1243147328 1243211040
1243211136 1243214048
1243214144 1243217088
1243217152 1243246944
1243247008 1243251840
1243251904 1243255456
1243255520 1243275456
1243275520 1243436576
1243436640 1243620608
1243620704 1243736608
1243736704 1243758496
1243759616 1243772224
1243772320 1243813472
1243813568 1243816096
1243816160 1243816608
1243816736 1243819936
1243820128 1243831328
1243831392 1243857760
1243860992 1243873024
1243873088 1243918144
1243918240 1243931872
1243931936 1243933312
1243933408 1243943104
1243943200 1243947040
1243947136 1244010528
1244010624 1244012992
1244013088 1244094048
1244094144 1244179584
1244179680 1244209184
1244209248 1244211488
1244211584 1244222176
1244222272 1244227296
1244227360 1244304352
1244304416 1244308768
1244308864 1244309376
1244309440 1244310080
1244310176 1244310624
1244310752 1244340928
1244341024 1244360416
1244360512 1244361056
1244361184 1244380416
1244380512 1244404864
1244404928 1244406656
1244406752 1244459168
1244459232 1244559552
1244559648 1244776192
1244776256 1244788896
1244788960 1244901920
1244902016 1244948480
1244948544 1244952064
1244952160 1244955296
