1204002272 1204006880 2018-03-02-14:04:14 4608
1204009760 1204018208 2018-03-02-16:09:02 8448
1204018304 1204045408 2018-03-02-18:31:26 27104
1204045664 1204054176 2018-03-03-02:07:26 8512
1204056160 1204060768 2018-03-03-05:02:22 4608
1204063808 1204068384 2018-03-03-07:09:50 4576
1204071488 1204076064 2018-03-03-09:17:50 4576
1204079072 1204083680 2018-03-03-11:24:14 4608
1204086752 1204091360 2018-03-03-13:32:14 4608
1204094432 1204099040 2018-03-03-15:40:14 4608
1204102112 1204106720 2018-03-03-17:48:14 4608
1204108864 1204134752 2018-03-03-19:40:46 25888
1204134848 1204141536 2018-03-04-02:53:50 6688
1204142464 1204147040 2018-03-04-05:00:46 4576
1204150304 1204154912 2018-03-04-07:11:26 4608
1204157984 1204162592 2018-03-04-09:19:26 4608
1204165664 1204170272 2018-03-04-11:27:26 4608
1204173504 1204178112 2018-03-04-13:38:06 4608
1204181376 1204185984 2018-03-04-15:49:18 4608
1204189440 1204194016 2018-03-04-18:03:42 4576
1204197376 1204201952 2018-03-04-20:15:58 4576
1204202208 1204206816 2018-03-04-21:36:30 4608
1204208512 1204213088 2018-03-04-23:21:34 4576
1204217248 1204221856 2018-03-05-01:47:10 4608
1204226112 1204230688 2018-03-05-04:14:54 4576
1204234912 1204239488 2018-03-05-06:41:34 4576
1204242272 1204246880 2018-03-05-08:44:14 4608
1204250400 1204254976 2018-03-05-10:59:42 4576
1204258272 1204262848 2018-03-05-13:10:54 4576
1204265440 1204270048 2018-03-05-15:10:22 4608
1204272608 1204277248 2018-03-05-17:09:50 4640
1204279872 1204284448 2018-03-05-19:10:54 4576
1204286976 1204291584 2018-03-05-21:09:18 4608
1204294240 1204298848 2018-03-05-23:10:22 4608
1204301856 1204306464 2018-03-06-01:17:18 4608
1204309408 1204314016 2018-03-06-03:23:10 4608
1204316608 1204321216 2018-03-06-05:23:10 4608
1204323872 1204328480 2018-03-06-07:24:14 4608
1204331168 1204335744 2018-03-06-09:25:50 4576
1204338400 1204343008 2018-03-06-11:26:22 4608
1204345664 1204350272 2018-03-06-13:27:26 4608
1204352928 1204357536 2018-03-06-15:28:30 4608
1204360192 1204364768 2018-03-06-17:29:34 4576
1204367424 1204372032 2018-03-06-19:30:06 4608
1204374688 1204379296 2018-03-06-21:31:10 4608
1204381920 1204386496 2018-03-06-23:31:42 4576
1204389536 1204394112 2018-03-07-01:38:38 4576
1204397248 1204401856 2018-03-07-03:47:10 4608
1204404416 1204448608 2018-03-07-05:46:38 44192
1204448704 1204482432 2018-03-07-18:04:46 33728
1204482688 1204487296 2018-03-08-03:31:10 4608
1204490208 1204494816 2018-03-08-05:36:30 4608
1204498816 1204503392 2018-03-08-07:59:58 4576
1204507776 1204512384 2018-03-08-10:29:18 4608
1204516768 1204521376 2018-03-08-12:59:10 4608
1204524608 1204545376 2018-03-08-15:09:50 20768
1204545504 1204550048 2018-03-08-20:58:06 4544
1204552256 1204556832 2018-03-08-22:50:38 4576
1204560384 1204564992 2018-03-09-01:06:06 4608
1204568768 1204573344 2018-03-09-03:25:50 4576
1204576736 1204581312 2018-03-09-05:38:38 4576
1204584160 1204588768 2018-03-09-07:42:22 4608
1204591520 1204596096 2018-03-09-09:45:02 4576
1204599008 1204603584 2018-03-09-11:49:50 4576
1204606464 1204611072 2018-03-09-13:54:06 4608
1204613920 1204613984 2018-03-09-15:58:22 64
1204614080 1204618688 2018-03-09-16:01:02 4608
1204621440 1204626016 2018-03-09-18:03:42 4576
1204628768 1204633344 2018-03-09-20:05:50 4576
1204636000 1204640608 2018-03-09-22:06:22 4608
1204643328 1204647936 2018-03-10-00:08:30 4608
1204651104 1204655712 2018-03-10-02:18:06 4608
1204658976 1204663584 2018-03-10-04:29:18 4608
1204666528 1204671136 2018-03-10-06:35:10 4608
1204673888 1204678464 2018-03-10-08:37:50 4576
1204681184 1204685792 2018-03-10-10:39:26 4608
1204688544 1204693152 2018-03-10-12:42:06 4608
1204695968 1204700544 2018-03-10-14:45:50 4576
1204703328 1204707936 2018-03-10-16:48:30 4608
1204710176 1204714752 2018-03-10-18:42:38 4576
1204717536 1204722144 2018-03-10-20:45:18 4608
1204724896 1204729536 2018-03-10-22:47:58 4640
1204732320 1204736896 2018-03-11-00:51:42 4576
1204740736 1204745312 2018-03-11-03:11:58 4576
1204748192 1204752800 2018-03-11-05:16:14 4608
1204755744 1204760352 2018-03-11-07:22:06 4608
1204763200 1204767808 2018-03-11-09:26:22 4608
1204770624 1204775232 2018-03-11-11:30:06 4608
1204778112 1204782752 2018-03-11-13:34:54 4640
1204785760 1204790368 2018-03-11-15:42:22 4608
1204793344 1204797920 2018-03-11-17:48:46 4576
1204800864 1204805472 2018-03-11-19:54:06 4608
1204808448 1204821152 2018-03-11-22:00:30 12704
1204821440 1204828704 2018-03-12-01:37:02 7264
1204829024 1204836608 2018-03-12-03:43:26 7584
1204836896 1204844768 2018-03-12-05:54:38 7872
1204845216 1204852832 2018-03-12-08:13:18 7616
1204853024 1204888736 2018-03-12-10:23:26 35712
1204888832 1204913856 2018-03-12-20:20:14 25024
1204914080 1204969280 2018-03-13-03:21:02 55200
1204969376 1205030976 2018-03-13-18:42:38 61600
1205031072 1205046752 2018-03-14-11:50:54 15680
1205046848 1205078784 2018-03-14-16:13:50 31936
1205106080 1205110688 2018-03-15-08:41:02 4608
1205113600 1205114080 2018-03-15-10:46:22 480
1205114112 1205116128 2018-03-15-10:54:54 2016
1205456064 1205460672 2018-03-19-09:54:06 4608
1205463072 1205464224 2018-03-19-11:50:54 1152
1205464352 1205464480 2018-03-19-12:12:14 128
1205464960 1205465120 2018-03-19-12:22:22 160
1205465216 1205472032 2018-03-19-12:26:38 6816
1205472160 1205484736 2018-03-19-14:22:22 12576
1205485280 1205489888 2018-03-19-18:01:02 4608
1205492544 1205498624 2018-03-19-20:02:06 6080
1205498720 1205542592 2018-03-19-21:45:02 43872
1205542720 1205566304 2018-03-20-09:58:22 23584
1205566656 1205566688 2018-03-20-16:37:18 32
1205566912 1205566944 2018-03-20-16:41:34 32
1205567168 1205567200 2018-03-20-16:45:50 32
1205567424 1205567456 2018-03-20-16:50:06 32
1205568064 1205568096 2018-03-20-17:00:46 32
1205568416 1205568448 2018-03-20-17:06:38 32
1205568736 1205568768 2018-03-20-17:11:58 32
1205569600 1205574208 2018-03-20-17:26:22 4608
1205577056 1205581632 2018-03-20-19:30:38 4576
1205584512 1205589152 2018-03-20-21:34:54 4640
1205591936 1205596512 2018-03-20-23:38:38 4576
1205600512 1205605088 2018-03-21-02:01:34 4576
1205608512 1205613152 2018-03-21-04:14:54 4640
1205616288 1205620896 2018-03-21-06:24:30 4608
1205625024 1205629440 2018-03-21-08:50:06 4416
1205629568 1205634144 2018-03-21-10:05:50 4576
1205635200 1205637856 2018-03-21-11:39:42 2656
1205637952 1205642528 2018-03-21-12:25:34 4576
1205642944 1205647520 2018-03-21-13:48:46 4576
1205650112 1205654720 2018-03-21-15:48:14 4608
1205656128 1205656160 2018-03-21-17:28:30 32
1205656448 1205656480 2018-03-21-17:33:50 32
1205656704 1205661248 2018-03-21-17:38:06 4544
1205663968 1205781696 2018-03-21-19:39:10 117728
1205781888 1205786496 2018-03-23-04:24:30 4608
1205790432 1205795008 2018-03-23-06:46:54 4576
1205798912 1205803520 2018-03-23-09:08:14 4608
1205807776 1205809952 2018-03-23-11:35:58 2176
1205810848 1205815456 2018-03-23-12:27:10 4608
1205816096 1205820672 2018-03-23-13:54:38 4576
1205824992 1205829568 2018-03-23-16:22:54 4576
1205829696 1205834304 2018-03-23-17:41:18 4608
1205837504 1205842112 2018-03-23-19:51:26 4608
1205844960 1205849536 2018-03-23-21:55:42 4576
1205852384 1205856992 2018-03-23-23:59:26 4608
1205860352 1205864960 2018-03-24-02:12:14 4608
1205867872 1205872448 2018-03-24-04:17:34 4576
1205875840 1205880448 2018-03-24-06:30:22 4608
1205883424 1205888000 2018-03-24-08:36:46 4576
1205891360 1205895968 2018-03-24-10:49:02 4608
1205898848 1205903424 2018-03-24-12:53:50 4576
1205906272 1205910848 2018-03-24-14:57:34 4576
1205913728 1205918304 2018-03-24-17:01:50 4576
1205921152 1205925728 2018-03-24-19:05:34 4576
1205928576 1205933184 2018-03-24-21:09:18 4608
1205936064 1205940608 2018-03-24-23:14:06 4544
1205944000 1205948608 2018-03-25-01:26:22 4608
1205952512 1205957120 2018-03-25-03:48:14 4608
1205960672 1205965280 2018-03-25-06:04:14 4608
1205968064 1205972672 2018-03-25-08:07:26 4608
1205974400 1206036032 2018-03-25-09:53:02 61632
1206036128 1206046400 2018-03-26-03:01:50 10272
1206046592 1206058688 2018-03-26-05:56:14 12096
1206058944 1206060128 2018-03-26-09:22:06 1184
1206060224 1206065120 2018-03-26-09:43:26 4896
1206071296 1206075872 2018-03-26-12:47:58 4576
1206079136 1206083712 2018-03-26-14:58:38 4576
1206085664 1206124768 2018-03-26-16:47:26 39104
1206124992 1206143488 2018-03-27-03:42:54 18496
1206143616 1206150880 2018-03-27-08:53:18 7264
