#Mirror displacement noise requirements in [m/sqrt(Hz). The mirror vibration levels have to be below these values in order to keep the contribution of these noises to DARM below the target sensitivity by the safety factor 10.
#freq, SAS Noise,ETMX,ETMY,ITMX,ITMY,BS,PRM,SRM
1,7.775e-16,2.5836e-13,2.1259e-13,6.7133e-14,4.2599e-14,3.7808e-14,1.5396e-11,2.6686e-14
1.0093,7.2126e-16,2.3847e-13,1.9804e-13,6.6273e-14,4.109e-14,3.68e-14,1.4549e-11,2.5972e-14
1.0186,6.7359e-16,2.2167e-13,1.8566e-13,6.5805e-14,3.9843e-14,3.601e-14,1.3864e-11,2.5414e-14
1.028,6.239e-16,2.0444e-13,1.7259e-13,6.4754e-14,3.8265e-14,3.4903e-14,1.3121e-11,2.4631e-14
1.0376,5.8201e-16,1.8996e-13,1.6154e-13,6.4133e-14,3.6966e-14,3.4031e-14,1.252e-11,2.4015e-14
1.0472,5.3843e-16,1.7509e-13,1.4992e-13,6.2958e-14,3.5373e-14,3.2871e-14,1.1859e-11,2.3196e-14
1.0569,5.0157e-16,1.6254e-13,1.4007e-13,6.2206e-14,3.4046e-14,3.1937e-14,1.1318e-11,2.2536e-14
1.0667,4.6689e-16,1.5081e-13,1.3075e-13,6.1396e-14,3.271e-14,3.0977e-14,1.0799e-11,2.1858e-14
1.0765,4.343e-16,1.3986e-13,1.2194e-13,6.0538e-14,3.1374e-14,2.9997e-14,1.0302e-11,2.1166e-14
1.0865,4.0378e-16,1.2967e-13,1.1365e-13,5.9653e-14,3.0049e-14,2.9009e-14,9.8266e-12,2.0468e-14
1.0966,3.7509e-16,1.2014e-13,1.0583e-13,5.8727e-14,2.8731e-14,2.8009e-14,9.3678e-12,1.9762e-14
1.1067,3.4829e-16,1.1127e-13,9.8483e-14,5.7791e-14,2.7435e-14,2.701e-14,8.9285e-12,1.9057e-14
1.117,3.2303e-16,1.0296e-13,9.1531e-14,5.6809e-14,2.6147e-14,2.5998e-14,8.5012e-12,1.8342e-14
1.1273,2.9966e-16,9.5297e-14,8.5077e-14,5.5865e-14,2.4905e-14,2.5012e-14,8.0968e-12,1.7646e-14
1.1378,2.7954e-16,8.8711e-14,7.9513e-14,5.5261e-14,2.3838e-14,2.4182e-14,7.7556e-12,1.7061e-14
1.1483,2.5888e-16,8.1992e-14,7.377e-14,5.4288e-14,2.2637e-14,2.3197e-14,7.3755e-12,1.6366e-14
1.1589,2.4119e-16,7.6243e-14,6.8845e-14,5.3677e-14,2.161e-14,2.2373e-14,7.0561e-12,1.5784e-14
1.1697,2.2469e-16,7.09e-14,6.424e-14,5.31e-14,2.0616e-14,2.1565e-14,6.7502e-12,1.5214e-14
1.1805,2.0909e-16,6.5867e-14,5.9875e-14,5.2508e-14,1.9635e-14,2.0753e-14,6.4506e-12,1.4641e-14
1.1915,1.9314e-16,6.0744e-14,5.5389e-14,5.158e-14,1.8551e-14,1.9814e-14,6.1185e-12,1.3978e-14
1.2025,1.7959e-16,5.6393e-14,5.1574e-14,5.105e-14,1.7633e-14,1.9033e-14,5.8415e-12,1.3427e-14
1.2136,1.678e-16,5.2613e-14,4.8254e-14,5.0826e-14,1.6833e-14,1.8364e-14,5.6041e-12,1.2956e-14
1.2249,1.5575e-16,4.8766e-14,4.4846e-14,5.0328e-14,1.5956e-14,1.7594e-14,5.3404e-12,1.2412e-14
1.2362,1.4452e-16,4.5191e-14,4.1666e-14,4.9891e-14,1.5112e-14,1.6845e-14,5.0874e-12,1.1884e-14
1.2477,1.3479e-16,4.2093e-14,3.8906e-14,4.9786e-14,1.438e-14,1.6204e-14,4.8708e-12,1.1431e-14
1.2592,1.2484e-16,3.8939e-14,3.6076e-14,4.9423e-14,1.3581e-14,1.5473e-14,4.6307e-12,1.0916e-14
1.2709,1.1629e-16,3.6228e-14,3.3641e-14,4.9441e-14,1.2895e-14,1.4854e-14,4.4272e-12,1.0479e-14
1.2826,1.0834e-16,3.3713e-14,3.1373e-14,4.9577e-14,1.224e-14,1.4257e-14,4.2328e-12,1.0058e-14
1.2945,1.008e-16,3.1333e-14,2.9219e-14,4.9775e-14,1.1598e-14,1.3662e-14,4.0414e-12,9.638e-15
1.3065,9.3684e-17,2.9091e-14,2.7184e-14,5.0067e-14,1.0974e-14,1.3073e-14,3.8543e-12,9.2228e-15
1.3186,8.7047e-17,2.7003e-14,2.5281e-14,5.0512e-14,1.0376e-14,1.2502e-14,3.6743e-12,8.8203e-15
1.3308,8.0824e-17,2.5049e-14,2.3495e-14,5.1121e-14,9.801e-15,1.1945e-14,3.5001e-12,8.427e-15
1.3432,7.5005e-17,2.3224e-14,2.1822e-14,5.1937e-14,9.249e-15,1.1402e-14,3.3319e-12,8.0445e-15
1.3556,6.9961e-17,2.1643e-14,2.0372e-14,5.331e-14,8.7697e-15,1.0938e-14,3.1878e-12,7.7166e-15
1.3682,6.4845e-17,2.0043e-14,1.8897e-14,5.4704e-14,8.2599e-15,1.0423e-14,3.0304e-12,7.3535e-15
1.3808,6.041e-17,1.8657e-14,1.7618e-14,5.6831e-14,7.817e-15,9.9804e-15,2.8952e-12,7.0414e-15
1.3936,5.6244e-17,1.7357e-14,1.6416e-14,5.9521e-14,7.3909e-15,9.5487e-15,2.7641e-12,6.7369e-15
1.4065,5.2323e-17,1.6135e-14,1.5282e-14,6.2959e-14,6.9803e-15,9.1261e-15,2.6366e-12,6.4388e-15
1.4196,4.8645e-17,1.4989e-14,1.4218e-14,6.7455e-14,6.5863e-15,8.7148e-15,2.5131e-12,6.1487e-15
1.4327,4.5198e-17,1.3917e-14,1.3219e-14,7.3491e-14,6.2088e-15,8.315e-15,2.3938e-12,5.8667e-15
1.446,4.1967e-17,1.2913e-14,1.2282e-14,8.189e-14,5.8474e-15,7.9265e-15,2.2784e-12,5.5927e-15
1.4594,3.8949e-17,1.1977e-14,1.1406e-14,9.4217e-14,5.503e-15,7.5513e-15,2.1673e-12,5.328e-15
1.4729,3.6313e-17,1.1159e-14,1.0641e-14,1.1433e-13,5.2011e-15,7.2252e-15,2.071e-12,5.098e-15
1.4865,3.3836e-17,1.0392e-14,9.9209e-15,1.5033e-13,4.9117e-15,6.9079e-15,1.9776e-12,4.8742e-15
1.5003,3.1344e-17,9.6204e-15,9.1954e-15,2.3088e-13,4.61e-15,6.5647e-15,1.8772e-12,4.6321e-15
1.5142,2.9162e-17,8.9456e-15,8.5602e-15,5.7511e-13,4.3447e-15,6.2647e-15,1.7896e-12,4.4205e-15
1.5282,2.7121e-17,8.3147e-15,7.9652e-15,6.7879e-13,4.0919e-15,5.9749e-15,1.7052e-12,4.2161e-15
1.5424,2.5207e-17,7.7237e-15,7.4068e-15,2.1194e-13,3.8505e-15,5.6939e-15,1.6237e-12,4.0179e-15
1.5567,2.3531e-17,7.2063e-15,6.9178e-15,1.1919e-13,3.6383e-15,5.4491e-15,1.5527e-12,3.8452e-15
1.5711,2.1843e-17,6.6859e-15,6.4247e-15,7.979e-14,3.4178e-15,5.1847e-15,1.4764e-12,3.6587e-15
1.5856,2.0358e-17,6.2285e-15,5.9909e-15,5.8526e-14,3.223e-15,4.9525e-15,1.4094e-12,3.4949e-15
1.6003,1.8873e-17,5.7712e-15,5.5563e-15,4.4961e-14,3.0223e-15,4.7045e-15,1.3381e-12,3.32e-15
1.6151,1.7569e-17,5.3701e-15,5.1748e-15,3.5889e-14,2.8454e-15,4.4871e-15,1.2758e-12,3.1667e-15
1.6301,1.6353e-17,4.9961e-15,4.8187e-15,2.9344e-14,2.6778e-15,4.2784e-15,1.216e-12,3.0195e-15
1.6452,1.5207e-17,4.6438e-15,4.4828e-15,2.4407e-14,2.5173e-15,4.075e-15,1.1578e-12,2.876e-15
1.6604,1.4134e-17,4.3143e-15,4.1681e-15,2.0576e-14,2.3646e-15,3.8789e-15,1.1019e-12,2.7376e-15
1.6758,1.3182e-17,4.0222e-15,3.889e-15,1.7601e-14,2.2286e-15,3.7046e-15,1.0522e-12,2.6147e-15
1.6913,1.2233e-17,3.731e-15,3.6103e-15,1.5117e-14,2.0894e-15,3.5198e-15,9.9963e-13,2.4844e-15
1.707,1.14e-17,3.4758e-15,3.366e-15,1.3138e-14,1.9669e-15,3.3583e-15,9.5372e-13,2.3704e-15
1.7228,1.062e-17,3.2366e-15,3.1366e-15,1.1485e-14,1.8504e-15,3.2022e-15,9.0944e-13,2.2603e-15
1.7388,9.8792e-18,3.0098e-15,2.9189e-15,1.0081e-14,1.7382e-15,3.049e-15,8.6599e-13,2.1522e-15
1.7549,9.188e-18,2.7982e-15,2.7156e-15,8.8874e-15,1.632e-15,2.902e-15,8.2436e-13,2.0485e-15
1.7711,8.5402e-18,2.5999e-15,2.525e-15,7.8627e-15,1.5312e-15,2.7602e-15,7.8423e-13,1.9485e-15
1.7875,7.9671e-18,2.4247e-15,2.3563e-15,7.0067e-15,1.4416e-15,2.6346e-15,7.4876e-13,1.8599e-15
1.8041,7.3964e-18,2.2502e-15,2.1882e-15,6.2331e-15,1.3505e-15,2.5023e-15,7.1138e-13,1.7666e-15
1.8208,6.8928e-18,2.0963e-15,2.0398e-15,5.5819e-15,1.2697e-15,2.3855e-15,6.7842e-13,1.6842e-15
1.8377,6.4198e-18,1.9519e-15,1.9004e-15,5.0084e-15,1.1929e-15,2.2726e-15,6.4658e-13,1.6045e-15
1.8547,5.981e-18,1.8179e-15,1.771e-15,4.5055e-15,1.1209e-15,2.1655e-15,6.1639e-13,1.5289e-15
1.8719,5.6829e-18,1.7268e-15,1.6832e-15,4.142e-15,1.074e-15,2.1042e-15,5.9925e-13,1.4857e-15
1.8892,5.2129e-18,1.5835e-15,1.5444e-15,3.6831e-15,9.9329e-16,1.9738e-15,5.6242e-13,1.3937e-15
1.9067,4.8219e-18,1.4643e-15,1.429e-15,3.3081e-15,9.2623e-16,1.8668e-15,5.3226e-13,1.3182e-15
1.9244,4.4721e-18,1.3577e-15,1.3256e-15,2.9839e-15,8.6588e-16,1.7701e-15,5.0503e-13,1.25e-15
1.9422,4.1639e-18,1.2638e-15,1.2346e-15,2.7059e-15,8.1252e-16,1.6849e-15,4.8106e-13,1.1899e-15
1.9602,3.8757e-18,1.176e-15,1.1494e-15,2.4562e-15,7.6207e-16,1.6032e-15,4.5806e-13,1.1322e-15
1.9783,3.6056e-18,1.0937e-15,1.0695e-15,2.2311e-15,7.1431e-16,1.5245e-15,4.3592e-13,1.0766e-15
1.9966,3.3653e-18,1.0206e-15,9.9848e-16,2.0356e-15,6.7164e-16,1.4543e-15,4.1619e-13,1.0271e-15
2.0151,3.1269e-18,9.4802e-16,9.2795e-16,1.8509e-15,6.286e-16,1.381e-15,3.9556e-13,9.7538e-16
2.0338,2.9147e-18,8.8344e-16,8.6514e-16,1.6899e-15,5.9011e-16,1.3154e-15,3.7713e-13,9.2913e-16
2.0526,2.7152e-18,8.2276e-16,8.0608e-16,1.5434e-15,5.5357e-16,1.2521e-15,3.5934e-13,8.8447e-16
2.0716,2.5287e-18,7.6607e-16,7.5087e-16,1.4104e-15,5.191e-16,1.1915e-15,3.4229e-13,8.417e-16
2.0908,2.3527e-18,7.1258e-16,6.9874e-16,1.2887e-15,4.8623e-16,1.1326e-15,3.2572e-13,8.0014e-16
2.1102,2.1877e-18,6.6243e-16,6.4983e-16,1.1776e-15,4.5512e-16,1.0759e-15,3.0975e-13,7.6013e-16
2.1297,2.0401e-18,6.1759e-16,6.0609e-16,1.08e-15,4.2717e-16,1.025e-15,2.9541e-13,7.2415e-16
2.1495,1.8951e-18,5.7355e-16,5.6309e-16,9.8722e-16,3.9934e-16,9.7257e-16,2.8063e-13,6.8716e-16
2.1694,1.7658e-18,5.343e-16,5.2476e-16,9.0581e-16,3.7443e-16,9.2562e-16,2.6741e-13,6.5402e-16
2.1895,1.6436e-18,4.9718e-16,4.8849e-16,8.3068e-16,3.5065e-16,8.7992e-16,2.5453e-13,6.2177e-16
2.2098,1.5345e-18,4.6406e-16,4.5611e-16,7.6452e-16,3.2934e-16,8.3897e-16,2.43e-13,5.9286e-16
2.2302,1.4271e-18,4.3147e-16,4.2424e-16,7.013e-16,3.0811e-16,7.968e-16,2.311e-13,5.631e-16
2.2509,1.3307e-18,4.0222e-16,3.9562e-16,6.453e-16,2.8896e-16,7.5867e-16,2.2034e-13,5.3618e-16
2.2717,1.2403e-18,3.748e-16,3.6877e-16,5.9381e-16,2.7086e-16,7.2203e-16,2.1e-13,5.1031e-16
2.2928,1.155e-18,3.4894e-16,3.4344e-16,5.4618e-16,2.5364e-16,6.8651e-16,1.9996e-13,4.8524e-16
2.314,1.0751e-18,3.2468e-16,3.1968e-16,5.0232e-16,2.3737e-16,6.5235e-16,1.903e-13,4.6112e-16
2.3354,1.0007e-18,3.0213e-16,2.9757e-16,4.6219e-16,2.2213e-16,6.1989e-16,1.8111e-13,4.3821e-16
2.3571,9.333e-19,2.8168e-16,2.7751e-16,4.2623e-16,2.0824e-16,5.9012e-16,1.7269e-13,4.1719e-16
2.3789,8.7008e-19,2.6251e-16,2.587e-16,3.9306e-16,1.9512e-16,5.6153e-16,1.6459e-13,3.97e-16
2.4009,8.1057e-19,2.4446e-16,2.4099e-16,3.6233e-16,1.8267e-16,5.339e-16,1.5675e-13,3.7749e-16
2.4232,7.5481e-19,2.2754e-16,2.2438e-16,3.3395e-16,1.7093e-16,5.0737e-16,1.4922e-13,3.5876e-16
2.4456,7.0455e-19,2.123e-16,2.094e-16,3.0862e-16,1.6029e-16,4.8326e-16,1.4238e-13,3.4173e-16
2.4683,6.5527e-19,1.9734e-16,1.947e-16,2.8424e-16,1.4976e-16,4.5858e-16,1.3535e-13,3.2431e-16
2.4911,6.1095e-19,1.8389e-16,1.8148e-16,2.6251e-16,1.4024e-16,4.362e-16,1.2898e-13,3.085e-16
2.5142,5.6934e-19,1.7125e-16,1.6905e-16,2.4236e-16,1.3124e-16,4.1465e-16,1.2284e-13,2.9328e-16
2.5375,5.3025e-19,1.5936e-16,1.5736e-16,2.2365e-16,1.2271e-16,3.9386e-16,1.169e-13,2.7859e-16
2.561,4.9499e-19,1.4863e-16,1.468e-16,2.069e-16,1.1499e-16,3.7492e-16,1.1151e-13,2.6522e-16
2.5847,4.6178e-19,1.3851e-16,1.3683e-16,1.9129e-16,1.0765e-16,3.5659e-16,1.0627e-13,2.5227e-16
2.6087,4.3053e-19,1.2896e-16,1.2744e-16,1.7675e-16,1.0069e-16,3.3885e-16,1.0119e-13,2.3974e-16
2.6328,4.012e-19,1.1998e-16,1.1859e-16,1.6323e-16,9.4099e-17,3.2173e-16,9.6279e-14,2.2765e-16
2.6572,3.7368e-19,1.1153e-16,1.1026e-16,1.5063e-16,8.7849e-17,3.0518e-16,9.1522e-14,2.1595e-16
2.6818,3.4877e-19,1.0383e-16,1.0268e-16,1.3926e-16,8.2142e-17,2.8993e-16,8.7142e-14,2.0518e-16
2.7067,3.2541e-19,9.6569e-17,9.5515e-17,1.2864e-16,7.6718e-17,2.7515e-16,8.2885e-14,1.9474e-16
2.7317,3.0332e-19,8.9638e-17,8.8679e-17,1.1862e-16,7.1508e-17,2.6061e-16,7.8684e-14,1.8446e-16
2.757,2.8266e-19,8.3066e-17,8.2195e-17,1.0922e-16,6.6536e-17,2.4641e-16,7.4571e-14,1.7443e-16
2.7826,2.639e-19,7.6977e-17,7.6186e-17,1.0059e-16,6.1905e-17,2.3298e-16,7.0676e-14,1.6494e-16
2.8083,2.4567e-19,7.0906e-17,7.0192e-17,9.2092e-17,5.7248e-17,2.1895e-16,6.6583e-14,1.5502e-16
2.8343,2.2908e-19,6.5159e-17,6.4515e-17,8.4129e-17,5.2811e-17,2.0527e-16,6.2578e-14,1.4535e-16
2.8606,2.1411e-19,5.967e-17,5.9092e-17,7.6601e-17,4.8546e-17,1.9177e-16,5.8612e-14,1.358e-16
2.8871,1.9953e-19,5.4009e-17,5.3496e-17,6.8947e-17,4.4104e-17,1.7707e-16,5.426e-14,1.2541e-16
2.9138,1.8626e-19,4.8518e-17,4.8066e-17,6.1601e-17,3.9765e-17,1.6227e-16,4.9855e-14,1.1493e-16
2.9408,1.7376e-19,4.3301e-17,4.2906e-17,5.4686e-17,3.5617e-17,1.4773e-16,4.551e-14,1.0465e-16
2.9681,1.6206e-19,3.893e-17,3.8582e-17,4.8913e-17,3.2135e-17,1.3548e-16,4.1851e-14,9.5979e-17
2.9955,1.5136e-19,3.5973e-17,3.5658e-17,4.4972e-17,2.9798e-17,1.277e-16,3.9557e-14,9.0474e-17
3.0233,1.4098e-19,3.4103e-17,3.3809e-17,4.2426e-17,2.8344e-17,1.2347e-16,3.8358e-14,8.7492e-17
3.0513,1.3159e-19,3.2973e-17,3.2695e-17,4.0825e-17,2.7497e-17,1.2176e-16,3.7937e-14,8.629e-17
3.0796,1.2302e-19,3.198e-17,3.1716e-17,3.9412e-17,2.6757e-17,1.2045e-16,3.764e-14,8.5369e-17
3.1081,1.1466e-19,3.0707e-17,3.0458e-17,3.7672e-17,2.5775e-17,1.1796e-16,3.6971e-14,8.361e-17
3.1369,1.0712e-19,2.9362e-17,2.9129e-17,3.5864e-17,2.4724e-17,1.1503e-16,3.6166e-14,8.1547e-17
3.1659,9.9952e-20,2.7874e-17,2.7657e-17,3.39e-17,2.3544e-17,1.1137e-16,3.5123e-14,7.8958e-17
3.1952,9.3233e-20,2.6336e-17,2.6135e-17,3.1896e-17,2.2314e-17,1.0731e-16,3.3952e-14,7.6089e-17
3.2248,8.7128e-20,2.4858e-17,2.4672e-17,2.9983e-17,2.1125e-17,1.0329e-16,3.2786e-14,7.3248e-17
3.2547,8.1371e-20,2.3393e-17,2.3222e-17,2.8104e-17,1.9939e-17,9.9121e-17,3.1568e-14,7.0302e-17
3.2849,7.5952e-20,2.1965e-17,2.1807e-17,2.6286e-17,1.8776e-17,9.4904e-17,3.0328e-14,6.732e-17
3.3153,7.0855e-20,2.0587e-17,2.0441e-17,2.4543e-17,1.7648e-17,9.0701e-17,2.9085e-14,6.4347e-17
3.346,6.621e-20,1.9312e-17,1.9178e-17,2.2938e-17,1.6601e-17,8.6759e-17,2.7918e-14,6.1559e-17
3.377,6.1842e-20,1.8095e-17,1.7972e-17,2.1415e-17,1.5598e-17,8.2888e-17,2.6768e-14,5.882e-17
3.4083,5.773e-20,1.6936e-17,1.6823e-17,1.9972e-17,1.4638e-17,7.9098e-17,2.5637e-14,5.6138e-17
3.4398,5.3972e-20,1.5869e-17,1.5765e-17,1.865e-17,1.3752e-17,7.5568e-17,2.4584e-14,5.364e-17
3.4717,5.0427e-20,1.4854e-17,1.4759e-17,1.7399e-17,1.2906e-17,7.2121e-17,2.3551e-14,5.1201e-17
3.5038,4.71e-20,1.3896e-17,1.3809e-17,1.6223e-17,1.2105e-17,6.8788e-17,2.2549e-14,4.8842e-17
3.5363,4.3959e-20,1.2987e-17,1.2907e-17,1.5113e-17,1.1341e-17,6.5542e-17,2.157e-14,4.6544e-17
3.569,4.1102e-20,1.2158e-17,1.2084e-17,1.4104e-17,1.0643e-17,6.2554e-17,2.0669e-14,4.4429e-17
3.6021,3.8399e-20,1.137e-17,1.1303e-17,1.315e-17,9.9779e-18,5.9642e-17,1.9786e-14,4.2367e-17
3.6355,3.5866e-20,1.063e-17,1.0568e-17,1.2258e-17,9.3505e-18,5.6843e-17,1.8936e-14,4.0386e-17
3.6691,3.354e-20,9.9493e-18,9.8925e-18,1.1439e-17,8.7723e-18,5.4238e-17,1.8144e-14,3.854e-17
3.7031,3.1353e-20,9.3076e-18,9.2555e-18,1.0671e-17,8.2253e-18,5.1725e-17,1.7378e-14,3.6761e-17
3.7374,2.9289e-20,8.7007e-18,8.6529e-18,9.9475e-18,7.7063e-18,4.9289e-17,1.6632e-14,3.5036e-17
3.772,2.7401e-20,8.1453e-18,8.1014e-18,9.2872e-18,7.2304e-18,4.7037e-17,1.5943e-14,3.344e-17
3.807,2.5626e-20,7.6221e-18,7.5818e-18,8.6675e-18,6.7806e-18,4.4867e-17,1.5277e-14,3.1903e-17
3.8422,2.3946e-20,7.1262e-18,7.0893e-18,8.0826e-18,6.353e-18,4.2759e-17,1.4626e-14,3.0409e-17
3.8778,2.2405e-20,6.6713e-18,6.6373e-18,7.5474e-18,5.9599e-18,4.0802e-17,1.4022e-14,2.9023e-17
3.9137,2.0959e-20,6.2439e-18,6.2128e-18,7.0464e-18,5.5896e-18,3.8925e-17,1.3441e-14,2.7693e-17
3.95,1.9601e-20,5.8419e-18,5.8133e-18,6.5768e-18,5.2403e-18,3.7121e-17,1.2881e-14,2.6414e-17
3.9866,1.8346e-20,5.4707e-18,5.4444e-18,6.1442e-18,4.9171e-18,3.5431e-17,1.2356e-14,2.5216e-17
4.0235,1.7169e-20,5.1221e-18,5.0979e-18,5.7393e-18,4.6127e-18,3.3811e-17,1.185e-14,2.4068e-17
4.0608,1.6052e-20,4.7908e-18,4.7687e-18,5.3559e-18,4.3226e-18,3.2232e-17,1.1355e-14,2.2948e-17
4.0984,1.5007e-20,4.4809e-18,4.4606e-18,4.9984e-18,4.0506e-18,3.0725e-17,1.0881e-14,2.188e-17
4.1363,1.404e-20,4.1942e-18,4.1755e-18,4.6684e-18,3.7984e-18,2.9311e-17,1.0436e-14,2.0877e-17
4.1747,1.3158e-20,3.9324e-18,3.9153e-18,4.3677e-18,3.5678e-18,2.8008e-17,1.0026e-14,1.9953e-17
4.2133,1.2305e-20,3.6793e-18,3.6635e-18,4.0781e-18,3.3441e-18,2.6707e-17,9.6131e-15,1.903e-17
4.2523,1.1517e-20,3.4453e-18,3.4308e-18,3.8109e-18,3.1369e-18,2.5486e-17,9.2256e-15,1.8164e-17
4.2917,1.08e-20,3.2324e-18,3.2191e-18,3.5684e-18,2.9482e-18,2.4369e-17,8.8716e-15,1.7372e-17
4.3315,1.0099e-20,3.024e-18,3.0118e-18,3.3318e-18,2.7627e-18,2.3233e-17,8.5075e-15,1.6565e-17
4.3716,9.4713e-21,2.8377e-18,2.8264e-18,3.1206e-18,2.5968e-18,2.2217e-17,8.1841e-15,1.5845e-17
4.4121,8.8656e-21,2.6577e-18,2.6474e-18,2.9173e-18,2.4361e-18,2.1205e-17,7.8585e-15,1.5126e-17
4.453,8.3085e-21,2.4922e-18,2.4827e-18,2.7306e-18,2.288e-18,2.0263e-17,7.5558e-15,1.4458e-17
4.4942,7.7826e-21,2.336e-18,2.3272e-18,2.5548e-18,2.148e-18,1.9354e-17,7.2622e-15,1.3812e-17
4.5358,7.2978e-21,2.192e-18,2.1839e-18,2.3931e-18,2.0186e-18,1.8506e-17,6.9885e-15,1.321e-17
4.5778,6.8416e-21,2.0564e-18,2.049e-18,2.2413e-18,1.8967e-18,1.7691e-17,6.7245e-15,1.2632e-17
4.6202,6.4107e-21,1.9284e-18,1.9216e-18,2.0983e-18,1.7813e-18,1.6905e-17,6.4682e-15,1.2073e-17
4.663,6.0136e-21,1.8105e-18,1.8042e-18,1.9668e-18,1.6748e-18,1.6172e-17,6.2296e-15,1.1553e-17
4.7062,5.6393e-21,1.6993e-18,1.6936e-18,1.843e-18,1.5742e-18,1.5466e-17,5.9989e-15,1.1052e-17
4.7498,5.2936e-21,1.5967e-18,1.5914e-18,1.729e-18,1.4812e-18,1.4807e-17,5.7836e-15,1.0584e-17
4.7938,4.9678e-21,1.5e-18,1.4951e-18,1.6218e-18,1.3934e-18,1.4173e-17,5.5756e-15,1.0133e-17
4.8382,4.6612e-21,1.409e-18,1.4045e-18,1.5211e-18,1.3107e-18,1.3565e-17,5.3752e-15,9.701e-18
4.883,4.3776e-21,1.3249e-18,1.3207e-18,1.4282e-18,1.2341e-18,1.2996e-17,5.1878e-15,9.2965e-18
4.9282,4.1095e-21,1.2453e-18,1.2415e-18,1.3405e-18,1.1615e-18,1.2446e-17,5.0058e-15,8.9057e-18
4.9739,3.8628e-21,1.1722e-18,1.1686e-18,1.26e-18,1.0947e-18,1.1936e-17,4.8375e-15,8.5431e-18
5.02,3.6296e-21,1.1031e-18,1.0998e-18,1.184e-18,1.0314e-18,1.1444e-17,4.6743e-15,8.1931e-18
5.0665,3.4097e-21,1.0379e-18,1.0349e-18,1.1126e-18,9.717e-19,1.097e-17,4.5168e-15,7.8567e-18
5.1134,3.2072e-21,9.7795e-19,9.7513e-19,1.0469e-18,9.1667e-19,1.0531e-17,4.3711e-15,7.5443e-18
5.1607,3.0192e-21,9.2227e-19,9.1967e-19,9.8603e-19,8.6552e-19,1.0118e-17,4.2345e-15,7.2507e-18
5.2085,2.8421e-21,8.6989e-19,8.6748e-19,9.2885e-19,8.1732e-19,9.7226e-18,4.1033e-15,6.9695e-18
5.2568,2.6745e-21,8.2032e-19,8.1809e-19,8.7482e-19,7.7164e-19,9.3406e-18,3.9759e-15,6.6978e-18
5.3055,2.5176e-21,7.7396e-19,7.7189e-19,8.2437e-19,7.2885e-19,8.9779e-18,3.855e-15,6.4398e-18
5.3546,2.3744e-21,7.3166e-19,7.2974e-19,7.7838e-19,6.8978e-19,8.6462e-18,3.7457e-15,6.2039e-18
5.4042,2.2371e-21,6.911e-19,6.8933e-19,7.3437e-19,6.5226e-19,8.3199e-18,3.637e-15,5.9718e-18
5.4543,2.1093e-21,6.5342e-19,6.5178e-19,6.9353e-19,6.1735e-19,8.0134e-18,3.5355e-15,5.7538e-18
5.5048,1.9917e-21,6.1874e-19,6.1721e-19,6.5598e-19,5.852e-19,7.7298e-18,3.4426e-15,5.5521e-18
5.5558,1.88e-21,5.8583e-19,5.8441e-19,6.204e-19,5.5464e-19,7.4554e-18,3.3523e-15,5.3569e-18
5.6072,1.7753e-21,5.5501e-19,5.5369e-19,5.8713e-19,5.26e-19,7.1949e-18,3.2669e-15,5.1716e-18
5.6592,1.6787e-21,5.2656e-19,5.2533e-19,5.5644e-19,4.9953e-19,6.9534e-18,3.1888e-15,4.9998e-18
5.7116,1.5888e-21,5.0012e-19,4.9898e-19,5.2796e-19,4.7492e-19,6.7274e-18,3.1166e-15,4.8391e-18
5.7645,1.5017e-21,4.7453e-19,4.7346e-19,5.0043e-19,4.5105e-19,6.502e-18,3.0435e-15,4.6788e-18
5.8179,1.4236e-21,4.5158e-19,4.5059e-19,4.7576e-19,4.2964e-19,6.3027e-18,2.9815e-15,4.5371e-18
5.8718,1.3489e-21,4.2965e-19,4.2872e-19,4.522e-19,4.0915e-19,6.1081e-18,2.9207e-15,4.3987e-18
5.9262,1.2785e-21,4.09e-19,4.0813e-19,4.3005e-19,3.8984e-19,5.9225e-18,2.8633e-15,4.2668e-18
5.981,1.2136e-21,3.8996e-19,3.8914e-19,4.0965e-19,3.7202e-19,5.7516e-18,2.8121e-15,4.1453e-18
6.0364,1.1523e-21,3.7198e-19,3.7122e-19,3.9041e-19,3.5518e-19,5.5883e-18,2.7639e-15,4.0293e-18
6.0923,1.0954e-21,3.5531e-19,3.5459e-19,3.7257e-19,3.3955e-19,5.4367e-18,2.7207e-15,3.9217e-18
6.1488,1.0424e-21,3.3978e-19,3.3911e-19,3.5597e-19,3.2499e-19,5.2954e-18,2.6821e-15,3.8214e-18
6.2057,9.9241e-22,3.2514e-19,3.2451e-19,3.4034e-19,3.1124e-19,5.161e-18,2.6466e-15,3.726e-18
6.2632,9.4517e-22,3.1131e-19,3.1071e-19,3.2558e-19,2.9824e-19,5.0328e-18,2.6138e-15,3.6351e-18
6.3212,9.0127e-22,2.9845e-19,2.9789e-19,3.1187e-19,2.8615e-19,4.914e-18,2.5856e-15,3.5509e-18
6.3798,8.6044e-22,2.8648e-19,2.8595e-19,2.9912e-19,2.7489e-19,4.8041e-18,2.562e-15,3.4731e-18
6.4389,8.218e-22,2.7516e-19,2.7466e-19,2.8707e-19,2.6423e-19,4.6994e-18,2.5411e-15,3.399e-18
6.4985,7.853e-22,2.6447e-19,2.64e-19,2.7571e-19,2.5416e-19,4.6001e-18,2.5235e-15,3.3288e-18
6.5587,7.5188e-22,2.5466e-19,2.5422e-19,2.6528e-19,2.4492e-19,4.5111e-18,2.5119e-15,3.2659e-18
6.6194,7.1964e-22,2.4522e-19,2.448e-19,2.5525e-19,2.3601e-19,4.4237e-18,2.502e-15,3.2043e-18
6.6807,6.9014e-22,2.3656e-19,2.3616e-19,2.4605e-19,2.2783e-19,4.346e-18,2.4985e-15,3.1495e-18
6.7426,6.6208e-22,2.2833e-19,2.2795e-19,2.3732e-19,2.2006e-19,4.2718e-18,2.4986e-15,3.0974e-18
6.8051,6.3554e-22,2.2055e-19,2.2019e-19,2.2907e-19,2.1271e-19,4.202e-18,2.5031e-15,3.0483e-18
6.8681,6.1077e-22,2.1328e-19,2.1295e-19,2.2137e-19,2.0585e-19,4.1382e-18,2.5138e-15,3.0036e-18
6.9317,5.8756e-22,2.0648e-19,2.0616e-19,2.1416e-19,1.9941e-19,4.0796e-18,2.5312e-15,2.9627e-18
6.9959,5.6554e-22,2.0004e-19,1.9974e-19,2.0734e-19,1.9332e-19,4.0247e-18,2.5554e-15,2.9244e-18
7.0607,5.4494e-22,1.9402e-19,1.9373e-19,2.0097e-19,1.8762e-19,3.975e-18,2.589e-15,2.8899e-18
7.1261,5.2523e-22,1.8829e-19,1.8801e-19,1.9491e-19,1.8219e-19,3.928e-18,2.6324e-15,2.8574e-18
7.1921,5.069e-22,1.8297e-19,1.8271e-19,1.8928e-19,1.7715e-19,3.8866e-18,2.6907e-15,2.829e-18
7.2587,4.8963e-22,1.7797e-19,1.7772e-19,1.84e-19,1.7242e-19,3.8494e-18,2.7669e-15,2.8036e-18
7.326,4.7313e-22,1.7323e-19,1.7299e-19,1.7899e-19,1.6793e-19,3.8149e-18,2.8659e-15,2.7802e-18
7.3938,4.5765e-22,1.6879e-19,1.6856e-19,1.7429e-19,1.6372e-19,3.7846e-18,2.9972e-15,2.7599e-18
7.4623,4.4283e-22,1.6453e-19,1.6431e-19,1.698e-19,1.5968e-19,3.756e-18,3.1707e-15,2.7409e-18
7.5314,4.2893e-22,1.6048e-19,1.6027e-19,1.6552e-19,1.5584e-19,3.7297e-18,3.4018e-15,2.7237e-18
7.6012,4.1583e-22,1.5652e-19,1.5632e-19,1.6135e-19,1.5207e-19,3.7033e-18,3.7018e-15,2.7064e-18
7.6716,4.035e-22,1.5251e-19,1.5232e-19,1.5713e-19,1.4826e-19,3.6733e-18,4.0554e-15,2.6867e-18
7.7426,3.9157e-22,1.4821e-19,1.4803e-19,1.5261e-19,1.4416e-19,3.6339e-18,4.3514e-15,2.6602e-18
7.8144,3.8021e-22,1.4356e-19,1.4338e-19,1.4774e-19,1.3971e-19,3.5828e-18,4.3409e-15,2.6253e-18
7.8867,3.6963e-22,1.3865e-19,1.3848e-19,1.4261e-19,1.35e-19,3.5224e-18,3.8952e-15,2.5836e-18
7.9598,3.5955e-22,1.3369e-19,1.3353e-19,1.3744e-19,1.3024e-19,3.4574e-18,3.2712e-15,2.5384e-18
8.0335,3.4989e-22,1.2897e-19,1.2883e-19,1.3253e-19,1.2571e-19,3.3959e-18,2.7418e-15,2.4955e-18
8.1079,3.4068e-22,1.2473e-19,1.2459e-19,1.281e-19,1.2164e-19,3.3439e-18,2.3715e-15,2.4593e-18
8.183,3.32e-22,1.2102e-19,1.2088e-19,1.2423e-19,1.1807e-19,3.3033e-18,2.1283e-15,2.4313e-18
8.2588,3.2373e-22,1.1774e-19,1.1761e-19,1.2081e-19,1.1492e-19,3.2723e-18,1.9695e-15,2.4102e-18
8.3353,3.1578e-22,1.1478e-19,1.1466e-19,1.1772e-19,1.1209e-19,3.248e-18,1.8633e-15,2.394e-18
8.4125,3.0826e-22,1.1209e-19,1.1197e-19,1.149e-19,1.0951e-19,3.2294e-18,1.7901e-15,2.3819e-18
8.4904,3.0121e-22,1.0962e-19,1.0951e-19,1.1233e-19,1.0715e-19,3.2156e-18,1.7378e-15,2.3734e-18
8.5691,2.9444e-22,1.0729e-19,1.0719e-19,1.0989e-19,1.0492e-19,3.2041e-18,1.6977e-15,2.3667e-18
8.6484,2.8804e-22,1.051e-19,1.05e-19,1.076e-19,1.0281e-19,3.1952e-18,1.6658e-15,2.3619e-18
8.7285,2.8206e-22,1.0304e-19,1.0294e-19,1.0544e-19,1.0084e-19,3.1889e-18,1.6392e-15,2.359e-18
8.8094,2.7635e-22,1.0106e-19,1.0097e-19,1.0338e-19,9.8947e-20,3.184e-18,1.6155e-15,2.3573e-18
8.891,2.7103e-22,9.9196e-20,9.9103e-20,1.0143e-19,9.7159e-20,3.1813e-18,1.5941e-15,2.3572e-18
8.9733,2.6596e-22,9.74e-20,9.731e-20,9.9553e-20,9.5438e-20,3.1797e-18,1.5736e-15,2.358e-18
9.0564,2.6128e-22,9.5709e-20,9.5623e-20,9.7787e-20,9.3818e-20,3.1804e-18,1.5541e-15,2.3606e-18
9.1403,2.5689e-22,9.4096e-20,9.4013e-20,9.6102e-20,9.2272e-20,3.1827e-18,1.5351e-15,2.3644e-18
9.225,2.5297e-22,9.2606e-20,9.2526e-20,9.4545e-20,9.0845e-20,3.1882e-18,1.517e-15,2.3707e-18
9.3104,2.4928e-22,9.1179e-20,9.1101e-20,9.3053e-20,8.9477e-20,3.195e-18,1.4989e-15,2.3779e-18
9.3966,2.4599e-22,8.9856e-20,8.9781e-20,9.1671e-20,8.8211e-20,3.2047e-18,1.4813e-15,2.3874e-18
9.4837,2.4311e-22,8.8642e-20,8.857e-20,9.0401e-20,8.7051e-20,3.2177e-18,1.4645e-15,2.3994e-18
9.5715,2.4069e-22,8.7547e-20,8.7477e-20,8.9253e-20,8.6006e-20,3.2344e-18,1.4486e-15,2.4142e-18
9.6602,2.3859e-22,8.6539e-20,8.6471e-20,8.8195e-20,8.5045e-20,3.2538e-18,1.4332e-15,2.4312e-18
9.7496,2.3705e-22,8.568e-20,8.5613e-20,8.729e-20,8.4228e-20,3.2786e-18,1.4193e-15,2.4522e-18
9.84,2.3603e-22,8.4958e-20,8.4893e-20,8.6526e-20,8.3546e-20,3.3085e-18,1.4068e-15,2.4772e-18
9.9311,2.3554e-22,8.438e-20,8.4317e-20,8.591e-20,8.3005e-20,3.344e-18,1.3959e-15,2.5065e-18
10.023,2.3571e-22,8.3979e-20,8.3917e-20,8.5475e-20,8.2637e-20,3.3869e-18,1.3873e-15,2.5413e-18
10.116,2.3651e-22,8.3752e-20,8.3691e-20,8.5217e-20,8.2439e-20,3.4372e-18,1.3808e-15,2.582e-18
10.21,2.3832e-22,8.3797e-20,8.3738e-20,8.5237e-20,8.2509e-20,3.4996e-18,1.3782e-15,2.6318e-18
10.304,2.411e-22,8.4108e-20,8.405e-20,8.5528e-20,8.284e-20,3.5744e-18,1.3793e-15,2.6911e-18
10.4,2.4475e-22,8.4667e-20,8.4609e-20,8.6071e-20,8.3415e-20,3.6613e-18,1.3839e-15,2.7598e-18
10.496,2.496e-22,8.5565e-20,8.5507e-20,8.6959e-20,8.4324e-20,3.765e-18,1.3935e-15,2.8413e-18
10.593,2.5674e-22,8.7094e-20,8.7037e-20,8.8488e-20,8.5856e-20,3.8994e-18,1.4129e-15,2.9463e-18
10.691,2.6518e-22,8.9011e-20,8.8954e-20,9.0411e-20,8.777e-20,4.0549e-18,1.4378e-15,3.0676e-18
10.79,2.7596e-22,9.1606e-20,9.1548e-20,9.3021e-20,9.0354e-20,4.246e-18,1.4731e-15,3.2162e-18
10.89,2.8996e-22,9.513e-20,9.5071e-20,9.6574e-20,9.3855e-20,4.4862e-18,1.5225e-15,3.4025e-18
10.991,3.0797e-22,9.9833e-20,9.9772e-20,1.0132e-19,9.8522e-20,4.79e-18,1.5898e-15,3.6376e-18
11.093,3.3143e-22,1.0614e-19,1.0608e-19,1.077e-19,1.0477e-19,5.1811e-18,1.6816e-15,3.9399e-18
11.196,3.5938e-22,1.1382e-19,1.1375e-19,1.1546e-19,1.1238e-19,5.6525e-18,1.7937e-15,4.3041e-18
11.299,4.0013e-22,1.2528e-19,1.252e-19,1.2705e-19,1.2373e-19,6.3294e-18,1.9635e-15,4.8261e-18
11.404,4.581e-22,1.4187e-19,1.4179e-19,1.4385e-19,1.4015e-19,7.2919e-18,2.2113e-15,5.5679e-18
11.51,5.3381e-22,1.6385e-19,1.6376e-19,1.6609e-19,1.619e-19,8.5669e-18,2.5393e-15,6.5507e-18
11.616,6.5079e-22,1.9819e-19,1.9809e-19,2.0086e-19,1.9588e-19,1.0542e-17,3.054e-15,8.0723e-18
11.724,8.7509e-22,2.6469e-19,2.6455e-19,2.6818e-19,2.6166e-19,1.4321e-17,4.0548e-15,1.0982e-17
11.832,1.31e-21,3.9445e-19,3.9424e-19,3.9957e-19,3.9003e-19,2.1709e-17,6.0071e-15,1.6673e-17
11.942,3.3035e-21,9.9182e-19,9.9131e-19,1.0045e-18,9.8093e-19,5.5523e-17,1.5015e-14,4.2708e-17
12.053,4.0149e-20,1.2048e-17,1.2042e-17,1.2199e-17,1.1918e-17,6.8602e-16,1.8131e-13,5.285e-16
12.164,2.2228e-21,6.6772e-19,6.6739e-19,6.7594e-19,6.6068e-19,3.8672e-17,9.9885e-15,2.9839e-17
12.277,1.1816e-21,3.5585e-19,3.5568e-19,3.6016e-19,3.5218e-19,2.0962e-17,5.2914e-15,1.62e-17
12.391,7.6997e-22,2.3295e-19,2.3283e-19,2.3572e-19,2.3059e-19,1.3956e-17,3.4431e-15,1.0803e-17
12.505,5.855e-22,1.7809e-19,1.7801e-19,1.8018e-19,1.7632e-19,1.0851e-17,2.6166e-15,8.4138e-18
12.621,4.6131e-22,1.4135e-19,1.4129e-19,1.4298e-19,1.3998e-19,8.7593e-18,2.0644e-15,6.8031e-18
12.738,3.8612e-22,1.1922e-19,1.1917e-19,1.2057e-19,1.1808e-19,7.5131e-18,1.7308e-15,5.8452e-18
12.856,3.317e-22,1.0328e-19,1.0324e-19,1.0443e-19,1.0232e-19,6.6191e-18,1.4906e-15,5.1586e-18
12.975,2.9048e-22,9.1269e-20,9.1229e-20,9.2266e-20,9.0434e-20,5.9481e-18,1.3095e-15,4.6438e-18
13.095,2.5826e-22,8.1925e-20,8.189e-20,8.2804e-20,8.119e-20,5.4292e-18,1.1685e-15,4.2464e-18
13.217,2.3235e-22,7.4439e-20,7.4407e-20,7.5224e-20,7.3785e-20,5.0162e-18,1.0556e-15,3.9305e-18
13.339,2.112e-22,6.8351e-20,6.8323e-20,6.906e-20,6.7763e-20,4.6835e-18,9.6368e-16,3.6766e-18
13.463,1.9356e-22,6.3284e-20,6.3258e-20,6.3929e-20,6.275e-20,4.409e-18,8.8713e-16,3.4677e-18
13.587,1.7965e-22,5.9283e-20,5.926e-20,5.9878e-20,5.8794e-20,4.1995e-18,8.2635e-16,3.3092e-18
13.713,1.668e-22,5.5599e-20,5.5577e-20,5.6147e-20,5.5149e-20,4.0043e-18,7.7064e-16,3.1616e-18
13.84,1.5625e-22,5.2564e-20,5.2544e-20,5.3074e-20,5.2148e-20,3.8489e-18,7.2455e-16,3.045e-18
13.968,1.4708e-22,4.992e-20,4.9901e-20,5.0396e-20,4.9533e-20,3.7162e-18,6.8432e-16,2.9458e-18
14.098,1.3881e-22,4.7532e-20,4.7514e-20,4.7977e-20,4.717e-20,3.5971e-18,6.4804e-16,2.8573e-18
14.228,1.3137e-22,4.5376e-20,4.5359e-20,4.5794e-20,4.5038e-20,3.4909e-18,6.1533e-16,2.7788e-18
14.36,1.2467e-22,4.3429e-20,4.3414e-20,4.3823e-20,4.3113e-20,3.3964e-18,5.8581e-16,2.7093e-18
14.493,1.1856e-22,4.1646e-20,4.1632e-20,4.2018e-20,4.1349e-20,3.3108e-18,5.5882e-16,2.6466e-18
14.627,1.1339e-22,4.0115e-20,4.0101e-20,4.0467e-20,3.9835e-20,3.2415e-18,5.3549e-16,2.5969e-18
14.763,1.0829e-22,3.8614e-20,3.8601e-20,3.8947e-20,3.835e-20,3.1715e-18,5.1283e-16,2.5465e-18
14.9,1.038e-22,3.7274e-20,3.7262e-20,3.759e-20,3.7025e-20,3.1117e-18,4.9255e-16,2.5041e-18
15.038,9.9705e-23,3.604e-20,3.6029e-20,3.6341e-20,3.5804e-20,3.0579e-18,4.7388e-16,2.4665e-18
15.177,9.5843e-23,3.4873e-20,3.4862e-20,3.5159e-20,3.4649e-20,3.0071e-18,4.5629e-16,2.4312e-18
15.317,9.2226e-23,3.3773e-20,3.3762e-20,3.4045e-20,3.3561e-20,2.9597e-18,4.3977e-16,2.3985e-18
15.459,8.882e-23,3.2731e-20,3.2721e-20,3.2991e-20,3.253e-20,2.915e-18,4.2419e-16,2.3679e-18
15.602,8.5618e-23,3.1746e-20,3.1736e-20,3.1994e-20,3.1555e-20,2.873e-18,4.0951e-16,2.3396e-18
15.747,8.2789e-23,3.0857e-20,3.0848e-20,3.1094e-20,3.0675e-20,2.8377e-18,3.9622e-16,2.3165e-18
15.893,7.9914e-23,2.9963e-20,2.9954e-20,3.0189e-20,2.979e-20,2.7999e-18,3.83e-16,2.2914e-18
16.04,7.7346e-23,2.9147e-20,2.9139e-20,2.9364e-20,2.8983e-20,2.7675e-18,3.7093e-16,2.2707e-18
16.189,7.4903e-23,2.8367e-20,2.8359e-20,2.8574e-20,2.821e-20,2.7365e-18,3.5942e-16,2.2512e-18
16.339,7.2567e-23,2.7616e-20,2.7608e-20,2.7815e-20,2.7467e-20,2.7067e-18,3.4842e-16,2.2325e-18
16.49,7.033e-23,2.6894e-20,2.6886e-20,2.7084e-20,2.6752e-20,2.678e-18,3.3789e-16,2.2148e-18
16.643,6.8189e-23,2.6199e-20,2.6192e-20,2.6381e-20,2.6063e-20,2.6502e-18,3.278e-16,2.1978e-18
16.797,6.6256e-23,2.5557e-20,2.555e-20,2.5732e-20,2.5427e-20,2.6263e-18,3.1848e-16,2.184e-18
16.952,6.4283e-23,2.4909e-20,2.4903e-20,2.5078e-20,2.4786e-20,2.6003e-18,3.0919e-16,2.1684e-18
17.109,6.2491e-23,2.4308e-20,2.4302e-20,2.447e-20,2.4191e-20,2.5776e-18,3.0057e-16,2.1556e-18
17.268,6.0761e-23,2.3726e-20,2.372e-20,2.3881e-20,2.3614e-20,2.5553e-18,2.9226e-16,2.1432e-18
17.428,5.9094e-23,2.3161e-20,2.3156e-20,2.3311e-20,2.3054e-20,2.5337e-18,2.8426e-16,2.1313e-18
17.589,5.7473e-23,2.2611e-20,2.2606e-20,2.2755e-20,2.2509e-20,2.5122e-18,2.7651e-16,2.1195e-18
17.752,5.5921e-23,2.2081e-20,2.2076e-20,2.2219e-20,2.1983e-20,2.4915e-18,2.6908e-16,2.1084e-18
17.917,5.4493e-23,2.1582e-20,2.1577e-20,2.1715e-20,2.1489e-20,2.4731e-18,2.621e-16,2.0993e-18
18.082,5.3028e-23,2.1079e-20,2.1074e-20,2.1206e-20,2.099e-20,2.4528e-18,2.5513e-16,2.0886e-18
18.25,5.1692e-23,2.0608e-20,2.0603e-20,2.0731e-20,2.0523e-20,2.435e-18,2.4863e-16,2.08e-18
18.419,5.0393e-23,2.0149e-20,2.0145e-20,2.0267e-20,2.0068e-20,2.4174e-18,2.4232e-16,2.0717e-18
18.59,4.9133e-23,1.9702e-20,1.9698e-20,1.9816e-20,1.9624e-20,2.4001e-18,2.3622e-16,2.0635e-18
18.762,4.7903e-23,1.9265e-20,1.9261e-20,1.9374e-20,1.9191e-20,2.3827e-18,2.3029e-16,2.0554e-18
18.936,4.6777e-23,1.8854e-20,1.885e-20,1.896e-20,1.8783e-20,2.3675e-18,2.2474e-16,2.0491e-18
19.111,4.5617e-23,1.8439e-20,1.8435e-20,1.8541e-20,1.8371e-20,2.3505e-18,2.1918e-16,2.0413e-18
19.288,4.4559e-23,1.805e-20,1.8046e-20,1.8148e-20,1.7985e-20,2.3357e-18,2.1398e-16,2.0355e-18
19.467,4.3521e-23,1.7668e-20,1.7664e-20,1.7762e-20,1.7606e-20,2.3207e-18,2.0891e-16,2.0296e-18
19.647,4.2503e-23,1.7293e-20,1.729e-20,1.7384e-20,1.7234e-20,2.3057e-18,2.0397e-16,2.0236e-18
19.829,4.1525e-23,1.693e-20,1.6927e-20,1.7018e-20,1.6874e-20,2.2911e-18,1.9921e-16,2.0181e-18
20.012,4.0571e-23,1.6575e-20,1.6572e-20,1.666e-20,1.6521e-20,2.2766e-18,1.9459e-16,2.0126e-18
20.198,3.9688e-23,1.6239e-20,1.6236e-20,1.632e-20,1.6187e-20,2.2635e-18,1.9022e-16,2.0085e-18
20.385,3.878e-23,1.5899e-20,1.5896e-20,1.5978e-20,1.585e-20,2.2491e-18,1.8586e-16,2.0032e-18
20.574,3.794e-23,1.5578e-20,1.5575e-20,1.5654e-20,1.553e-20,2.2361e-18,1.8173e-16,1.9992e-18
20.764,3.7133e-23,1.5266e-20,1.5263e-20,1.5339e-20,1.5221e-20,2.2235e-18,1.7776e-16,1.9957e-18
20.957,3.6377e-23,1.4967e-20,1.4965e-20,1.5039e-20,1.4924e-20,2.212e-18,1.7398e-16,1.9932e-18
21.151,3.5606e-23,1.4668e-20,1.4666e-20,1.4737e-20,1.4627e-20,2.1995e-18,1.7021e-16,1.9897e-18
21.347,3.4894e-23,1.4385e-20,1.4382e-20,1.4451e-20,1.4345e-20,2.1883e-18,1.6666e-16,1.9876e-18
21.544,3.4171e-23,1.4101e-20,1.4099e-20,1.4165e-20,1.4063e-20,2.1762e-18,1.6313e-16,1.9847e-18
21.744,3.3498e-23,1.383e-20,1.3828e-20,1.3892e-20,1.3794e-20,2.1652e-18,1.5978e-16,1.9829e-18
21.945,3.2878e-23,1.3574e-20,1.3572e-20,1.3634e-20,1.3539e-20,2.1555e-18,1.5662e-16,1.9823e-18
22.149,3.2252e-23,1.3318e-20,1.3316e-20,1.3376e-20,1.3285e-20,2.1452e-18,1.5349e-16,1.9812e-18
22.354,3.1641e-23,1.3068e-20,1.3066e-20,1.3124e-20,1.3036e-20,2.1349e-18,1.5045e-16,1.9802e-18
22.561,3.1082e-23,1.2831e-20,1.2829e-20,1.2886e-20,1.2801e-20,2.1259e-18,1.4759e-16,1.9805e-18
22.77,3.0538e-23,1.26e-20,1.2598e-20,1.2653e-20,1.2571e-20,2.1171e-18,1.4481e-16,1.981e-18
22.981,3.0019e-23,1.2376e-20,1.2374e-20,1.2427e-20,1.2349e-20,2.1087e-18,1.4214e-16,1.982e-18
23.193,2.9516e-23,1.2158e-20,1.2156e-20,1.2207e-20,1.2132e-20,2.1005e-18,1.3955e-16,1.9833e-18
23.408,2.907e-23,1.1954e-20,1.1953e-20,1.2002e-20,1.1929e-20,2.0941e-18,1.3714e-16,1.9863e-18
23.625,2.8629e-23,1.1754e-20,1.1752e-20,1.18e-20,1.1729e-20,2.0875e-18,1.3479e-16,1.9893e-18
23.844,2.8204e-23,1.1558e-20,1.1557e-20,1.1603e-20,1.1535e-20,2.0812e-18,1.3252e-16,1.9927e-18
24.065,2.7815e-23,1.1373e-20,1.1372e-20,1.1417e-20,1.1351e-20,2.076e-18,1.3038e-16,1.9972e-18
24.288,2.7468e-23,1.1199e-20,1.1198e-20,1.1242e-20,1.1178e-20,2.0722e-18,1.2838e-16,2.0032e-18
24.513,2.7142e-23,1.1032e-20,1.103e-20,1.1073e-20,1.1011e-20,2.069e-18,1.2647e-16,2.0099e-18
24.74,2.6847e-23,1.0873e-20,1.0872e-20,1.0913e-20,1.0853e-20,2.0669e-18,1.2467e-16,2.0178e-18
24.969,2.6588e-23,1.0724e-20,1.0723e-20,1.0763e-20,1.0706e-20,2.0661e-18,1.2301e-16,2.0272e-18
25.2,2.6367e-23,1.0586e-20,1.0584e-20,1.0624e-20,1.0568e-20,2.0668e-18,1.2147e-16,2.0382e-18
25.433,2.6184e-23,1.0458e-20,1.0457e-20,1.0495e-20,1.0441e-20,2.0691e-18,1.2008e-16,2.051e-18
25.669,2.6036e-23,1.034e-20,1.0338e-20,1.0376e-20,1.0323e-20,2.0729e-18,1.188e-16,2.0655e-18
25.907,2.5944e-23,1.0237e-20,1.0235e-20,1.0272e-20,1.0221e-20,2.0793e-18,1.1771e-16,2.0828e-18
26.147,2.5901e-23,1.0147e-20,1.0145e-20,1.0181e-20,1.0131e-20,2.0882e-18,1.1679e-16,2.1028e-18
26.389,2.5917e-23,1.0072e-20,1.0071e-20,1.0106e-20,1.0058e-20,2.1001e-18,1.1606e-16,2.1262e-18
26.633,2.5994e-23,1.0015e-20,1.0014e-20,1.0048e-20,1.0001e-20,2.1153e-18,1.1554e-16,2.1534e-18
26.88,2.6157e-23,9.9804e-21,9.9794e-21,1.0013e-20,9.9669e-21,2.1352e-18,1.1529e-16,2.1857e-18
27.129,2.6399e-23,9.9675e-21,9.9665e-21,9.9998e-21,9.9544e-21,2.1599e-18,1.1531e-16,2.2234e-18
27.38,2.6753e-23,9.9845e-21,9.9835e-21,1.0016e-20,9.9718e-21,2.1913e-18,1.1569e-16,2.2684e-18
27.634,2.7242e-23,1.0038e-20,1.0037e-20,1.007e-20,1.0026e-20,2.2312e-18,1.1652e-16,2.3229e-18
27.89,2.7871e-23,1.0131e-20,1.013e-20,1.0162e-20,1.0119e-20,2.2803e-18,1.1782e-16,2.3878e-18
28.148,2.8684e-23,1.0274e-20,1.0273e-20,1.0306e-20,1.0262e-20,2.3417e-18,1.1972e-16,2.4665e-18
28.409,2.9751e-23,1.0488e-20,1.0487e-20,1.052e-20,1.0477e-20,2.4205e-18,1.2249e-16,2.5645e-18
28.672,3.1152e-23,1.0797e-20,1.0796e-20,1.0829e-20,1.0785e-20,2.5227e-18,1.2638e-16,2.6888e-18
28.938,3.2914e-23,1.1209e-20,1.1208e-20,1.1242e-20,1.1198e-20,2.6515e-18,1.3153e-16,2.8432e-18
29.206,3.5261e-23,1.179e-20,1.1789e-20,1.1825e-20,1.1778e-20,2.8233e-18,1.3871e-16,3.0459e-18
29.476,3.8431e-23,1.2611e-20,1.261e-20,1.2647e-20,1.2598e-20,3.0567e-18,1.4877e-16,3.3182e-18
29.749,4.2867e-23,1.3803e-20,1.3802e-20,1.3842e-20,1.379e-20,3.3865e-18,1.6331e-16,3.6992e-18
30.025,4.9386e-23,1.5611e-20,1.561e-20,1.5656e-20,1.5597e-20,3.8765e-18,1.8528e-16,4.2613e-18
30.303,5.9155e-23,1.8392e-20,1.839e-20,1.8443e-20,1.8376e-20,4.6218e-18,2.1899e-16,5.113e-18
30.583,7.5974e-23,2.328e-20,2.3278e-20,2.3345e-20,2.3261e-20,5.9202e-18,2.7814e-16,6.5917e-18
30.867,1.0889e-22,3.2997e-20,3.2994e-20,3.3087e-20,3.297e-20,8.4907e-18,3.9564e-16,9.5156e-18
31.153,3.9147e-22,1.1753e-19,1.1752e-19,1.1785e-19,1.1744e-19,3.0601e-17,1.4146e-15,3.4521e-17
31.441,2.0603e-20,6.1813e-18,6.1808e-18,6.1978e-18,6.1768e-18,1.6282e-15,7.4687e-14,1.8491e-15
31.732,1.9458e-22,5.8541e-20,5.8537e-20,5.8695e-20,5.85e-20,1.56e-17,7.1024e-16,1.7835e-17
32.026,9.6866e-23,2.9379e-20,2.9377e-20,2.9456e-20,2.936e-20,7.9198e-18,3.5798e-16,9.1162e-18
32.323,6.2243e-23,1.9148e-20,1.9147e-20,1.9198e-20,1.9136e-20,5.2212e-18,2.3436e-16,6.0512e-18
32.622,4.5861e-23,1.4374e-20,1.4373e-20,1.4411e-20,1.4365e-20,3.9642e-18,1.7675e-16,4.6264e-18
32.924,3.6078e-23,1.1569e-20,1.1568e-20,1.1598e-20,1.1562e-20,3.2269e-18,1.4295e-16,3.7924e-18
33.229,2.9787e-23,9.7957e-21,9.7951e-21,9.8202e-21,9.7903e-21,2.763e-18,1.2165e-16,3.2703e-18
33.537,2.532e-23,8.5573e-21,8.5567e-21,8.5784e-21,8.5528e-21,2.4408e-18,1.0683e-16,2.9096e-18
33.848,2.1996e-23,7.6499e-21,7.6494e-21,7.6686e-21,7.6461e-21,2.2062e-18,9.6025e-17,2.649e-18
34.161,1.9447e-23,6.963e-21,6.9626e-21,6.9799e-21,6.9597e-21,2.0303e-18,8.79e-17,2.4557e-18
34.478,1.7501e-23,6.442e-21,6.4416e-21,6.4575e-21,6.4392e-21,1.899e-18,8.1802e-17,2.3138e-18
34.797,1.5922e-23,6.0214e-21,6.021e-21,6.0356e-21,6.0188e-21,1.7944e-18,7.6927e-17,2.2026e-18
35.119,1.4619e-23,5.6745e-21,5.6742e-21,5.6878e-21,5.6723e-21,1.7093e-18,7.2955e-17,2.114e-18
35.445,1.3541e-23,5.3862e-21,5.3859e-21,5.3987e-21,5.3842e-21,1.6399e-18,6.9702e-17,2.0436e-18
35.773,1.2652e-23,5.1454e-21,5.1451e-21,5.1572e-21,5.1436e-21,1.5832e-18,6.7037e-17,1.9883e-18
36.104,1.1885e-23,4.9352e-21,4.9349e-21,4.9465e-21,4.9336e-21,1.5347e-18,6.475e-17,1.9422e-18
36.439,1.1238e-23,4.7541e-21,4.7538e-21,4.7648e-21,4.7527e-21,1.4939e-18,6.2826e-17,1.9054e-18
36.776,1.0673e-23,4.5925e-21,4.5923e-21,4.6028e-21,4.5913e-21,1.4581e-18,6.1145e-17,1.8746e-18
37.117,1.0171e-23,4.4464e-21,4.4462e-21,4.4562e-21,4.4453e-21,1.4263e-18,5.9657e-17,1.8484e-18
37.461,9.723e-24,4.3132e-21,4.3129e-21,4.3226e-21,4.3122e-21,1.3978e-18,5.8331e-17,1.8261e-18
37.807,9.3318e-24,4.1929e-21,4.1927e-21,4.202e-21,4.192e-21,1.3727e-18,5.7171e-17,1.8079e-18
38.158,8.9775e-24,4.0814e-21,4.0812e-21,4.0902e-21,4.0806e-21,1.3496e-18,5.6121e-17,1.7923e-18
38.511,8.6534e-24,3.9771e-21,3.9769e-21,3.9856e-21,3.9765e-21,1.3283e-18,5.5165e-17,1.7787e-18
38.868,8.3642e-24,3.8808e-21,3.8806e-21,3.889e-21,3.8802e-21,1.3091e-18,5.4312e-17,1.7677e-18
39.228,8.0972e-24,3.7899e-21,3.7897e-21,3.7978e-21,3.7894e-21,1.291e-18,5.3529e-17,1.7581e-18
39.591,7.8506e-24,3.7038e-21,3.7037e-21,3.7115e-21,3.7034e-21,1.274e-18,5.2811e-17,1.7499e-18
39.958,7.6261e-24,3.623e-21,3.6228e-21,3.6304e-21,3.6227e-21,1.2583e-18,5.2162e-17,1.7433e-18
40.328,7.4149e-24,3.5455e-21,3.5454e-21,3.5527e-21,3.5453e-21,1.2432e-18,5.1559e-17,1.7375e-18
40.701,7.2175e-24,3.4716e-21,3.4715e-21,3.4786e-21,3.4714e-21,1.2289e-18,5.1003e-17,1.7327e-18
41.078,7.0355e-24,3.4014e-21,3.4012e-21,3.4082e-21,3.4013e-21,1.2154e-18,5.0499e-17,1.729e-18
41.459,6.8636e-24,3.3339e-21,3.3338e-21,3.3405e-21,3.3339e-21,1.2024e-18,5.0032e-17,1.726e-18
41.843,6.7e-24,3.2687e-21,3.2686e-21,3.2751e-21,3.2688e-21,1.1898e-18,4.9598e-17,1.7235e-18
42.23,6.5478e-24,3.2065e-21,3.2064e-21,3.2127e-21,3.2066e-21,1.1779e-18,4.9206e-17,1.722e-18
42.622,6.4034e-24,3.1464e-21,3.1463e-21,3.1525e-21,3.1466e-21,1.1663e-18,4.8846e-17,1.721e-18
43.016,6.2678e-24,3.0887e-21,3.0886e-21,3.0946e-21,3.0889e-21,1.1553e-18,4.852e-17,1.7207e-18
43.415,6.1352e-24,3.0324e-21,3.0322e-21,3.0381e-21,3.0326e-21,1.1443e-18,4.8213e-17,1.7205e-18
43.817,6.0134e-24,2.9787e-21,2.9785e-21,2.9842e-21,2.9789e-21,1.134e-18,4.7948e-17,1.7213e-18
44.223,5.8931e-24,2.926e-21,2.9259e-21,2.9314e-21,2.9263e-21,1.1237e-18,4.7697e-17,1.7222e-18
44.632,5.7809e-24,2.8754e-21,2.8753e-21,2.8807e-21,2.8758e-21,1.1138e-18,4.748e-17,1.7238e-18
45.046,5.6744e-24,2.8266e-21,2.8265e-21,2.8318e-21,2.827e-21,1.1043e-18,4.7291e-17,1.726e-18
45.463,5.5682e-24,2.7786e-21,2.7785e-21,2.7836e-21,2.779e-21,1.0947e-18,4.7113e-17,1.7281e-18
45.884,5.4682e-24,2.7323e-21,2.7322e-21,2.7372e-21,2.7328e-21,1.0855e-18,4.6964e-17,1.7309e-18
46.309,5.3747e-24,2.6879e-21,2.6878e-21,2.6927e-21,2.6883e-21,1.0768e-18,4.6845e-17,1.7344e-18
46.738,5.2826e-24,2.6443e-21,2.6442e-21,2.649e-21,2.6448e-21,1.068e-18,4.6742e-17,1.738e-18
47.171,5.194e-24,2.602e-21,2.602e-21,2.6066e-21,2.6026e-21,1.0595e-18,4.6661e-17,1.742e-18
47.608,5.1103e-24,2.5613e-21,2.5612e-21,2.5657e-21,2.5619e-21,1.0513e-18,4.6605e-17,1.7466e-18
48.049,5.0271e-24,2.5212e-21,2.5212e-21,2.5256e-21,2.5218e-21,1.0431e-18,4.6563e-17,1.7513e-18
48.494,4.9475e-24,2.4824e-21,2.4824e-21,2.4867e-21,2.4831e-21,1.0351e-18,4.6542e-17,1.7564e-18
48.943,4.8716e-24,2.4449e-21,2.4448e-21,2.4491e-21,2.4456e-21,1.0274e-18,4.6546e-17,1.7621e-18
49.396,4.7994e-24,2.4086e-21,2.4086e-21,2.4127e-21,2.4093e-21,1.0199e-18,4.6573e-17,1.7683e-18
49.854,4.7269e-24,2.3729e-21,2.3728e-21,2.3769e-21,2.3736e-21,1.0124e-18,4.6609e-17,1.7746e-18
50.315,4.6594e-24,2.3386e-21,2.3386e-21,2.3425e-21,2.3393e-21,1.0053e-18,4.6675e-17,1.7816e-18
50.782,4.5925e-24,2.305e-21,2.3049e-21,2.3088e-21,2.3057e-21,9.9819e-19,4.6754e-17,1.7888e-18
51.252,4.5275e-24,2.2723e-21,2.2722e-21,2.2761e-21,2.2731e-21,9.9125e-19,4.6851e-17,1.7964e-18
51.727,4.4665e-24,2.2409e-21,2.2408e-21,2.2445e-21,2.2416e-21,9.846e-19,4.6974e-17,1.8046e-18
52.206,4.406e-24,2.21e-21,2.21e-21,2.2136e-21,2.2108e-21,9.7801e-19,4.7111e-17,1.8131e-18
52.689,4.3475e-24,2.1801e-21,2.18e-21,2.1836e-21,2.1809e-21,9.7158e-19,4.7267e-17,1.822e-18
53.177,4.2907e-24,2.151e-21,2.1509e-21,2.1544e-21,2.1518e-21,9.653e-19,4.7441e-17,1.8314e-18
53.67,4.2358e-24,2.1227e-21,2.1227e-21,2.1261e-21,2.1236e-21,9.5918e-19,4.7635e-17,1.8412e-18
54.167,4.1833e-24,2.0954e-21,2.0954e-21,2.0987e-21,2.0962e-21,9.5327e-19,4.785e-17,1.8516e-18
54.669,4.1312e-24,2.0687e-21,2.0686e-21,2.0719e-21,2.0695e-21,9.4742e-19,4.8079e-17,1.8622e-18
55.175,4.0804e-24,2.0426e-21,2.0426e-21,2.0458e-21,2.0435e-21,9.417e-19,4.8326e-17,1.8733e-18
55.686,4.0334e-24,2.0177e-21,2.0177e-21,2.0209e-21,2.0186e-21,9.3631e-19,4.8601e-17,1.8853e-18
56.202,3.9852e-24,1.9931e-21,1.9931e-21,1.9962e-21,1.994e-21,9.3085e-19,4.8884e-17,1.8973e-18
56.722,3.9393e-24,1.9693e-21,1.9693e-21,1.9723e-21,1.9702e-21,9.2561e-19,4.919e-17,1.9099e-18
57.248,3.8953e-24,1.9464e-21,1.9463e-21,1.9493e-21,1.9473e-21,9.2057e-19,4.9517e-17,1.9231e-18
57.778,3.8525e-24,1.924e-21,1.924e-21,1.927e-21,1.925e-21,9.1566e-19,4.9862e-17,1.9369e-18
58.313,3.8102e-24,1.9023e-21,1.9022e-21,1.9051e-21,1.9032e-21,9.1083e-19,5.0223e-17,1.951e-18
58.853,3.7698e-24,1.8812e-21,1.8812e-21,1.8841e-21,1.8822e-21,9.062e-19,5.0607e-17,1.9658e-18
59.398,3.73e-24,1.8607e-21,1.8607e-21,1.8635e-21,1.8617e-21,9.0167e-19,5.1008e-17,1.9811e-18
59.948,3.6919e-24,1.841e-21,1.8409e-21,1.8437e-21,1.8419e-21,8.9732e-19,5.143e-17,1.997e-18
60.504,3.6537e-24,1.8216e-21,1.8215e-21,1.8242e-21,1.8225e-21,8.9301e-19,5.1866e-17,2.0132e-18
61.064,3.6173e-24,1.8029e-21,1.8028e-21,1.8055e-21,1.8038e-21,8.8889e-19,5.2326e-17,2.0302e-18
61.63,3.5827e-24,1.7849e-21,1.7849e-21,1.7875e-21,1.7859e-21,8.8499e-19,5.281e-17,2.0479e-18
62.2,3.5478e-24,1.7673e-21,1.7672e-21,1.7698e-21,1.7682e-21,8.8111e-19,5.3307e-17,2.066e-18
62.777,3.5148e-24,1.7503e-21,1.7503e-21,1.7529e-21,1.7513e-21,8.7744e-19,5.3829e-17,2.0849e-18
63.358,3.4815e-24,1.7337e-21,1.7337e-21,1.7362e-21,1.7347e-21,8.7378e-19,5.4364e-17,2.1042e-18
63.945,3.4499e-24,1.7177e-21,1.7177e-21,1.7202e-21,1.7187e-21,8.7034e-19,5.4925e-17,2.1242e-18
64.537,3.4185e-24,1.7022e-21,1.7021e-21,1.7046e-21,1.7031e-21,8.6697e-19,5.5503e-17,2.1448e-18
65.135,3.3884e-24,1.6871e-21,1.6871e-21,1.6895e-21,1.6881e-21,8.6376e-19,5.6104e-17,2.1662e-18
65.738,3.3589e-24,1.6726e-21,1.6725e-21,1.6749e-21,1.6736e-21,8.6065e-19,5.6725e-17,2.1881e-18
66.347,3.3301e-24,1.6584e-21,1.6584e-21,1.6607e-21,1.6594e-21,8.5766e-19,5.7368e-17,2.2108e-18
66.962,3.3023e-24,1.6448e-21,1.6448e-21,1.6471e-21,1.6458e-21,8.5481e-19,5.8032e-17,2.2342e-18
67.582,3.2748e-24,1.6315e-21,1.6315e-21,1.6338e-21,1.6326e-21,8.5205e-19,5.8717e-17,2.2582e-18
68.208,3.2487e-24,1.6188e-21,1.6188e-21,1.621e-21,1.6198e-21,8.4945e-19,5.9427e-17,2.2831e-18
68.84,3.2225e-24,1.6064e-21,1.6063e-21,1.6086e-21,1.6074e-21,8.469e-19,6.0154e-17,2.3086e-18
69.477,3.1975e-24,1.5944e-21,1.5944e-21,1.5966e-21,1.5955e-21,8.4453e-19,6.0908e-17,2.335e-18
70.121,3.1725e-24,1.5828e-21,1.5827e-21,1.5849e-21,1.5838e-21,8.4219e-19,6.1679e-17,2.3619e-18
70.77,3.1482e-24,1.5715e-21,1.5715e-21,1.5736e-21,1.5726e-21,8.3997e-19,6.2474e-17,2.3897e-18
71.426,3.1246e-24,1.5607e-21,1.5606e-21,1.5627e-21,1.5617e-21,8.3787e-19,6.3294e-17,2.4183e-18
72.087,3.101e-24,1.55e-21,1.55e-21,1.5521e-21,1.5511e-21,8.3581e-19,6.4131e-17,2.4476e-18
72.755,3.0781e-24,1.5398e-21,1.5398e-21,1.5419e-21,1.5409e-21,8.3388e-19,6.4994e-17,2.4777e-18
73.429,3.0568e-24,1.5301e-21,1.5301e-21,1.5321e-21,1.5312e-21,8.3213e-19,6.5888e-17,2.5089e-18
74.109,3.0348e-24,1.5205e-21,1.5205e-21,1.5225e-21,1.5216e-21,8.3038e-19,6.6797e-17,2.5407e-18
74.795,3.0145e-24,1.5115e-21,1.5115e-21,1.5135e-21,1.5125e-21,8.2882e-19,6.7739e-17,2.5737e-18
75.488,2.9931e-24,1.5025e-21,1.5024e-21,1.5044e-21,1.5035e-21,8.2721e-19,6.8694e-17,2.6071e-18
76.187,2.9723e-24,1.4938e-21,1.4938e-21,1.4957e-21,1.4948e-21,8.257e-19,6.9675e-17,2.6414e-18
76.893,2.9528e-24,1.4855e-21,1.4855e-21,1.4875e-21,1.4866e-21,8.2436e-19,7.0687e-17,2.6769e-18
77.605,2.9342e-24,1.4776e-21,1.4776e-21,1.4795e-21,1.4787e-21,8.2314e-19,7.1728e-17,2.7135e-18
78.324,2.9143e-24,1.4697e-21,1.4697e-21,1.4716e-21,1.4708e-21,8.2184e-19,7.278e-17,2.7505e-18
79.049,2.8961e-24,1.4623e-21,1.4623e-21,1.4642e-21,1.4634e-21,8.2075e-19,7.387e-17,2.7888e-18
79.781,2.8782e-24,1.4552e-21,1.4551e-21,1.457e-21,1.4562e-21,8.1972e-19,7.4984e-17,2.8282e-18
80.52,2.8604e-24,1.4482e-21,1.4482e-21,1.4501e-21,1.4493e-21,8.1875e-19,7.6123e-17,2.8684e-18
81.266,2.8423e-24,1.4414e-21,1.4414e-21,1.4432e-21,1.4425e-21,8.1778e-19,7.7282e-17,2.9094e-18
82.019,2.825e-24,1.4349e-21,1.4348e-21,1.4367e-21,1.4359e-21,8.1692e-19,7.8472e-17,2.9516e-18
82.779,2.8085e-24,1.4287e-21,1.4286e-21,1.4305e-21,1.4297e-21,8.1619e-19,7.9694e-17,2.9951e-18
83.545,2.7918e-24,1.4226e-21,1.4226e-21,1.4244e-21,1.4237e-21,8.1546e-19,8.0938e-17,3.0394e-18
84.319,2.7758e-24,1.4168e-21,1.4168e-21,1.4185e-21,1.4179e-21,8.1482e-19,8.2213e-17,3.0849e-18
85.1,2.7608e-24,1.4113e-21,1.4113e-21,1.413e-21,1.4124e-21,8.1432e-19,8.3523e-17,3.1318e-18
85.888,2.7449e-24,1.4058e-21,1.4058e-21,1.4076e-21,1.4069e-21,8.1377e-19,8.485e-17,3.1794e-18
86.684,2.7293e-24,1.4006e-21,1.4005e-21,1.4023e-21,1.4017e-21,8.1327e-19,8.6206e-17,3.2281e-18
87.487,2.7144e-24,1.3955e-21,1.3955e-21,1.3972e-21,1.3966e-21,8.1287e-19,8.7594e-17,3.2782e-18
88.297,2.6993e-24,1.3906e-21,1.3906e-21,1.3923e-21,1.3917e-21,8.1248e-19,8.9008e-17,3.3293e-18
89.115,2.6854e-24,1.386e-21,1.386e-21,1.3877e-21,1.3871e-21,8.1222e-19,9.046e-17,3.3819e-18
89.94,2.6709e-24,1.3815e-21,1.3815e-21,1.3832e-21,1.3826e-21,8.1194e-19,9.1934e-17,3.4355e-18
90.773,2.6575e-24,1.3772e-21,1.3772e-21,1.3789e-21,1.3784e-21,8.1178e-19,9.3447e-17,3.4907e-18
91.614,2.6433e-24,1.373e-21,1.373e-21,1.3747e-21,1.3741e-21,8.1157e-19,9.498e-17,3.5467e-18
92.463,2.6304e-24,1.3691e-21,1.3691e-21,1.3707e-21,1.3702e-21,8.1151e-19,9.6555e-17,3.6045e-18
93.319,2.6167e-24,1.3651e-21,1.3651e-21,1.3668e-21,1.3663e-21,8.1139e-19,9.815e-17,3.6632e-18
94.183,2.604e-24,1.3615e-21,1.3615e-21,1.3631e-21,1.3626e-21,8.1138e-19,9.9786e-17,3.7236e-18
95.056,2.5908e-24,1.3578e-21,1.3578e-21,1.3595e-21,1.359e-21,8.1135e-19,1.0145e-16,3.785e-18
95.936,2.5786e-24,1.3544e-21,1.3544e-21,1.3561e-21,1.3556e-21,8.1142e-19,1.0315e-16,3.8483e-18
96.825,2.5664e-24,1.3512e-21,1.3512e-21,1.3528e-21,1.3523e-21,8.1152e-19,1.0488e-16,3.9129e-18
97.721,2.5546e-24,1.3481e-21,1.348e-21,1.3497e-21,1.3492e-21,8.1167e-19,1.0665e-16,3.979e-18
98.627,2.5421e-24,1.3449e-21,1.3449e-21,1.3465e-21,1.3461e-21,8.1176e-19,1.0844e-16,4.0462e-18
99.54,2.5305e-24,1.342e-21,1.342e-21,1.3436e-21,1.3432e-21,8.1196e-19,1.1027e-16,4.1153e-18
100.46,2.5196e-24,1.3393e-21,1.3393e-21,1.3409e-21,1.3405e-21,8.1223e-19,1.1215e-16,4.1862e-18
101.39,2.5081e-24,1.3366e-21,1.3366e-21,1.3382e-21,1.3378e-21,8.1246e-19,1.1405e-16,4.2583e-18
102.33,2.4967e-24,1.334e-21,1.334e-21,1.3356e-21,1.3351e-21,8.1271e-19,1.1599e-16,4.332e-18
103.28,2.4864e-24,1.3316e-21,1.3316e-21,1.3332e-21,1.3328e-21,8.1307e-19,1.1797e-16,4.4079e-18
104.24,2.4752e-24,1.3292e-21,1.3292e-21,1.3308e-21,1.3304e-21,8.1335e-19,1.1998e-16,4.4848e-18
105.2,2.4651e-24,1.327e-21,1.327e-21,1.3286e-21,1.3282e-21,8.1375e-19,1.2204e-16,4.564e-18
106.18,2.4559e-24,1.3251e-21,1.3251e-21,1.3266e-21,1.3262e-21,8.1425e-19,1.2415e-16,4.6454e-18
107.16,2.446e-24,1.323e-21,1.323e-21,1.3246e-21,1.3242e-21,8.1467e-19,1.2628e-16,4.7281e-18
108.15,2.4361e-24,1.3211e-21,1.3211e-21,1.3226e-21,1.3223e-21,8.1511e-19,1.2845e-16,4.8126e-18
109.15,2.4264e-24,1.3193e-21,1.3192e-21,1.3208e-21,1.3204e-21,8.1556e-19,1.3067e-16,4.8989e-18
110.16,2.4176e-24,1.3176e-21,1.3176e-21,1.3191e-21,1.3188e-21,8.1611e-19,1.3293e-16,4.9876e-18
111.18,2.408e-24,1.3159e-21,1.3159e-21,1.3174e-21,1.3171e-21,8.1659e-19,1.3522e-16,5.0777e-18
112.21,2.3995e-24,1.3144e-21,1.3144e-21,1.3159e-21,1.3156e-21,8.1718e-19,1.3757e-16,5.1704e-18
113.25,2.391e-24,1.313e-21,1.313e-21,1.3145e-21,1.3142e-21,8.1776e-19,1.3997e-16,5.265e-18
114.3,2.3828e-24,1.3117e-21,1.3116e-21,1.3132e-21,1.3128e-21,8.1837e-19,1.4241e-16,5.3618e-18
115.36,2.3746e-24,1.3104e-21,1.3104e-21,1.3119e-21,1.3116e-21,8.1898e-19,1.4489e-16,5.4607e-18
116.43,2.3667e-24,1.3092e-21,1.3092e-21,1.3107e-21,1.3104e-21,8.1963e-19,1.4742e-16,5.5619e-18
117.51,2.3588e-24,1.3081e-21,1.3081e-21,1.3096e-21,1.3092e-21,8.2027e-19,1.5e-16,5.6652e-18
118.6,2.352e-24,1.3071e-21,1.3071e-21,1.3086e-21,1.3083e-21,8.2101e-19,1.5264e-16,5.7714e-18
119.7,2.3454e-24,1.3063e-21,1.3063e-21,1.3078e-21,1.3075e-21,8.2177e-19,1.5533e-16,5.8801e-18
120.8,2.3381e-24,1.3054e-21,1.3054e-21,1.3069e-21,1.3066e-21,8.2246e-19,1.5807e-16,5.9906e-18
121.92,2.332e-24,1.3047e-21,1.3047e-21,1.3062e-21,1.3059e-21,8.2326e-19,1.6087e-16,6.1042e-18
123.05,2.3267e-24,1.3042e-21,1.3042e-21,1.3056e-21,1.3054e-21,8.2413e-19,1.6374e-16,6.2208e-18
124.19,2.3212e-24,1.3036e-21,1.3036e-21,1.3051e-21,1.3048e-21,8.2497e-19,1.6666e-16,6.3398e-18
125.34,2.3161e-24,1.3032e-21,1.3032e-21,1.3047e-21,1.3044e-21,8.2585e-19,1.6964e-16,6.4616e-18
126.5,2.3118e-24,1.3029e-21,1.3029e-21,1.3044e-21,1.3041e-21,8.2679e-19,1.727e-16,6.5866e-18
127.68,2.3079e-24,1.3027e-21,1.3027e-21,1.3042e-21,1.304e-21,8.2776e-19,1.7582e-16,6.7146e-18
128.86,2.3044e-24,1.3026e-21,1.3026e-21,1.3041e-21,1.3039e-21,8.2877e-19,1.7901e-16,6.8456e-18
130.05,2.3015e-24,1.3027e-21,1.3027e-21,1.3041e-21,1.3039e-21,8.2982e-19,1.8228e-16,6.9799e-18
131.26,2.2991e-24,1.3028e-21,1.3028e-21,1.3043e-21,1.304e-21,8.3091e-19,1.8562e-16,7.1175e-18
132.47,2.2974e-24,1.303e-21,1.303e-21,1.3045e-21,1.3043e-21,8.3206e-19,1.8904e-16,7.2586e-18
133.7,2.2966e-24,1.3034e-21,1.3034e-21,1.3049e-21,1.3047e-21,8.3326e-19,1.9256e-16,7.4035e-18
134.94,2.2965e-24,1.304e-21,1.304e-21,1.3054e-21,1.3052e-21,8.3454e-19,1.9616e-16,7.5521e-18
136.19,2.2982e-24,1.3048e-21,1.3048e-21,1.3062e-21,1.306e-21,8.3595e-19,1.9988e-16,7.7055e-18
137.45,2.3008e-24,1.3057e-21,1.3057e-21,1.3072e-21,1.3069e-21,8.3744e-19,2.037e-16,7.8629e-18
138.72,2.304e-24,1.3067e-21,1.3067e-21,1.3082e-21,1.308e-21,8.3896e-19,2.0761e-16,8.0243e-18
140.01,2.3097e-24,1.3082e-21,1.3082e-21,1.3096e-21,1.3094e-21,8.4071e-19,2.1167e-16,8.1915e-18
141.3,2.3159e-24,1.3097e-21,1.3097e-21,1.3111e-21,1.3109e-21,8.4248e-19,2.1584e-16,8.3628e-18
142.61,2.3246e-24,1.3115e-21,1.3115e-21,1.313e-21,1.3128e-21,8.4446e-19,2.2016e-16,8.5402e-18
143.93,2.3358e-24,1.3138e-21,1.3137e-21,1.3152e-21,1.315e-21,8.4665e-19,2.2464e-16,8.7239e-18
145.27,2.3484e-24,1.3162e-21,1.3162e-21,1.3177e-21,1.3175e-21,8.4896e-19,2.2926e-16,8.9131e-18
146.61,2.3664e-24,1.3194e-21,1.3194e-21,1.3209e-21,1.3207e-21,8.5173e-19,2.3414e-16,9.1118e-18
147.97,2.3862e-24,1.3229e-21,1.3229e-21,1.3243e-21,1.3242e-21,8.5466e-19,2.3918e-16,9.317e-18
149.34,2.4121e-24,1.3272e-21,1.3272e-21,1.3287e-21,1.3285e-21,8.5813e-19,2.4452e-16,9.5331e-18
150.72,2.4424e-24,1.3322e-21,1.3322e-21,1.3337e-21,1.3335e-21,8.62e-19,2.5012e-16,9.7592e-18
152.12,2.4784e-24,1.3381e-21,1.3381e-21,1.3396e-21,1.3394e-21,8.664e-19,2.5603e-16,9.9969e-18
153.53,2.5242e-24,1.3454e-21,1.3454e-21,1.3469e-21,1.3467e-21,8.7173e-19,2.624e-16,1.0252e-17
154.95,2.5811e-24,1.3544e-21,1.3544e-21,1.3559e-21,1.3557e-21,8.7815e-19,2.6929e-16,1.0526e-17
156.38,2.6464e-24,1.3648e-21,1.3648e-21,1.3663e-21,1.3662e-21,8.8545e-19,2.7667e-16,1.0818e-17
157.83,2.7354e-24,1.379e-21,1.379e-21,1.3806e-21,1.3804e-21,8.9521e-19,2.8506e-16,1.1149e-17
159.3,2.8392e-24,1.3959e-21,1.3959e-21,1.3975e-21,1.3973e-21,9.0668e-19,2.9428e-16,1.1511e-17
160.77,2.9752e-24,1.4185e-21,1.4185e-21,1.4201e-21,1.4199e-21,9.2185e-19,3.0504e-16,1.1932e-17
162.26,3.1528e-24,1.449e-21,1.449e-21,1.4506e-21,1.4505e-21,9.4217e-19,3.1789e-16,1.2433e-17
163.76,3.3913e-24,1.4919e-21,1.4919e-21,1.4936e-21,1.4934e-21,9.705e-19,3.3397e-16,1.3057e-17
165.28,3.7229e-24,1.5551e-21,1.5551e-21,1.5568e-21,1.5566e-21,1.012e-18,3.5528e-16,1.3883e-17
166.81,4.2029e-24,1.6533e-21,1.6533e-21,1.6552e-21,1.655e-21,1.0764e-18,3.8559e-16,1.5057e-17
168.36,4.8909e-24,1.8062e-21,1.8062e-21,1.8082e-21,1.808e-21,1.1765e-18,4.301e-16,1.678e-17
169.91,6.0997e-24,2.1005e-21,2.1005e-21,2.1028e-21,2.1026e-21,1.3686e-18,5.1082e-16,1.9907e-17
171.49,8.2598e-24,2.6746e-21,2.6746e-21,2.6775e-21,2.6773e-21,1.7433e-18,6.6442e-16,2.5858e-17
173.08,1.3605e-23,4.1978e-21,4.1978e-21,4.2025e-21,4.202e-21,2.737e-18,1.0655e-15,4.1404e-17
174.68,4.4904e-23,1.3506e-20,1.3506e-20,1.3521e-20,1.3519e-20,8.8083e-18,3.5038e-15,1.359e-16
176.3,3.2252e-23,9.7234e-21,9.7234e-21,9.7342e-21,9.7333e-21,6.3431e-18,2.5789e-15,9.982e-17
177.93,1.1719e-23,3.6502e-21,3.6502e-21,3.6543e-21,3.6539e-21,2.3818e-18,9.9004e-16,3.8232e-17
179.58,7.3273e-24,2.4189e-21,2.4189e-21,2.4216e-21,2.4213e-21,1.5786e-18,6.7113e-16,2.5849e-17
181.24,5.2911e-24,1.8986e-21,1.8986e-21,1.9007e-21,1.9006e-21,1.2393e-18,5.3905e-16,2.0701e-17
182.92,4.2442e-24,1.6625e-21,1.6625e-21,1.6643e-21,1.6642e-21,1.0853e-18,4.8317e-16,1.8494e-17
184.61,3.5915e-24,1.5334e-21,1.5334e-21,1.5351e-21,1.535e-21,1.0012e-18,4.5636e-16,1.7406e-17
186.32,3.1522e-24,1.4571e-21,1.4571e-21,1.4587e-21,1.4586e-21,9.5147e-19,4.4423e-16,1.6877e-17
188.05,2.8576e-24,1.4117e-21,1.4117e-21,1.4133e-21,1.4132e-21,9.219e-19,4.4106e-16,1.6685e-17
189.79,2.6256e-24,1.3797e-21,1.3797e-21,1.3812e-21,1.3811e-21,9.01e-19,4.4191e-16,1.6639e-17
191.55,2.4599e-24,1.3591e-21,1.3591e-21,1.3606e-21,1.3605e-21,8.8758e-19,4.4649e-16,1.6726e-17
193.32,2.3233e-24,1.3438e-21,1.3438e-21,1.3453e-21,1.3452e-21,8.7753e-19,4.5297e-16,1.6875e-17
195.11,2.221e-24,1.3334e-21,1.3334e-21,1.3349e-21,1.3348e-21,8.7075e-19,4.6144e-16,1.7089e-17
196.92,2.1376e-24,1.3259e-21,1.3259e-21,1.3273e-21,1.3272e-21,8.6575e-19,4.7124e-16,1.7341e-17
198.75,2.0696e-24,1.3204e-21,1.3204e-21,1.3218e-21,1.3218e-21,8.6208e-19,4.8225e-16,1.7624e-17
200.59,2.0139e-24,1.3165e-21,1.3165e-21,1.318e-21,1.3179e-21,8.5944e-19,4.9436e-16,1.7934e-17
202.44,1.9655e-24,1.3136e-21,1.3136e-21,1.315e-21,1.3149e-21,8.574e-19,5.0742e-16,1.8263e-17
204.32,1.9257e-24,1.3116e-21,1.3116e-21,1.3131e-21,1.313e-21,8.56e-19,5.2154e-16,1.8613e-17
206.21,1.8911e-24,1.3104e-21,1.3104e-21,1.3118e-21,1.3117e-21,8.5499e-19,5.3662e-16,1.8979e-17
208.12,1.8596e-24,1.3095e-21,1.3095e-21,1.311e-21,1.3109e-21,8.5424e-19,5.5267e-16,1.9359e-17
210.05,1.8325e-24,1.3091e-21,1.3091e-21,1.3106e-21,1.3105e-21,8.5378e-19,5.6979e-16,1.9754e-17
212,1.8092e-24,1.3092e-21,1.3092e-21,1.3107e-21,1.3106e-21,8.5358e-19,5.8804e-16,2.0165e-17
213.96,1.788e-24,1.3095e-21,1.3095e-21,1.311e-21,1.3109e-21,8.5353e-19,6.0744e-16,2.059e-17
215.94,1.7677e-24,1.31e-21,1.31e-21,1.3115e-21,1.3114e-21,8.5355e-19,6.2803e-16,2.1026e-17
217.94,1.7499e-24,1.3108e-21,1.3108e-21,1.3122e-21,1.3122e-21,8.5374e-19,6.4997e-16,2.1477e-17
219.96,1.734e-24,1.3117e-21,1.3117e-21,1.3132e-21,1.3132e-21,8.5405e-19,6.7336e-16,2.1942e-17
222,1.7184e-24,1.3128e-21,1.3128e-21,1.3143e-21,1.3142e-21,8.544e-19,6.9825e-16,2.2419e-17
224.05,1.7044e-24,1.3141e-21,1.3141e-21,1.3156e-21,1.3155e-21,8.5485e-19,7.2483e-16,2.291e-17
226.13,1.6905e-24,1.3154e-21,1.3154e-21,1.3169e-21,1.3169e-21,8.5532e-19,7.5321e-16,2.3415e-17
228.22,1.6778e-24,1.3169e-21,1.3169e-21,1.3184e-21,1.3184e-21,8.5588e-19,7.836e-16,2.3934e-17
230.34,1.6657e-24,1.3185e-21,1.3185e-21,1.32e-21,1.32e-21,8.5647e-19,8.1617e-16,2.4467e-17
232.47,1.6546e-24,1.3203e-21,1.3203e-21,1.3218e-21,1.3217e-21,8.5713e-19,8.5116e-16,2.5015e-17
234.62,1.6433e-24,1.3221e-21,1.3221e-21,1.3236e-21,1.3235e-21,8.578e-19,8.8878e-16,2.5577e-17
236.8,1.6338e-24,1.324e-21,1.324e-21,1.3255e-21,1.3255e-21,8.5855e-19,9.2941e-16,2.6157e-17
238.99,1.6237e-24,1.326e-21,1.326e-21,1.3275e-21,1.3275e-21,8.593e-19,9.7327e-16,2.6751e-17
241.2,1.6137e-24,1.3281e-21,1.3281e-21,1.3296e-21,1.3295e-21,8.6008e-19,1.0208e-15,2.736e-17
243.44,1.604e-24,1.3302e-21,1.3302e-21,1.3317e-21,1.3317e-21,8.6088e-19,1.0724e-15,2.7986e-17
245.69,1.5958e-24,1.3325e-21,1.3325e-21,1.3341e-21,1.334e-21,8.6175e-19,1.1288e-15,2.8631e-17
247.97,1.5868e-24,1.3348e-21,1.3348e-21,1.3364e-21,1.3363e-21,8.6262e-19,1.1903e-15,2.9292e-17
250.26,1.5779e-24,1.3372e-21,1.3372e-21,1.3388e-21,1.3387e-21,8.635e-19,1.2578e-15,2.997e-17
252.58,1.5701e-24,1.3397e-21,1.3397e-21,1.3413e-21,1.3412e-21,8.6443e-19,1.3322e-15,3.0668e-17
254.92,1.5614e-24,1.3423e-21,1.3423e-21,1.3438e-21,1.3438e-21,8.6536e-19,1.4145e-15,3.1384e-17
257.28,1.5541e-24,1.3449e-21,1.3449e-21,1.3465e-21,1.3464e-21,8.6634e-19,1.506e-15,3.2121e-17
259.67,1.5459e-24,1.3476e-21,1.3476e-21,1.3492e-21,1.3491e-21,8.6731e-19,1.6083e-15,3.2876e-17
262.07,1.5377e-24,1.3504e-21,1.3504e-21,1.352e-21,1.3519e-21,8.683e-19,1.7232e-15,3.3652e-17
264.5,1.5306e-24,1.3533e-21,1.3533e-21,1.3548e-21,1.3548e-21,8.6934e-19,1.8532e-15,3.4451e-17
266.95,1.5235e-24,1.3562e-21,1.3562e-21,1.3578e-21,1.3577e-21,8.704e-19,2.0014e-15,3.5271e-17
269.42,1.5157e-24,1.3592e-21,1.3592e-21,1.3608e-21,1.3607e-21,8.7145e-19,2.1717e-15,3.6113e-17
271.92,1.509e-24,1.3623e-21,1.3623e-21,1.3639e-21,1.3638e-21,8.7255e-19,2.3694e-15,3.6979e-17
274.43,1.5013e-24,1.3654e-21,1.3654e-21,1.367e-21,1.367e-21,8.7364e-19,2.6011e-15,3.7869e-17
276.98,1.4948e-24,1.3687e-21,1.3687e-21,1.3703e-21,1.3702e-21,8.7478e-19,2.8765e-15,3.8784e-17
279.54,1.4881e-24,1.372e-21,1.372e-21,1.3736e-21,1.3736e-21,8.7593e-19,3.2081e-15,3.9724e-17
282.13,1.4807e-24,1.3754e-21,1.3754e-21,1.377e-21,1.3769e-21,8.7708e-19,3.6144e-15,4.069e-17
284.74,1.4743e-24,1.3788e-21,1.3788e-21,1.3805e-21,1.3804e-21,8.7827e-19,4.1221e-15,4.1684e-17
287.38,1.4681e-24,1.3824e-21,1.3824e-21,1.384e-21,1.384e-21,8.7948e-19,4.7711e-15,4.2707e-17
290.04,1.4616e-24,1.386e-21,1.386e-21,1.3876e-21,1.3876e-21,8.8071e-19,5.6222e-15,4.3757e-17
292.73,1.4544e-24,1.3897e-21,1.3897e-21,1.3913e-21,1.3913e-21,8.8193e-19,6.768e-15,4.4837e-17
295.44,1.4482e-24,1.3935e-21,1.3935e-21,1.3951e-21,1.3951e-21,8.832e-19,8.3409e-15,4.5948e-17
298.18,1.4422e-24,1.3973e-21,1.3973e-21,1.399e-21,1.399e-21,8.8449e-19,1.0464e-14,4.7092e-17
300.94,1.436e-24,1.4013e-21,1.4013e-21,1.4029e-21,1.4029e-21,8.8579e-19,1.2928e-14,4.8267e-17
303.73,1.4301e-24,1.4053e-21,1.4053e-21,1.407e-21,1.4069e-21,8.8711e-19,1.4435e-14,4.9477e-17
306.54,1.4241e-24,1.4094e-21,1.4094e-21,1.4111e-21,1.4111e-21,8.8845e-19,1.3529e-14,5.0721e-17
309.38,1.4183e-24,1.4136e-21,1.4136e-21,1.4153e-21,1.4153e-21,8.8981e-19,1.1278e-14,5.2001e-17
312.24,1.4124e-24,1.4179e-21,1.4179e-21,1.4196e-21,1.4195e-21,8.9119e-19,9.1717e-15,5.3319e-17
315.14,1.4066e-24,1.4222e-21,1.4222e-21,1.4239e-21,1.4239e-21,8.9259e-19,7.5733e-15,5.4674e-17
318.06,1.4011e-24,1.4267e-21,1.4267e-21,1.4284e-21,1.4284e-21,8.9401e-19,6.4011e-15,5.607e-17
321,1.3954e-24,1.4312e-21,1.4312e-21,1.4329e-21,1.4329e-21,8.9544e-19,5.5297e-15,5.7505e-17
323.97,1.3899e-24,1.4358e-21,1.4358e-21,1.4375e-21,1.4375e-21,8.969e-19,4.8656e-15,5.8984e-17
326.97,1.3845e-24,1.4405e-21,1.4405e-21,1.4423e-21,1.4422e-21,8.9837e-19,4.3466e-15,6.0505e-17
330,1.3791e-24,1.4453e-21,1.4453e-21,1.4471e-21,1.447e-21,8.9986e-19,3.9318e-15,6.2072e-17
333.06,1.3739e-24,1.4502e-21,1.4502e-21,1.452e-21,1.4519e-21,9.0138e-19,3.5935e-15,6.3685e-17
336.14,1.3688e-24,1.4551e-21,1.4551e-21,1.4569e-21,1.4569e-21,9.0291e-19,3.3129e-15,6.5345e-17
339.26,1.365e-24,1.4602e-21,1.4602e-21,1.462e-21,1.462e-21,9.0447e-19,3.0768e-15,6.7056e-17
342.4,1.3602e-24,1.4654e-21,1.4654e-21,1.4672e-21,1.4672e-21,9.0604e-19,2.8754e-15,6.8818e-17
345.57,1.3558e-24,1.4706e-21,1.4706e-21,1.4725e-21,1.4725e-21,9.0763e-19,2.7019e-15,7.0632e-17
348.77,1.3516e-24,1.476e-21,1.476e-21,1.4778e-21,1.4778e-21,9.0923e-19,2.5509e-15,7.2501e-17
352,1.3487e-24,1.4814e-21,1.4814e-21,1.4833e-21,1.4833e-21,9.1087e-19,2.4183e-15,7.4427e-17
355.26,1.3454e-24,1.487e-21,1.487e-21,1.4889e-21,1.4888e-21,9.1251e-19,2.301e-15,7.641e-17
358.55,1.3426e-24,1.4926e-21,1.4926e-21,1.4945e-21,1.4945e-21,9.1418e-19,2.1966e-15,7.8454e-17
361.87,1.3414e-24,1.4984e-21,1.4984e-21,1.5003e-21,1.5003e-21,9.1587e-19,2.103e-15,8.056e-17
365.23,1.3401e-24,1.5042e-21,1.5042e-21,1.5061e-21,1.5061e-21,9.1757e-19,2.0187e-15,8.273e-17
368.61,1.3402e-24,1.5102e-21,1.5102e-21,1.5121e-21,1.5121e-21,9.1929e-19,1.9424e-15,8.4966e-17
372.02,1.3429e-24,1.5162e-21,1.5162e-21,1.5182e-21,1.5181e-21,9.2104e-19,1.873e-15,8.7272e-17
375.47,1.347e-24,1.5224e-21,1.5224e-21,1.5243e-21,1.5243e-21,9.228e-19,1.8096e-15,8.9648e-17
378.95,1.3559e-24,1.5286e-21,1.5286e-21,1.5306e-21,1.5306e-21,9.2458e-19,1.7514e-15,9.2098e-17
382.46,1.3686e-24,1.535e-21,1.535e-21,1.537e-21,1.537e-21,9.2637e-19,1.6979e-15,9.4623e-17
386,1.3913e-24,1.5415e-21,1.5415e-21,1.5435e-21,1.5435e-21,9.282e-19,1.6485e-15,9.7227e-17
389.57,1.4274e-24,1.5481e-21,1.5481e-21,1.5501e-21,1.5501e-21,9.3004e-19,1.6028e-15,9.9913e-17
393.18,1.4918e-24,1.5548e-21,1.5548e-21,1.5568e-21,1.5568e-21,9.3191e-19,1.5604e-15,1.0268e-16
396.82,1.6135e-24,1.5618e-21,1.5618e-21,1.5638e-21,1.5638e-21,9.3388e-19,1.521e-15,1.0555e-16
400.5,1.8692e-24,1.5696e-21,1.5696e-21,1.5716e-21,1.5716e-21,9.363e-19,1.4849e-15,1.0856e-16
404.21,2.5745e-24,1.5857e-21,1.5857e-21,1.5878e-21,1.5878e-21,9.4363e-19,1.4587e-15,1.1224e-16
407.95,6.1038e-24,2.0047e-21,2.0047e-21,2.0073e-21,2.0073e-21,1.19e-18,1.7948e-15,1.4522e-16
411.73,8.359e-24,2.561e-21,2.561e-21,2.5645e-21,2.5645e-21,1.5165e-18,2.2335e-15,1.8989e-16
415.55,2.6984e-24,1.6051e-21,1.6051e-21,1.6073e-21,1.6072e-21,9.48e-19,1.3646e-15,1.2181e-16
419.39,1.8556e-24,1.6026e-21,1.6026e-21,1.6048e-21,1.6048e-21,9.4411e-19,1.3292e-15,1.245e-16
423.28,1.5586e-24,1.6102e-21,1.6102e-21,1.6124e-21,1.6124e-21,9.4607e-19,1.3036e-15,1.2804e-16
427.2,1.4194e-24,1.6182e-21,1.6182e-21,1.6204e-21,1.6204e-21,9.4826e-19,1.2798e-15,1.3172e-16
431.16,1.3449e-24,1.6263e-21,1.6263e-21,1.6285e-21,1.6285e-21,9.504e-19,1.2571e-15,1.3552e-16
435.15,1.2965e-24,1.6344e-21,1.6344e-21,1.6366e-21,1.6366e-21,9.5253e-19,1.2355e-15,1.3943e-16
439.18,1.2659e-24,1.6425e-21,1.6425e-21,1.6448e-21,1.6448e-21,9.5463e-19,1.2149e-15,1.4346e-16
443.25,1.2431e-24,1.6508e-21,1.6508e-21,1.6531e-21,1.6531e-21,9.5673e-19,1.1953e-15,1.4761e-16
447.35,1.2263e-24,1.6591e-21,1.6591e-21,1.6615e-21,1.6615e-21,9.5882e-19,1.1765e-15,1.519e-16
451.5,1.2122e-24,1.6676e-21,1.6676e-21,1.67e-21,1.6699e-21,9.6092e-19,1.1586e-15,1.5633e-16
455.68,1.2007e-24,1.6762e-21,1.6762e-21,1.6785e-21,1.6785e-21,9.6302e-19,1.1415e-15,1.609e-16
459.9,1.1906e-24,1.6849e-21,1.6849e-21,1.6873e-21,1.6873e-21,9.6513e-19,1.1251e-15,1.6562e-16
464.16,1.1818e-24,1.6937e-21,1.6937e-21,1.6961e-21,1.6961e-21,9.6725e-19,1.1094e-15,1.7048e-16
468.46,1.1737e-24,1.7026e-21,1.7026e-21,1.7051e-21,1.705e-21,9.6938e-19,1.0943e-15,1.7551e-16
472.8,1.1651e-24,1.7117e-21,1.7117e-21,1.7141e-21,1.7141e-21,9.7153e-19,1.0799e-15,1.807e-16
477.18,1.1581e-24,1.7209e-21,1.7209e-21,1.7234e-21,1.7233e-21,9.7367e-19,1.0659e-15,1.8606e-16
481.6,1.1514e-24,1.7302e-21,1.7302e-21,1.7327e-21,1.7327e-21,9.7583e-19,1.0525e-15,1.916e-16
486.06,1.1461e-24,1.7396e-21,1.7396e-21,1.7421e-21,1.7421e-21,9.7799e-19,1.0396e-15,1.9731e-16
490.56,1.14e-24,1.7492e-21,1.7492e-21,1.7517e-21,1.7517e-21,9.8016e-19,1.0272e-15,2.0322e-16
495.1,1.1339e-24,1.7589e-21,1.7589e-21,1.7615e-21,1.7615e-21,9.8234e-19,1.0152e-15,2.0932e-16
499.69,1.1281e-24,1.7687e-21,1.7687e-21,1.7714e-21,1.7713e-21,9.8453e-19,1.0035e-15,2.1562e-16
504.32,1.1224e-24,1.7787e-21,1.7787e-21,1.7814e-21,1.7813e-21,9.8673e-19,9.923e-16,2.2213e-16
508.99,1.1168e-24,1.7888e-21,1.7888e-21,1.7915e-21,1.7915e-21,9.8894e-19,9.8143e-16,2.2885e-16
513.7,1.1113e-24,1.799e-21,1.799e-21,1.8018e-21,1.8018e-21,9.9115e-19,9.709e-16,2.358e-16
518.46,1.1059e-24,1.8094e-21,1.8094e-21,1.8122e-21,1.8122e-21,9.9337e-19,9.6069e-16,2.4298e-16
523.26,1.1005e-24,1.8199e-21,1.8199e-21,1.8228e-21,1.8227e-21,9.956e-19,9.5078e-16,2.504e-16
528.11,1.0961e-24,1.8306e-21,1.8306e-21,1.8334e-21,1.8334e-21,9.9783e-19,9.4115e-16,2.5806e-16
533,1.0908e-24,1.8414e-21,1.8414e-21,1.8443e-21,1.8443e-21,1.0001e-18,9.318e-16,2.6598e-16
537.94,1.0855e-24,1.8523e-21,1.8523e-21,1.8553e-21,1.8553e-21,1.0023e-18,9.2271e-16,2.7417e-16
542.92,1.0803e-24,1.8634e-21,1.8634e-21,1.8664e-21,1.8664e-21,1.0046e-18,9.1386e-16,2.8263e-16
547.95,1.0761e-24,1.8747e-21,1.8747e-21,1.8777e-21,1.8777e-21,1.0068e-18,9.0524e-16,2.9137e-16
553.02,1.071e-24,1.8861e-21,1.8861e-21,1.8891e-21,1.8891e-21,1.0091e-18,8.9684e-16,3.0041e-16
558.14,1.0659e-24,1.8976e-21,1.8976e-21,1.9007e-21,1.9007e-21,1.0113e-18,8.8865e-16,3.0976e-16
563.31,1.0618e-24,1.9093e-21,1.9093e-21,1.9124e-21,1.9124e-21,1.0136e-18,8.8064e-16,3.1942e-16
568.53,1.0567e-24,1.9211e-21,1.9211e-21,1.9243e-21,1.9243e-21,1.0159e-18,8.7284e-16,3.294e-16
573.8,1.0517e-24,1.9331e-21,1.9331e-21,1.9363e-21,1.9363e-21,1.0181e-18,8.6521e-16,3.3973e-16
579.11,1.0476e-24,1.9452e-21,1.9452e-21,1.9485e-21,1.9485e-21,1.0204e-18,8.5774e-16,3.504e-16
584.48,1.0427e-24,1.9575e-21,1.9575e-21,1.9608e-21,1.9608e-21,1.0227e-18,8.5044e-16,3.6144e-16
589.89,1.0387e-24,1.97e-21,1.97e-21,1.9733e-21,1.9733e-21,1.0249e-18,8.4329e-16,3.7285e-16
595.35,1.0338e-24,1.9826e-21,1.9826e-21,1.986e-21,1.9859e-21,1.0272e-18,8.3629e-16,3.8465e-16
600.87,1.0298e-24,1.9953e-21,1.9953e-21,1.9988e-21,1.9987e-21,1.0295e-18,8.2942e-16,3.9686e-16
606.43,1.0249e-24,2.0083e-21,2.0083e-21,2.0117e-21,2.0117e-21,1.0317e-18,8.227e-16,4.0948e-16
612.05,1.021e-24,2.0213e-21,2.0213e-21,2.0248e-21,2.0248e-21,1.034e-18,8.1609e-16,4.2253e-16
617.72,1.0162e-24,2.0346e-21,2.0346e-21,2.0382e-21,2.0381e-21,1.0363e-18,8.0961e-16,4.3603e-16
623.44,1.0124e-24,2.048e-21,2.048e-21,2.0516e-21,2.0516e-21,1.0385e-18,8.0324e-16,4.4999e-16
629.21,1.0077e-24,2.0615e-21,2.0615e-21,2.0652e-21,2.0652e-21,1.0408e-18,7.9698e-16,4.6443e-16
635.04,1.0038e-24,2.0753e-21,2.0753e-21,2.079e-21,2.079e-21,1.0431e-18,7.9083e-16,4.7937e-16
640.92,9.9983e-25,2.0892e-21,2.0892e-21,2.093e-21,2.093e-21,1.0453e-18,7.8478e-16,4.9482e-16
646.86,9.9603e-25,2.1032e-21,2.1032e-21,2.1071e-21,2.1071e-21,1.0476e-18,7.7882e-16,5.1081e-16
652.85,9.9233e-25,2.1175e-21,2.1175e-21,2.1214e-21,2.1214e-21,1.0498e-18,7.7295e-16,5.2734e-16
658.9,9.889e-25,2.1319e-21,2.1318e-21,2.1358e-21,2.1358e-21,1.0521e-18,7.6717e-16,5.4445e-16
665,9.8568e-25,2.1464e-21,2.1464e-21,2.1504e-21,2.1504e-21,1.0543e-18,7.6147e-16,5.6215e-16
671.16,9.8295e-25,2.1611e-21,2.1611e-21,2.1652e-21,2.1652e-21,1.0565e-18,7.5585e-16,5.8045e-16
677.38,9.8076e-25,2.176e-21,2.176e-21,2.1802e-21,2.1802e-21,1.0587e-18,7.5031e-16,5.9939e-16
683.65,9.7947e-25,2.1911e-21,2.1911e-21,2.1953e-21,2.1953e-21,1.0609e-18,7.4483e-16,6.1899e-16
689.98,9.7963e-25,2.2063e-21,2.2063e-21,2.2106e-21,2.2106e-21,1.0631e-18,7.3941e-16,6.3925e-16
696.37,9.8247e-25,2.2216e-21,2.2216e-21,2.2259e-21,2.2259e-21,1.0653e-18,7.3404e-16,6.602e-16
702.82,9.903e-25,2.237e-21,2.2369e-21,2.2414e-21,2.2414e-21,1.0673e-18,7.2871e-16,6.8184e-16
709.33,1.0095e-24,2.2522e-21,2.2522e-21,2.2567e-21,2.2567e-21,1.0693e-18,7.2334e-16,7.0416e-16
715.9,1.0593e-24,2.2669e-21,2.2669e-21,2.2715e-21,2.2715e-21,1.0709e-18,7.1781e-16,7.27e-16
722.53,1.2394e-24,2.2782e-21,2.2781e-21,2.2828e-21,2.2828e-21,1.0707e-18,7.1119e-16,7.4943e-16
729.23,2.6109e-24,2.2343e-21,2.2343e-21,2.2389e-21,2.2389e-21,1.0447e-18,6.8766e-16,7.5396e-16
735.98,2.3855e-24,2.2628e-21,2.2628e-21,2.2675e-21,2.2675e-21,1.0526e-18,6.8663e-16,7.8332e-16
742.8,1.1889e-24,2.329e-21,2.329e-21,2.3339e-21,2.3339e-21,1.0778e-18,6.9673e-16,8.2707e-16
749.68,1.0241e-24,2.3502e-21,2.3502e-21,2.3552e-21,2.3552e-21,1.0819e-18,6.9316e-16,8.5621e-16
756.62,9.7031e-25,2.3686e-21,2.3686e-21,2.3736e-21,2.3736e-21,1.0846e-18,6.8871e-16,8.8526e-16
763.63,9.454e-25,2.3864e-21,2.3864e-21,2.3915e-21,2.3915e-21,1.087e-18,6.8408e-16,9.1507e-16
770.7,9.3073e-25,2.4042e-21,2.4042e-21,2.4094e-21,2.4094e-21,1.0892e-18,6.7943e-16,9.4583e-16
777.84,9.2047e-25,2.4221e-21,2.4221e-21,2.4274e-21,2.4274e-21,1.0914e-18,6.748e-16,9.7764e-16
785.05,9.1265e-25,2.4401e-21,2.4401e-21,2.4455e-21,2.4455e-21,1.0935e-18,6.7018e-16,1.0105e-15
792.32,9.0614e-25,2.4583e-21,2.4583e-21,2.4638e-21,2.4638e-21,1.0957e-18,6.656e-16,1.0446e-15
799.66,9.0043e-25,2.4767e-21,2.4767e-21,2.4823e-21,2.4823e-21,1.0978e-18,6.6106e-16,1.0799e-15
807.06,8.9514e-25,2.4953e-21,2.4953e-21,2.501e-21,2.501e-21,1.0998e-18,6.5654e-16,1.1164e-15
814.54,8.9015e-25,2.5141e-21,2.5141e-21,2.5199e-21,2.5199e-21,1.1019e-18,6.5206e-16,1.1541e-15
822.08,8.8546e-25,2.533e-21,2.533e-21,2.539e-21,2.539e-21,1.104e-18,6.4762e-16,1.1933e-15
829.7,8.809e-25,2.5522e-21,2.5522e-21,2.5583e-21,2.5583e-21,1.106e-18,6.4321e-16,1.2338e-15
837.38,8.7657e-25,2.5716e-21,2.5716e-21,2.5778e-21,2.5778e-21,1.108e-18,6.3882e-16,1.2757e-15
845.14,8.7229e-25,2.5912e-21,2.5912e-21,2.5975e-21,2.5975e-21,1.11e-18,6.3447e-16,1.3191e-15
852.96,8.6814e-25,2.6111e-21,2.6111e-21,2.6174e-21,2.6174e-21,1.112e-18,6.3015e-16,1.3641e-15
860.86,8.6401e-25,2.6311e-21,2.6311e-21,2.6376e-21,2.6376e-21,1.114e-18,6.2586e-16,1.4107e-15
868.84,8.5989e-25,2.6513e-21,2.6513e-21,2.658e-21,2.658e-21,1.116e-18,6.216e-16,1.4589e-15
876.89,8.5586e-25,2.6718e-21,2.6718e-21,2.6786e-21,2.6786e-21,1.118e-18,6.1737e-16,1.5089e-15
885.01,8.5192e-25,2.6925e-21,2.6925e-21,2.6994e-21,2.6994e-21,1.1199e-18,6.1316e-16,1.5606e-15
893.2,8.4802e-25,2.7134e-21,2.7134e-21,2.7204e-21,2.7204e-21,1.1218e-18,6.0898e-16,1.6142e-15
901.48,8.4415e-25,2.7346e-21,2.7346e-21,2.7417e-21,2.7417e-21,1.1237e-18,6.0482e-16,1.6697e-15
909.83,8.4016e-25,2.756e-21,2.756e-21,2.7632e-21,2.7632e-21,1.1256e-18,6.007e-16,1.7271e-15
918.25,8.3644e-25,2.7776e-21,2.7776e-21,2.785e-21,2.785e-21,1.1275e-18,5.9659e-16,1.7866e-15
926.76,8.326e-25,2.7994e-21,2.7994e-21,2.807e-21,2.8069e-21,1.1294e-18,5.9251e-16,1.8483e-15
935.34,8.2874e-25,2.8215e-21,2.8215e-21,2.8292e-21,2.8292e-21,1.1313e-18,5.8845e-16,1.9122e-15
944.01,8.2505e-25,2.8438e-21,2.8438e-21,2.8516e-21,2.8516e-21,1.1331e-18,5.8442e-16,1.9783e-15
952.75,8.2138e-25,2.8663e-21,2.8663e-21,2.8743e-21,2.8743e-21,1.1349e-18,5.8041e-16,2.0468e-15
961.57,8.1759e-25,2.8891e-21,2.8891e-21,2.8973e-21,2.8973e-21,1.1367e-18,5.7642e-16,2.1178e-15
970.48,8.1393e-25,2.9121e-21,2.9121e-21,2.9204e-21,2.9204e-21,1.1385e-18,5.7245e-16,2.1913e-15
979.47,8.104e-25,2.9353e-21,2.9353e-21,2.9439e-21,2.9439e-21,1.1403e-18,5.685e-16,2.2674e-15
988.54,8.0677e-25,2.9589e-21,2.9589e-21,2.9675e-21,2.9675e-21,1.1421e-18,5.6457e-16,2.3463e-15
997.7,8.0323e-25,2.9826e-21,2.9826e-21,2.9915e-21,2.9915e-21,1.1438e-18,5.6067e-16,2.428e-15
1006.9,7.999e-25,3.0066e-21,3.0066e-21,3.0157e-21,3.0157e-21,1.1456e-18,5.5678e-16,2.5127e-15
1016.3,7.9667e-25,3.0309e-21,3.0309e-21,3.0401e-21,3.0401e-21,1.1473e-18,5.5291e-16,2.6004e-15
1025.7,7.9435e-25,3.0553e-21,3.0553e-21,3.0648e-21,3.0648e-21,1.149e-18,5.4906e-16,2.6912e-15
1035.2,8.1445e-25,3.0797e-21,3.0797e-21,3.0893e-21,3.0893e-21,1.1505e-18,5.4515e-16,2.7849e-15
1044.8,1.7787e-24,3.0746e-21,3.0746e-21,3.0844e-21,3.0844e-21,1.141e-18,5.3611e-16,2.8545e-15
1054.4,7.8769e-25,3.1303e-21,3.1303e-21,3.1404e-21,3.1404e-21,1.154e-18,5.3762e-16,2.9838e-15
1064.2,7.8068e-25,3.156e-21,3.156e-21,3.1662e-21,3.1662e-21,1.1556e-18,5.3386e-16,3.0885e-15
1074.1,7.771e-25,3.1818e-21,3.1818e-21,3.1922e-21,3.1922e-21,1.1573e-18,5.3011e-16,3.197e-15
1084,7.7432e-25,3.2078e-21,3.2078e-21,3.2185e-21,3.2185e-21,1.1589e-18,5.2637e-16,3.3093e-15
1094.1,7.7226e-25,3.2342e-21,3.2342e-21,3.2451e-21,3.2451e-21,1.1605e-18,5.2265e-16,3.4257e-15
1104.2,7.7143e-25,3.2607e-21,3.2607e-21,3.2719e-21,3.2719e-21,1.162e-18,5.1894e-16,3.5463e-15
1114.4,7.7348e-25,3.2875e-21,3.2875e-21,3.2989e-21,3.2989e-21,1.1635e-18,5.1525e-16,3.6711e-15
1124.7,7.8196e-25,3.3145e-21,3.3145e-21,3.3261e-21,3.3261e-21,1.165e-18,5.1155e-16,3.8004e-15
1135.2,8.2825e-25,3.341e-21,3.341e-21,3.3529e-21,3.3529e-21,1.1662e-18,5.0776e-16,3.9335e-15
1145.7,1.2298e-24,3.3592e-21,3.3592e-21,3.3713e-21,3.3713e-21,1.1644e-18,5.027e-16,4.0608e-15
1156.3,1.2029e-24,3.3879e-21,3.3879e-21,3.4003e-21,3.4003e-21,1.1662e-18,4.9922e-16,4.2054e-15
1167,8.072e-25,3.4253e-21,3.4253e-21,3.438e-21,3.438e-21,1.1708e-18,4.9696e-16,4.366e-15
1177.8,7.6283e-25,3.4547e-21,3.4547e-21,3.4676e-21,3.4676e-21,1.1725e-18,4.9349e-16,4.5216e-15
1188.7,7.473e-25,3.4838e-21,3.4838e-21,3.497e-21,3.497e-21,1.1741e-18,4.8996e-16,4.6821e-15
1199.7,7.3897e-25,3.513e-21,3.513e-21,3.5266e-21,3.5266e-21,1.1755e-18,4.8643e-16,4.8483e-15
1210.8,7.3302e-25,3.5426e-21,3.5425e-21,3.5564e-21,3.5564e-21,1.177e-18,4.829e-16,5.0205e-15
1222,7.2813e-25,3.5724e-21,3.5723e-21,3.5865e-21,3.5865e-21,1.1784e-18,4.7939e-16,5.1988e-15
1233.4,7.2387e-25,3.6024e-21,3.6024e-21,3.6169e-21,3.6169e-21,1.1798e-18,4.759e-16,5.3836e-15
1244.8,7.2018e-25,3.6328e-21,3.6328e-21,3.6476e-21,3.6476e-21,1.1811e-18,4.7242e-16,5.5752e-15
1256.3,7.1632e-25,3.6635e-21,3.6635e-21,3.6787e-21,3.6787e-21,1.1825e-18,4.6895e-16,5.7736e-15
1268,7.1285e-25,3.6945e-21,3.6945e-21,3.71e-21,3.71e-21,1.1838e-18,4.6551e-16,5.9793e-15
1279.7,7.0941e-25,3.7258e-21,3.7258e-21,3.7417e-21,3.7417e-21,1.1852e-18,4.6208e-16,6.1924e-15
1291.5,7.0599e-25,3.7575e-21,3.7575e-21,3.7737e-21,3.7737e-21,1.1865e-18,4.5866e-16,6.4132e-15
1303.5,7.0258e-25,3.7894e-21,3.7894e-21,3.806e-21,3.806e-21,1.1878e-18,4.5526e-16,6.6421e-15
1315.6,6.9926e-25,3.8217e-21,3.8217e-21,3.8386e-21,3.8386e-21,1.1891e-18,4.5188e-16,6.8793e-15
1327.8,6.9584e-25,3.8543e-21,3.8543e-21,3.8716e-21,3.8716e-21,1.1903e-18,4.4851e-16,7.1251e-15
1340.1,6.9249e-25,3.8872e-21,3.8872e-21,3.9049e-21,3.9049e-21,1.1916e-18,4.4516e-16,7.3798e-15
1352.5,6.8915e-25,3.9204e-21,3.9204e-21,3.9386e-21,3.9386e-21,1.1928e-18,4.4183e-16,7.6437e-15
1365,6.8603e-25,3.954e-21,3.954e-21,3.9726e-21,3.9726e-21,1.194e-18,4.3851e-16,7.9173e-15
1377.7,6.8289e-25,3.9879e-21,3.9879e-21,4.0069e-21,4.0069e-21,1.1952e-18,4.3521e-16,8.2008e-15
1390.4,6.7949e-25,4.0222e-21,4.0222e-21,4.0416e-21,4.0416e-21,1.1964e-18,4.3192e-16,8.4946e-15
1403.3,6.764e-25,4.0568e-21,4.0568e-21,4.0767e-21,4.0767e-21,1.1976e-18,4.2866e-16,8.7991e-15
1416.3,6.732e-25,4.0917e-21,4.0917e-21,4.1121e-21,4.1121e-21,1.1988e-18,4.254e-16,9.1146e-15
1429.4,6.7008e-25,4.127e-21,4.127e-21,4.1479e-21,4.1478e-21,1.1999e-18,4.2216e-16,9.4417e-15
1442.6,6.6715e-25,4.1626e-21,4.1626e-21,4.184e-21,4.184e-21,1.2011e-18,4.1894e-16,9.7806e-15
1456,6.6398e-25,4.1986e-21,4.1986e-21,4.2205e-21,4.2205e-21,1.2022e-18,4.1574e-16,1.0132e-14
1469.5,6.608e-25,4.2349e-21,4.2349e-21,4.2573e-21,4.2573e-21,1.2033e-18,4.1255e-16,1.0496e-14
1483.1,6.5782e-25,4.2716e-21,4.2716e-21,4.2946e-21,4.2946e-21,1.2044e-18,4.0938e-16,1.0873e-14
1496.8,6.5482e-25,4.3087e-21,4.3087e-21,4.3322e-21,4.3322e-21,1.2055e-18,4.0622e-16,1.1264e-14
1510.7,6.5182e-25,4.3461e-21,4.3461e-21,4.3702e-21,4.3702e-21,1.2065e-18,4.0308e-16,1.1669e-14
1524.7,6.489e-25,4.3839e-21,4.3839e-21,4.4086e-21,4.4086e-21,1.2076e-18,3.9996e-16,1.2089e-14
1538.8,6.46e-25,4.4221e-21,4.4221e-21,4.4473e-21,4.4473e-21,1.2086e-18,3.9685e-16,1.2524e-14
1553.1,6.4302e-25,4.4607e-21,4.4607e-21,4.4865e-21,4.4865e-21,1.2097e-18,3.9376e-16,1.2976e-14
1567.5,6.4021e-25,4.4996e-21,4.4996e-21,4.526e-21,4.526e-21,1.2107e-18,3.9068e-16,1.3443e-14
1582,6.377e-25,4.5389e-21,4.5389e-21,4.566e-21,4.566e-21,1.2117e-18,3.8762e-16,1.3927e-14
1596.6,6.3544e-25,4.5786e-21,4.5786e-21,4.6064e-21,4.6063e-21,1.2127e-18,3.8458e-16,1.443e-14
1611.4,6.3376e-25,4.6187e-21,4.6187e-21,4.6471e-21,4.6471e-21,1.2136e-18,3.8155e-16,1.495e-14
1626.3,6.338e-25,4.6591e-21,4.6591e-21,4.6883e-21,4.6882e-21,1.2146e-18,3.7854e-16,1.5489e-14
1641.4,6.4118e-25,4.6999e-21,4.6999e-21,4.7297e-21,4.7297e-21,1.2155e-18,3.7553e-16,1.6048e-14
1656.6,6.9804e-25,4.7404e-21,4.7404e-21,4.771e-21,4.771e-21,1.2163e-18,3.725e-16,1.6624e-14
1671.9,1.1436e-24,4.7746e-21,4.7746e-21,4.8059e-21,4.8059e-21,1.2153e-18,3.6896e-16,1.7198e-14
1687.4,6.4303e-25,4.8248e-21,4.8248e-21,4.8569e-21,4.8569e-21,1.2183e-18,3.6664e-16,1.7849e-14
1703.1,6.211e-25,4.8675e-21,4.8675e-21,4.9005e-21,4.9004e-21,1.2192e-18,3.6372e-16,1.8495e-14
1718.8,6.1372e-25,4.9105e-21,4.9105e-21,4.9442e-21,4.9442e-21,1.2201e-18,3.6081e-16,1.9163e-14
1734.8,6.0917e-25,4.9538e-21,4.9538e-21,4.9884e-21,4.9884e-21,1.221e-18,3.5791e-16,1.9856e-14
1750.8,6.0541e-25,4.9976e-21,4.9976e-21,5.0331e-21,5.0331e-21,1.2219e-18,3.5503e-16,2.0573e-14
1767,6.02e-25,5.0418e-21,5.0418e-21,5.0782e-21,5.0781e-21,1.2228e-18,3.5217e-16,2.1317e-14
1783.4,5.9885e-25,5.0864e-21,5.0864e-21,5.1237e-21,5.1237e-21,1.2236e-18,3.4931e-16,2.2088e-14
1799.9,5.9586e-25,5.1315e-21,5.1315e-21,5.1697e-21,5.1697e-21,1.2244e-18,3.4648e-16,2.2887e-14
1816.6,5.9299e-25,5.177e-21,5.177e-21,5.2161e-21,5.2161e-21,1.2253e-18,3.4366e-16,2.3715e-14
1833.4,5.8996e-25,5.2229e-21,5.2229e-21,5.2631e-21,5.263e-21,1.2261e-18,3.4086e-16,2.4573e-14
1850.4,5.8711e-25,5.2693e-21,5.2693e-21,5.3105e-21,5.3104e-21,1.2269e-18,3.3807e-16,2.5462e-14
1867.5,5.844e-25,5.3161e-21,5.3161e-21,5.3583e-21,5.3583e-21,1.2277e-18,3.3529e-16,2.6384e-14
1884.8,5.8152e-25,5.3634e-21,5.3634e-21,5.4067e-21,5.4067e-21,1.2285e-18,3.3254e-16,2.7339e-14
1902.3,5.7873e-25,5.4111e-21,5.4111e-21,5.4555e-21,5.4555e-21,1.2293e-18,3.2979e-16,2.8329e-14
1919.9,5.7598e-25,5.4593e-21,5.4593e-21,5.5049e-21,5.5049e-21,1.23e-18,3.2706e-16,2.9354e-14
1937.7,5.7333e-25,5.508e-21,5.508e-21,5.5547e-21,5.5547e-21,1.2308e-18,3.2435e-16,3.0417e-14
1955.7,5.706e-25,5.5572e-21,5.5572e-21,5.605e-21,5.605e-21,1.2315e-18,3.2165e-16,3.1518e-14
1973.8,5.6808e-25,5.6068e-21,5.6068e-21,5.6559e-21,5.6559e-21,1.2323e-18,3.1897e-16,3.266e-14
1992,5.6694e-25,5.6569e-21,5.6569e-21,5.7072e-21,5.7072e-21,1.233e-18,3.163e-16,3.3843e-14
2010.5,6.1726e-25,5.707e-21,5.707e-21,5.7586e-21,5.7586e-21,1.2336e-18,3.1362e-16,3.5065e-14
2029.1,5.6074e-25,5.7585e-21,5.7585e-21,5.8115e-21,5.8115e-21,1.2344e-18,3.1101e-16,3.6339e-14
2047.9,5.573e-25,5.8101e-21,5.8101e-21,5.8645e-21,5.8644e-21,1.2351e-18,3.0839e-16,3.7655e-14
2066.9,5.5444e-25,5.8622e-21,5.8622e-21,5.9179e-21,5.9179e-21,1.2358e-18,3.0578e-16,3.9019e-14
2086,5.5177e-25,5.9147e-21,5.9147e-21,5.9719e-21,5.9719e-21,1.2365e-18,3.0318e-16,4.0432e-14
2105.3,5.4903e-25,5.9678e-21,5.9678e-21,6.0265e-21,6.0265e-21,1.2372e-18,3.006e-16,4.1897e-14
2124.8,5.4652e-25,6.0214e-21,6.0214e-21,6.0816e-21,6.0816e-21,1.2379e-18,2.9803e-16,4.3414e-14
2144.5,5.4402e-25,6.0755e-21,6.0755e-21,6.1373e-21,6.1373e-21,1.2385e-18,2.9547e-16,4.4987e-14
2164.4,5.4142e-25,6.1301e-21,6.1301e-21,6.1935e-21,6.1935e-21,1.2392e-18,2.9293e-16,4.6616e-14
2184.4,5.389e-25,6.1853e-21,6.1853e-21,6.2503e-21,6.2503e-21,1.2398e-18,2.904e-16,4.8305e-14
2204.7,5.368e-25,6.241e-21,6.241e-21,6.3077e-21,6.3077e-21,1.2405e-18,2.8788e-16,5.0054e-14
2225.1,5.3485e-25,6.2972e-21,6.2972e-21,6.3657e-21,6.3656e-21,1.2411e-18,2.8538e-16,5.1867e-14
2245.7,5.3408e-25,6.3539e-21,6.3539e-21,6.4242e-21,6.4242e-21,1.2417e-18,2.8288e-16,5.3745e-14
2266.5,5.5064e-25,6.4111e-21,6.4111e-21,6.4832e-21,6.4832e-21,1.2423e-18,2.804e-16,5.569e-14
2287.5,9.8669e-25,6.4643e-21,6.4643e-21,6.5382e-21,6.5382e-21,1.242e-18,2.7773e-16,5.7665e-14
2308.7,5.499e-25,6.5273e-21,6.5273e-21,6.6033e-21,6.6033e-21,1.2435e-18,2.7547e-16,5.9796e-14
2330.1,5.2459e-25,6.5865e-21,6.5865e-21,6.6644e-21,6.6644e-21,1.2442e-18,2.7304e-16,6.1962e-14
2351.6,5.1968e-25,6.646e-21,6.646e-21,6.726e-21,6.726e-21,1.2448e-18,2.7061e-16,6.4205e-14
2373.4,5.1623e-25,6.7062e-21,6.7062e-21,6.7883e-21,6.7883e-21,1.2454e-18,2.6818e-16,6.6529e-14
2395.4,5.1337e-25,6.7669e-21,6.7669e-21,6.8512e-21,6.8511e-21,1.2459e-18,2.6578e-16,6.8936e-14
2417.6,5.1078e-25,6.8281e-21,6.8281e-21,6.9147e-21,6.9146e-21,1.2465e-18,2.6338e-16,7.1431e-14
2440,5.0812e-25,6.89e-21,6.89e-21,6.9788e-21,6.9788e-21,1.2471e-18,2.6099e-16,7.4015e-14
2462.6,5.0569e-25,6.9525e-21,6.9524e-21,7.0436e-21,7.0436e-21,1.2476e-18,2.5862e-16,7.6692e-14
2485.4,5.0306e-25,7.0155e-21,7.0155e-21,7.1091e-21,7.1091e-21,1.2482e-18,2.5626e-16,7.9465e-14
2508.4,5.0062e-25,7.0792e-21,7.0792e-21,7.1753e-21,7.1753e-21,1.2488e-18,2.5391e-16,8.2339e-14
2531.6,4.9818e-25,7.1434e-21,7.1434e-21,7.2421e-21,7.2421e-21,1.2493e-18,2.5157e-16,8.5315e-14
2555.1,4.9572e-25,7.2083e-21,7.2083e-21,7.3096e-21,7.3096e-21,1.2498e-18,2.4925e-16,8.8399e-14
2578.8,4.9334e-25,7.2738e-21,7.2738e-21,7.3778e-21,7.3778e-21,1.2504e-18,2.4694e-16,9.1593e-14
2602.6,4.9094e-25,7.34e-21,7.34e-21,7.4468e-21,7.4468e-21,1.2509e-18,2.4465e-16,9.4902e-14
2626.8,4.8853e-25,7.4068e-21,7.4068e-21,7.5164e-21,7.5164e-21,1.2514e-18,2.4238e-16,9.833e-14
2651.1,4.8609e-25,7.4742e-21,7.4742e-21,7.5868e-21,7.5867e-21,1.252e-18,2.4012e-16,1.0188e-13
2675.6,4.8374e-25,7.5422e-21,7.5422e-21,7.6578e-21,7.6578e-21,1.2525e-18,2.3789e-16,1.0556e-13
2700.4,4.8127e-25,7.6109e-21,7.6109e-21,7.7297e-21,7.7296e-21,1.253e-18,2.3568e-16,1.0937e-13
2725.4,4.7897e-25,7.6803e-21,7.6803e-21,7.8022e-21,7.8022e-21,1.2535e-18,2.3349e-16,1.1331e-13
2750.7,4.7665e-25,7.7504e-21,7.7503e-21,7.8755e-21,7.8755e-21,1.254e-18,2.3134e-16,1.174e-13
2776.2,4.7432e-25,7.8211e-21,7.8211e-21,7.9496e-21,7.9496e-21,1.2545e-18,2.2921e-16,1.2164e-13
2801.9,4.7207e-25,7.8924e-21,7.8924e-21,8.0245e-21,8.0245e-21,1.255e-18,2.2711e-16,1.2602e-13
2827.8,4.698e-25,7.9645e-21,7.9645e-21,8.1001e-21,8.1001e-21,1.2555e-18,2.2505e-16,1.3056e-13
2854,4.6754e-25,8.0373e-21,8.0373e-21,8.1765e-21,8.1765e-21,1.256e-18,2.2302e-16,1.3527e-13
2880.4,4.6529e-25,8.1107e-21,8.1107e-21,8.2538e-21,8.2538e-21,1.2565e-18,2.2103e-16,1.4014e-13
2907.1,4.6319e-25,8.1849e-21,8.1849e-21,8.3318e-21,8.3318e-21,1.2569e-18,2.1909e-16,1.4518e-13
2934,4.6127e-25,8.2597e-21,8.2597e-21,8.4107e-21,8.4106e-21,1.2574e-18,2.1718e-16,1.5041e-13
2961.2,4.602e-25,8.3353e-21,8.3353e-21,8.4903e-21,8.4903e-21,1.2579e-18,2.1531e-16,1.5582e-13
2988.7,4.6623e-25,8.4116e-21,8.4116e-21,8.5708e-21,8.5708e-21,1.2584e-18,2.1348e-16,1.6142e-13
3016.3,5.5627e-25,8.4881e-21,8.4881e-21,8.6517e-21,8.6517e-21,1.2588e-18,2.1167e-16,1.6722e-13
3044.3,4.553e-25,8.5664e-21,8.5664e-21,8.7344e-21,8.7344e-21,1.2593e-18,2.0994e-16,1.7324e-13
3072.5,4.5035e-25,8.645e-21,8.645e-21,8.8176e-21,8.8175e-21,1.2598e-18,2.0822e-16,1.7946e-13
3100.9,4.4747e-25,8.7243e-21,8.7242e-21,8.9016e-21,8.9015e-21,1.2602e-18,2.0654e-16,1.859e-13
3129.6,4.4506e-25,8.8043e-21,8.8043e-21,8.9864e-21,8.9864e-21,1.2607e-18,2.0488e-16,1.9257e-13
3158.6,4.4275e-25,8.8851e-21,8.8851e-21,9.0722e-21,9.0722e-21,1.2612e-18,2.0326e-16,1.9948e-13
3187.9,4.4047e-25,8.9667e-21,8.9667e-21,9.1589e-21,9.1589e-21,1.2616e-18,2.0166e-16,2.0664e-13
3217.4,4.3829e-25,9.049e-21,9.049e-21,9.2465e-21,9.2465e-21,1.2621e-18,2.0008e-16,2.1404e-13
3247.2,4.3608e-25,9.1322e-21,9.1322e-21,9.3351e-21,9.3351e-21,1.2626e-18,1.9853e-16,2.2171e-13
3277.3,4.3386e-25,9.2161e-21,9.2161e-21,9.4246e-21,9.4246e-21,1.263e-18,1.9699e-16,2.2965e-13
3307.6,4.3179e-25,9.3008e-21,9.3008e-21,9.5151e-21,9.5151e-21,1.2635e-18,1.9546e-16,2.3787e-13
3338.3,4.2954e-25,9.3864e-21,9.3864e-21,9.6065e-21,9.6065e-21,1.2639e-18,1.9395e-16,2.4638e-13
3369.2,4.2744e-25,9.4728e-21,9.4728e-21,9.699e-21,9.6989e-21,1.2644e-18,1.9245e-16,2.5519e-13
3400.4,4.2533e-25,9.56e-21,9.56e-21,9.7924e-21,9.7924e-21,1.2648e-18,1.9096e-16,2.6432e-13
3431.9,4.2326e-25,9.648e-21,9.648e-21,9.8868e-21,9.8868e-21,1.2653e-18,1.8948e-16,2.7376e-13
3463.7,4.2118e-25,9.7369e-21,9.7369e-21,9.9823e-21,9.9823e-21,1.2658e-18,1.88e-16,2.8353e-13
3495.8,4.1907e-25,9.8266e-21,9.8266e-21,1.0079e-20,1.0079e-20,1.2662e-18,1.8653e-16,2.9365e-13
3528.2,4.1695e-25,9.9172e-21,9.9172e-21,1.0176e-20,1.0176e-20,1.2667e-18,1.8507e-16,3.0412e-13
3560.8,4.1488e-25,1.0009e-20,1.0009e-20,1.0275e-20,1.0275e-20,1.2671e-18,1.8361e-16,3.1496e-13
3593.8,4.128e-25,1.0101e-20,1.0101e-20,1.0375e-20,1.0375e-20,1.2676e-18,1.8216e-16,3.2618e-13
3627.1,4.108e-25,1.0194e-20,1.0194e-20,1.0476e-20,1.0476e-20,1.268e-18,1.8072e-16,3.3779e-13
3660.7,4.0876e-25,1.0288e-20,1.0288e-20,1.0577e-20,1.0577e-20,1.2685e-18,1.7928e-16,3.4981e-13
3694.6,4.0683e-25,1.0383e-20,1.0383e-20,1.0681e-20,1.0681e-20,1.269e-18,1.7785e-16,3.6225e-13
3728.8,4.0495e-25,1.0479e-20,1.0479e-20,1.0785e-20,1.0785e-20,1.2694e-18,1.7642e-16,3.7513e-13
3763.4,4.0324e-25,1.0576e-20,1.0576e-20,1.089e-20,1.089e-20,1.2699e-18,1.75e-16,3.8845e-13
3798.2,4.1056e-25,1.0674e-20,1.0674e-20,1.0997e-20,1.0997e-20,1.2703e-18,1.7359e-16,4.0223e-13
3833.4,1.547e-24,1.0764e-20,1.0764e-20,1.1095e-20,1.1095e-20,1.2698e-18,1.7204e-16,4.1616e-13
3868.9,4.0219e-25,1.0872e-20,1.0872e-20,1.1213e-20,1.1213e-20,1.2713e-18,1.7078e-16,4.3127e-13
3904.7,3.9517e-25,1.0973e-20,1.0973e-20,1.1323e-20,1.1323e-20,1.2717e-18,1.6938e-16,4.4654e-13
3940.9,3.9279e-25,1.1075e-20,1.1075e-20,1.1435e-20,1.1435e-20,1.2722e-18,1.68e-16,4.6235e-13
3977.4,3.9074e-25,1.1177e-20,1.1177e-20,1.1547e-20,1.1547e-20,1.2727e-18,1.6662e-16,4.7871e-13
4014.2,3.887e-25,1.1281e-20,1.1281e-20,1.1661e-20,1.1661e-20,1.2732e-18,1.6525e-16,4.9563e-13
4051.4,3.8676e-25,1.1385e-20,1.1385e-20,1.1777e-20,1.1777e-20,1.2736e-18,1.6388e-16,5.1314e-13
4088.9,3.8476e-25,1.1491e-20,1.1491e-20,1.1893e-20,1.1893e-20,1.2741e-18,1.6253e-16,5.3125e-13
4126.8,3.8286e-25,1.1598e-20,1.1598e-20,1.2011e-20,1.2011e-20,1.2746e-18,1.6118e-16,5.4999e-13
4165,3.8094e-25,1.1705e-20,1.1705e-20,1.213e-20,1.213e-20,1.2751e-18,1.5984e-16,5.6937e-13
4203.6,3.7906e-25,1.1814e-20,1.1814e-20,1.2251e-20,1.2251e-20,1.2756e-18,1.5851e-16,5.8943e-13
4242.6,3.7706e-25,1.1923e-20,1.1923e-20,1.2373e-20,1.2373e-20,1.276e-18,1.5719e-16,6.1017e-13
4281.9,3.7514e-25,1.2034e-20,1.2034e-20,1.2496e-20,1.2496e-20,1.2765e-18,1.5587e-16,6.3163e-13
4321.5,3.7335e-25,1.2146e-20,1.2146e-20,1.2621e-20,1.2621e-20,1.277e-18,1.5457e-16,6.5383e-13
4361.5,3.7145e-25,1.2259e-20,1.2259e-20,1.2747e-20,1.2747e-20,1.2775e-18,1.5328e-16,6.7678e-13
4401.9,3.6954e-25,1.2373e-20,1.2373e-20,1.2875e-20,1.2875e-20,1.278e-18,1.5199e-16,7.0053e-13
4442.7,3.6765e-25,1.2488e-20,1.2488e-20,1.3004e-20,1.3004e-20,1.2785e-18,1.5071e-16,7.2509e-13
4483.9,3.6585e-25,1.2604e-20,1.2604e-20,1.3135e-20,1.3135e-20,1.279e-18,1.4945e-16,7.5049e-13
4525.4,3.6394e-25,1.2722e-20,1.2722e-20,1.3267e-20,1.3267e-20,1.2796e-18,1.4819e-16,7.7675e-13
4567.3,3.6217e-25,1.284e-20,1.284e-20,1.3401e-20,1.3401e-20,1.2801e-18,1.4694e-16,8.0392e-13
4609.6,3.6045e-25,1.296e-20,1.296e-20,1.3537e-20,1.3537e-20,1.2806e-18,1.457e-16,8.3201e-13
4652.3,3.5863e-25,1.308e-20,1.308e-20,1.3674e-20,1.3674e-20,1.2811e-18,1.4448e-16,8.6106e-13
4695.4,3.5732e-25,1.3202e-20,1.3202e-20,1.3813e-20,1.3813e-20,1.2817e-18,1.4326e-16,8.911e-13
4738.9,3.6241e-25,1.3325e-20,1.3325e-20,1.3953e-20,1.3953e-20,1.2822e-18,1.4205e-16,9.2216e-13
4782.8,3.5673e-25,1.345e-20,1.345e-20,1.4095e-20,1.4095e-20,1.2827e-18,1.4085e-16,9.5428e-13
4827.1,3.517e-25,1.3575e-20,1.3575e-20,1.4239e-20,1.4239e-20,1.2833e-18,1.3966e-16,9.8749e-13
4871.8,3.497e-25,1.3702e-20,1.3702e-20,1.4385e-20,1.4385e-20,1.2838e-18,1.3848e-16,1.0218e-12
4916.9,3.478e-25,1.383e-20,1.383e-20,1.4532e-20,1.4532e-20,1.2844e-18,1.3731e-16,1.0573e-12
4962.4,3.4595e-25,1.3959e-20,1.3959e-20,1.4682e-20,1.4682e-20,1.2849e-18,1.3615e-16,1.094e-12
5008.4,3.4423e-25,1.409e-20,1.409e-20,1.4833e-20,1.4833e-20,1.2855e-18,1.35e-16,1.132e-12
5054.8,3.4244e-25,1.4221e-20,1.4221e-20,1.4986e-20,1.4986e-20,1.2861e-18,1.3385e-16,1.1712e-12
5101.6,3.4074e-25,1.4354e-20,1.4354e-20,1.5141e-20,1.514e-20,1.2867e-18,1.3272e-16,1.2118e-12
5148.9,3.3903e-25,1.4489e-20,1.4489e-20,1.5297e-20,1.5297e-20,1.2873e-18,1.316e-16,1.2538e-12
5196.6,3.3724e-25,1.4624e-20,1.4624e-20,1.5456e-20,1.5456e-20,1.2878e-18,1.3049e-16,1.2972e-12
5244.7,3.3553e-25,1.4761e-20,1.4761e-20,1.5617e-20,1.5617e-20,1.2884e-18,1.2939e-16,1.342e-12
5293.3,3.3381e-25,1.4899e-20,1.4899e-20,1.578e-20,1.578e-20,1.2891e-18,1.2829e-16,1.3884e-12
5342.3,3.3211e-25,1.5039e-20,1.5039e-20,1.5945e-20,1.5945e-20,1.2897e-18,1.2721e-16,1.4364e-12
5391.8,3.3043e-25,1.518e-20,1.518e-20,1.6112e-20,1.6112e-20,1.2903e-18,1.2613e-16,1.486e-12
5441.7,3.2873e-25,1.5322e-20,1.5322e-20,1.6281e-20,1.6281e-20,1.2909e-18,1.2507e-16,1.5374e-12
5492.1,3.2713e-25,1.5466e-20,1.5466e-20,1.6452e-20,1.6452e-20,1.2916e-18,1.2402e-16,1.5905e-12
5543,3.2544e-25,1.5611e-20,1.5611e-20,1.6626e-20,1.6626e-20,1.2922e-18,1.2297e-16,1.6454e-12
5594.3,3.2375e-25,1.5758e-20,1.5758e-20,1.6802e-20,1.6802e-20,1.2929e-18,1.2193e-16,1.7023e-12
5646.1,3.222e-25,1.5906e-20,1.5906e-20,1.698e-20,1.698e-20,1.2935e-18,1.2091e-16,1.7611e-12
5698.4,3.2067e-25,1.6055e-20,1.6055e-20,1.716e-20,1.716e-20,1.2942e-18,1.1989e-16,1.8221e-12
5751.2,3.206e-25,1.6206e-20,1.6206e-20,1.7343e-20,1.7343e-20,1.2949e-18,1.1888e-16,1.8852e-12
5804.5,3.2158e-25,1.6358e-20,1.6358e-20,1.7529e-20,1.7528e-20,1.2956e-18,1.1788e-16,1.9506e-12
5858.2,3.1593e-25,1.6512e-20,1.6512e-20,1.7717e-20,1.7716e-20,1.2963e-18,1.1689e-16,2.0184e-12
5912.5,3.1413e-25,1.6668e-20,1.6668e-20,1.7907e-20,1.7907e-20,1.297e-18,1.1591e-16,2.0887e-12
5967.3,3.1235e-25,1.6825e-20,1.6825e-20,1.81e-20,1.81e-20,1.2977e-18,1.1494e-16,2.1616e-12
6022.5,3.1085e-25,1.6983e-20,1.6983e-20,1.8295e-20,1.8295e-20,1.2984e-18,1.1398e-16,2.2374e-12
6078.3,3.0922e-25,1.7143e-20,1.7143e-20,1.8494e-20,1.8493e-20,1.2991e-18,1.1303e-16,2.3162e-12
6134.6,3.0763e-25,1.7305e-20,1.7305e-20,1.8695e-20,1.8694e-20,1.2999e-18,1.1208e-16,2.3981e-12
6191.4,3.06e-25,1.7468e-20,1.7468e-20,1.8899e-20,1.8898e-20,1.3007e-18,1.1115e-16,2.4835e-12
6248.8,3.0442e-25,1.7633e-20,1.7633e-20,1.9105e-20,1.9105e-20,1.3014e-18,1.1022e-16,2.5725e-12
6306.7,3.0292e-25,1.7799e-20,1.7799e-20,1.9315e-20,1.9314e-20,1.3022e-18,1.0931e-16,2.6655e-12
6365.1,3.0131e-25,1.7967e-20,1.7967e-20,1.9527e-20,1.9527e-20,1.303e-18,1.084e-16,2.7628e-12
6424,2.9981e-25,1.8137e-20,1.8137e-20,1.9743e-20,1.9742e-20,1.3038e-18,1.075e-16,2.8648e-12
6483.5,2.9833e-25,1.8308e-20,1.8308e-20,1.9961e-20,1.9961e-20,1.3046e-18,1.0661e-16,2.9718e-12
6543.6,2.9673e-25,1.8481e-20,1.8481e-20,2.0183e-20,2.0183e-20,1.3054e-18,1.0573e-16,3.0845e-12
6604.2,2.9522e-25,1.8656e-20,1.8656e-20,2.0408e-20,2.0408e-20,1.3063e-18,1.0486e-16,3.2033e-12
6665.4,2.9372e-25,1.8833e-20,1.8832e-20,2.0636e-20,2.0636e-20,1.3071e-18,1.04e-16,3.3288e-12
6727.1,2.9225e-25,1.9011e-20,1.9011e-20,2.0868e-20,2.0867e-20,1.308e-18,1.0315e-16,3.4613e-12
6789.4,2.9079e-25,1.9191e-20,1.9191e-20,2.1103e-20,2.1102e-20,1.3089e-18,1.023e-16,3.6012e-12
6852.3,2.9041e-25,1.9373e-20,1.9373e-20,2.1341e-20,2.1341e-20,1.3098e-18,1.0147e-16,3.7482e-12
6915.8,4.6527e-25,1.9556e-20,1.9556e-20,2.1583e-20,2.1583e-20,1.3107e-18,1.0064e-16,3.901e-12
6979.8,2.8715e-25,1.9742e-20,1.9742e-20,2.1829e-20,2.1828e-20,1.3116e-18,9.9825e-17,4.0564e-12
7044.5,2.8488e-25,1.9929e-20,1.9929e-20,2.2078e-20,2.2078e-20,1.3125e-18,9.9018e-17,4.2078e-12
7109.7,2.8335e-25,2.0118e-20,2.0118e-20,2.2332e-20,2.2331e-20,1.3135e-18,9.822e-17,4.3429e-12
7175.6,2.8193e-25,2.0309e-20,2.0309e-20,2.2589e-20,2.2588e-20,1.3144e-18,9.7431e-17,4.4408e-12
7242,2.8042e-25,2.0502e-20,2.0502e-20,2.285e-20,2.2849e-20,1.3154e-18,9.6652e-17,4.4682e-12
7309.1,2.7901e-25,2.0697e-20,2.0697e-20,2.3115e-20,2.3114e-20,1.3164e-18,9.5882e-17,4.3273e-12
7376.8,2.7761e-25,2.0894e-20,2.0894e-20,2.3384e-20,2.3383e-20,1.3174e-18,9.5122e-17,4.6421e-12
7445.1,2.7611e-25,2.1093e-20,2.1092e-20,2.3657e-20,2.3657e-20,1.3184e-18,9.4372e-17,4.2882e-12
7514.1,2.7471e-25,2.1293e-20,2.1293e-20,2.3935e-20,2.3934e-20,1.3194e-18,9.3632e-17,4.0521e-12
7583.7,2.7331e-25,2.1496e-20,2.1496e-20,2.4218e-20,2.4217e-20,1.3205e-18,9.2902e-17,3.8529e-12
7653.9,2.7191e-25,2.1701e-20,2.1701e-20,2.4504e-20,2.4503e-20,1.3216e-18,9.2182e-17,3.7063e-12
7724.8,2.7051e-25,2.1908e-20,2.1908e-20,2.4796e-20,2.4795e-20,1.3226e-18,9.1474e-17,3.617e-12
7796.4,2.6911e-25,2.2117e-20,2.2116e-20,2.5092e-20,2.5091e-20,1.3237e-18,9.0776e-17,3.5782e-12
7868.6,2.6773e-25,2.2328e-20,2.2327e-20,2.5393e-20,2.5392e-20,1.3248e-18,9.0091e-17,3.5785e-12
7941.5,2.6642e-25,2.2541e-20,2.254e-20,2.5699e-20,2.5698e-20,1.326e-18,8.9417e-17,3.6066e-12
8015,2.6507e-25,2.2756e-20,2.2756e-20,2.6011e-20,2.6009e-20,1.3271e-18,8.8756e-17,3.6531e-12
8089.2,2.6399e-25,2.2974e-20,2.2973e-20,2.6327e-20,2.6326e-20,1.3283e-18,8.8109e-17,3.711e-12
8164.2,2.6546e-25,2.3193e-20,2.3193e-20,2.6649e-20,2.6648e-20,1.3295e-18,8.7475e-17,3.7755e-12
8239.8,2.6104e-25,2.3415e-20,2.3414e-20,2.6977e-20,2.6975e-20,1.3306e-18,8.6856e-17,3.8431e-12
8316.1,2.5964e-25,2.3639e-20,2.3638e-20,2.731e-20,2.7308e-20,1.3319e-18,8.6253e-17,3.9115e-12
8393.1,2.5822e-25,2.3865e-20,2.3865e-20,2.7649e-20,2.7647e-20,1.3331e-18,8.5666e-17,3.979e-12
8470.9,2.5691e-25,2.4094e-20,2.4093e-20,2.7994e-20,2.7991e-20,1.3343e-18,8.5097e-17,4.0447e-12
8549.3,2.556e-25,2.4325e-20,2.4324e-20,2.8345e-20,2.8342e-20,1.3356e-18,8.4547e-17,4.1079e-12
8628.5,2.5432e-25,2.4558e-20,2.4557e-20,2.8702e-20,2.8699e-20,1.3368e-18,8.4017e-17,4.1681e-12
8708.4,2.53e-25,2.4794e-20,2.4793e-20,2.9066e-20,2.9063e-20,1.3381e-18,8.3508e-17,4.2253e-12
8789.1,2.517e-25,2.5032e-20,2.503e-20,2.9436e-20,2.9433e-20,1.3394e-18,8.3021e-17,4.2795e-12
8870.5,2.504e-25,2.5272e-20,2.5271e-20,2.9813e-20,2.981e-20,1.3407e-18,8.2559e-17,4.3311e-12
8952.7,2.4911e-25,2.5515e-20,2.5513e-20,3.0197e-20,3.0194e-20,1.3421e-18,8.2122e-17,4.3805e-12
9035.6,2.4781e-25,2.576e-20,2.5758e-20,3.0588e-20,3.0585e-20,1.3434e-18,8.1712e-17,4.4285e-12
9119.3,2.4651e-25,2.6008e-20,2.6006e-20,3.0987e-20,3.0983e-20,1.3447e-18,8.1328e-17,4.4759e-12
9203.7,2.4532e-25,2.6258e-20,2.6256e-20,3.1393e-20,3.1389e-20,1.3461e-18,8.0972e-17,4.524e-12
9289,2.4403e-25,2.6511e-20,2.6509e-20,3.1807e-20,3.1803e-20,1.3475e-18,8.0642e-17,4.5742e-12
9375,2.4289e-25,2.6766e-20,2.6764e-20,3.2229e-20,3.2224e-20,1.3489e-18,8.0335e-17,4.6283e-12
9461.8,2.4462e-25,2.7024e-20,2.7022e-20,3.2659e-20,3.2654e-20,1.3503e-18,8.005e-17,4.688e-12
9549.5,2.4048e-25,2.7285e-20,2.7282e-20,3.3098e-20,3.3092e-20,1.3518e-18,7.9779e-17,4.7558e-12
9637.9,2.3904e-25,2.7548e-20,2.7545e-20,3.3545e-20,3.354e-20,1.3532e-18,7.9517e-17,4.8339e-12
9727.2,2.3781e-25,2.7814e-20,2.781e-20,3.4002e-20,3.3996e-20,1.3548e-18,7.9255e-17,4.9251e-12
9817.3,2.3661e-25,2.8082e-20,2.8079e-20,3.4467e-20,3.4461e-20,1.3563e-18,7.8982e-17,5.0318e-12
9908.2,2.354e-25,2.8353e-20,2.835e-20,3.4942e-20,3.4936e-20,1.3579e-18,7.8687e-17,5.1567e-12
10000,2.3411e-25,2.8627e-20,2.8624e-20,3.5427e-20,3.5421e-20,1.3595e-18,7.8361e-17,5.3022e-12
