# 05/31 2018 01:00 - 07/02 2019 00:00 (JST)
# 1211731218 - 1246028418
# Pressure [hPa]
946.9
946.4
946.1
946.2
946.3
945.9
945.5
945.4
945.1
944.5
945.3
944.9
943.9
942.9
942.6
942.2
941.9
941.4
941.6
942.5
943.3
944
944.3
944.4
944.3
944.7
945
945.7
946.3
946.8
947.4
947.7
948
948.4
948.3
947.9
947.6
947.5
947.2
947.5
947.9
948.7
949.5
950.2
951.2
951.6
951.6
951.6
951.9
951.9
952
952.5
952.9
953.1
953.4
953.3
952.8
951.9
951.2
950.3
949.6
949.2
948.9
948.7
948.8
949.7
950.7
951.3
952.2
952.7
952.9
952.7
952.6
952.6
952.6
952.9
953.1
953.5
953.7
953.4
952.8
951.9
951.1
950.4
949.6
949.2
949.2
949.7
949.9
950.2
951.1
951.7
952.4
952.7
952.5
952.6
952.8
952.7
952.5
952.7
952.7
952.7
952.7
952.3
951.8
951.5
951
950.1
949
948.4
947.8
948.5
948.7
949.4
950
950.3
951.2
951.7
951.2
951.6
951.5
951.7
951.2
951.9
952.1
952.3
951.8
951.8
951.5
951.5
950.7
949.5
948.8
948.5
949.1
949.6
950.5
950.6
950
950.3
950.3
950.4
950.2
950.1
950.1
949.9
949.5
949.5
949.9
950.1
949.9
950.3
950.2
949.6
948.8
948
947.3
947.7
947.7
947.8
947.5
947.7
947.7
948.2
949.2
948.9
949
948.8
948.8
949.2
949.7
949.9
950.3
950.6
950.6
950.6
950.2
949.6
948.7
947.8
947.4
947.2
947.1
947.3
947.6
948
948.8
949.3
949.6
949.5
949.2
948.8
948.4
947.9
948.2
948
948.2
948.2
947.9
947.7
947.1
946.6
945.8
944.2
943.8
943.4
943.6
944
943.8
944.8
944.4
944.3
944.8
944.7
944.3
943.6
943.3
943.6
943.1
942.8
942.8
943
943.5
943.6
943.3
943.2
943.3
942.8
942.4
942.3
942
942.2
942.5
943.3
943.8
944.7
945.6
945.6
945.5
945
944.7
944.4
944.3
943.9
944.2
944.4
944.8
944.5
944.1
944.1
943.4
942.7
942.1
941.6
941.4
941.6
941.1
941.1
941.3
941
941.1
940.9
940.5
940
939.2
938.3
937.8
937.3
936.9
936.4
935.7
935.1
934.7
934.1
933.3
932.5
931.8
931.4
931.1
930.9
930.9
931.2
931.8
932.2
932.2
932.4
932.5
932.7
932.8
932.8
933.2
933.7
933.8
933.7
933.9
933.8
933.8
934
933.6
934.6
934.9
934.7
934.8
935.1
935.1
935.8
936.4
936.6
937.4
937.9
937.9
938
938
938.1
938.3
939
939.7
940.2
940.9
941.1
941.3
941.6
941.6
941.6
941.8
942.1
942.2
942.2
942.6
943.5
943.7
944
945
945.4
945.6
946
946
945.8
945.7
946
946.6
946.7
946.9
946.9
946.3
946
945.1
944.2
943.6
943.2
943.2
943.8
944.1
945.1
945.7
946.2
946.8
946.6
946.5
946.2
945.9
945.8
945.6
945.5
945.2
945.4
945.2
944.6
944.9
944.7
944.3
943.7
943.2
942.9
942.9
943
943
943.5
944
944.5
945
945.5
945.6
945.7
945.7
945.7
946.1
946.4
947
947.3
947.4
947.5
947.4
947.4
947
946.3
945.6
945.1
945.4
946.2
947
947.7
948.3
949
949.7
950
950.1
950
950
950.4
950.3
950.7
951.1
951.5
951.4
950.9
950.5
949.7
949
948.4
947.5
947.4
947.8
948.2
948.6
949.1
949.5
949.6
950.3
950.3
950
949.6
949.5
948.8
948.6
948.1
948.4
947.8
948.5
948.2
947.5
946.9
946.8
946.5
945.6
944.4
943.6
943.2
942.8
943.1
943.4
944.1
944.8
945.2
945.3
945.1
944.9
945
945.2
945.3
945.5
945.8
945.6
945.4
944.9
944.5
944.1
943.6
943.4
943.2
943.1
943.2
943.4
944.2
944.7
944.8
945.1
945.4
945.1
944.1
943
942.2
941.5
941.2
940.8
939.8
940.1
940.5
939.5
939.5
939.4
939.1
938.3
937.9
937.9
937.7
937.3
938
938.4
938.3
938.4
938.6
938.4
938.2
937.6
937.8
938.3
938.8
939.4
939.3
940.3
940.7
940.9
940.7
940.7
940.2
939.9
939.9
939.8
940
940.3
941.2
942.5
943.4
944.2
944.5
944.8
945.2
945.5
945.7
945.9
946.7
947
947.1
947.2
947.4
947.1
946.9
946.3
945.6
944.9
944.7
944.4
944.5
944.8
945.1
945.7
946.5
947.3
947.5
947.4
947.2
947.3
946.6
946.2
946.1
946.2
946.1
946.2
945.6
944.9
944.3
942.2
941.1
941.2
941.7
942.7
941.6
941.1
941.6
942.2
942.1
942.7
942.7
943
943
943.3
942.9
942.6
942.7
943.1
943.2
943.3
943.7
943.3
942.8
942.5
942.1
942.2
941.7
941.4
942.3
942.8
943.5
944.5
945.5
946.5
947.4
947.5
947.9
948.1
948.3
948.6
949.1
949.7
950.3
950.6
950.5
950.3
949.8
949.5
949
948.3
948.2
948
948
948
948.7
949.5
950.2
951
951.7
951.8
951.8
951.7
951.3
951.3
951.5
951.8
952.4
952.5
952.5
951.7
951.4
951
950.2
949.5
949.2
948.9
949.4
949.4
949.2
949.7
950
950.1
949
948.4
947.7
947.3
946.5
945.6
945.4
945.6
945.3
945.3
945.5
945.5
945.5
945.2
945.1
945.1
944.6
944.1
944
943.4
943.3
943.3
943.6
944.2
944.2
944.2
944.1
943.7
943.2
942.9
942.5
942.8
942.8
943
943.4
943.4
944.6
944.8
944.6
944.5
944.6
944.3
943.9
944
944.2
944.5
944.6
945.1
945.5
945.9
945.7
945.6
945.6
945.7
946.1
946.6
946.3
946.9
946.9
946.5
947
947
946.8
946.7
947.4
948.2
948.7
949.1
950.2
950.3
951.8
952.3
952.3
952.3
952.4
952.8
953.1
953
953.1
953.3
953.5
953.8
954.1
954.4
954.7
954.6
954.4
954.3
954.3
954
953.7
954.2
955.2
955.8
956.1
956.5
956.5
956.5
956
955.9
955.7
955.9
956
956.3
956.4
956.7
956.7
956.6
956.3
955.9
955.2
954.6
954.3
953.9
953.8
954
954.4
954.8
955.3
956
956.2
956
955.8
955.7
955.4
955.3
955.2
955.2
955.2
954.7
954.2
953.7
953.4
953.1
952.7
952
951.6
950.9
950.6
950.2
950.3
950.2
950.5
951.1
951
950.7
950.4
950.2
949.9
949.7
949.5
949.5
949.3
949.1
948.7
948.1
947.7
947.5
946.8
946
945.3
944.7
944.5
944.7
945.1
945.4
945.5
945.4
945.4
945.1
944.4
943.9
943.1
942.6
942.1
941.7
941.6
941.5
941.3
940.7
939.8
939.3
938.9
938.4
938.5
938.3
938.2
938.1
938.7
938.4
939.7
940.2
940.4
940.7
941
940.8
940.7
940.8
941.6
942.2
942.5
942.6
942.8
942.8
942.8
942.5
942.5
942.1
941.6
941.4
941.7
942.2
943
942.9
942.9
943.5
944.4
944.4
944.3
944.6
945.1
945.1
945.3
945.7
946.1
946.6
946.8
946.8
946.1
946.1
945.7
945.4
945.4
944.8
944.2
945.1
945.5
945.8
946.1
946.2
945.9
945.4
944.8
944.3
944.1
944.4
944.8
945.7
945.9
946.5
946.9
946.7
947.2
947.2
947.2
947.2
947.5
947.3
946.7
946.8
946.9
947.4
948.3
948.6
949.2
948.8
949
949
949
949.3
950.1
950.4
950.6
951
951.3
951.8
952.2
952.4
952.3
952.3
952
951.8
951.8
952.3
952.4
953.1
953.6
954.3
954.7
955
954.9
954.8
954.7
954.8
955.1
955.6
955.8
956.1
956.3
956.1
955.8
955.4
955
954.5
954
953.8
953.6
953.7
954.5
955.6
956.2
956.9
956.8
956.9
956.7
956.5
956.4
956.2
956.2
956.5
956.8
956.4
956.3
955.9
955.6
955.2
954.6
954.1
953.7
953.4
953.2
953.6
954.5
955
955.6
956
956
955.7
955.4
955.1
954.4
954.2
954.4
954.4
954.7
954.9
954.6
954.2
953.9
953.5
953.1
952.4
951.7
951.6
951.7
951.6
951.8
952.3
952.9
953.5
953.1
952.9
952.4
951.9
951.7
951.7
951.4
951.3
951.2
951.2
951.4
951.2
950.9
950.7
950
949.8
950.1
950.1
950.1
950
950.2
950.4
950.3
950.6
950.4
950.2
950.2
950
949.8
949.8
949.7
949.8
949.9
950.1
950
949.7
949.3
949
948.4
947.9
947.5
947.5
947.6
947.5
947.8
948.2
948.5
948.9
949
949.3
949.3
949.1
949.1
949.4
949.3
949.5
949.9
950.2
950.2
949.7
949.4
948.8
948.2
947.6
947.3
947.2
947.2
947.1
947.6
948.1
948.8
949.6
950
950.2
950
949.9
950
950.1
950.1
950.6
951
951.1
951
950.7
950.5
950.1
949.6
948.7
948.4
948.2
947.9
948.1
948.7
949.3
949.8
950.4
950.7
951
951
950.6
950.4
950.5
951
951.3
951.7
951.8
951.7
951.3
950.8
950.3
949.8
949.4
949.1
948.9
948.6
948.8
948.8
949.4
950
950.7
950.8
950.8
950.6
950.5
950.8
950.9
951.3
951.6
951.8
951.6
951.2
950.6
950.1
949.4
949
948.6
948.2
948
947.9
948.2
948.4
948.8
949.1
949.5
949.8
949.9
950
950.1
950.4
950.8
950.9
951.2
951
951
950.5
949.9
949.3
948.8
948.3
948
947.8
947.6
947.6
947.5
947.8
948.1
948.6
949.1
949.2
949.2
949.1
949.1
949.4
949.5
949.9
950.2
950.5
950.5
950.4
950
949.4
948.6
947.7
947.1
946.7
946.4
946.5
946.6
947.3
947.8
948.2
948.7
948.7
949
948.9
949
949
949.1
949.4
949.8
950
950.1
949.7
949.6
949.3
948.9
948.6
948
947.9
947.5
947.5
947.8
948.5
949.2
949.9
950.4
950.3
950.7
950.5
950.4
950.2
950.1
950.4
950.5
950.7
950.9
950.7
950.5
950.1
949.4
948.8
948.3
947.7
947.3
947.3
947.4
947.7
948.6
949.2
949.5
950
949.9
949.4
949.3
949.2
949.2
949.4
949.9
950.3
950.1
949.8
949.4
948.7
948.1
947.6
947
946.5
946.4
946.5
946.7
946.9
947.5
947.7
948
948
948
947.8
947.5
947.5
947.5
947.7
948
948.2
948.1
947.9
947.2
946.7
946.4
945.8
945.2
944.8
944.1
943.9
944.1
944.4
944.8
945.4
945.8
946.1
946.1
946.1
946
945.9
945.9
945.9
945.8
946
946.3
946.1
945.7
945.2
944.5
944.1
944
943.8
943.8
944.1
944.4
944.8
945.3
945.8
946.4
946.7
946.7
946.5
946.6
946.5
946.6
946.8
947.2
947.4
947.5
947.6
947.1
946.7
946.2
945.5
945.1
944.7
944.3
944.5
944.7
944.9
945.6
946.2
946.6
946.9
947
947
946.8
946.8
946.9
946.9
947.2
947.4
947.3
947.2
947
946.8
946.4
945.4
944.9
944.2
944
943.5
943.6
943.7
944.3
944.8
945.3
945.2
945.1
945.1
945.3
945.5
945.2
945.2
945.2
945.5
945.6
945.4
945.1
944.8
944.3
944
942.9
942.7
942.1
941.9
942
942.6
942.9
943.5
943.9
943.9
943.8
943.5
943.2
942.7
942.2
942.1
942.2
942.2
942.4
942.5
942.4
942.3
941.7
940.8
940.4
939.2
938.6
937.7
937.1
936.4
935
934.6
934.1
933
933.3
933
932.9
933.6
934.4
934.7
935.9
936.9
937.6
937.8
937.9
938.2
938.3
938.8
939.1
939.1
939.3
939.9
940.8
941.8
942.7
943.7
944.5
945
945.3
945.4
945.7
945.8
945.8
945.8
946.2
946.5
946.4
946.4
945.8
945.5
944.8
944
943.2
942.7
942.4
942.7
943
943.6
944.4
944.9
945.6
945.5
945.6
945.1
945.1
945.1
945.3
945.3
945.6
945.8
945.9
945.8
945.6
945.1
944.5
943.5
942.6
941.9
941.4
941.3
942.3
942.7
943.2
943.6
943.9
944.2
944
943.7
943.4
943.5
943.6
943.7
943.9
944.3
944.2
944
943.6
942.9
942.4
941.8
941.3
940.9
940.6
941.1
941.8
942.2
942.8
943.4
944
944.3
944.5
944.4
944.3
944.3
944.5
944.8
945
945.4
945.5
945.8
945.4
945.2
944.6
944
943.5
943.3
943.4
943.4
943.5
944.3
944.8
945
945.5
945.8
945.8
945.7
945.6
945.8
945.9
946
946.5
946.8
947
947.1
946.7
946.3
946
945.5
945.2
944.9
944.8
945
945.1
945.2
945.6
946
946.6
946.6
947
946.8
946.8
946.7
946.7
947
947.2
947.7
947.8
947.4
946.8
946.1
945.3
944.5
943.9
943.5
943.5
943.4
943.7
943.9
944.3
944.9
945.5
945.7
946
945.8
945.4
945.3
945.4
945.6
945.6
945.7
945.9
945.7
945.2
944.8
944.2
943.6
942.8
942.1
941.6
941.4
941.4
941.7
942.2
943.2
943.7
943.8
943.8
943.6
943.3
943.4
943.4
943.5
943.8
943.8
943.8
943.4
943.1
942.8
942.6
942.5
941.6
941.3
941
941
941.6
942.4
943
943.3
944
943.9
943.9
943.6
943.8
943.9
943.8
943.6
944
944.3
944.9
944.9
944.8
944.3
943.4
942.4
941.7
941.3
941.8
942.5
943
943.6
944
944.3
944.4
944
944.4
944.1
943.5
943
942.5
942.4
942.7
942.9
943.1
942.9
942.7
942.1
941.1
939.8
939.4
939.3
939.5
939.9
940
940.1
940.4
940.7
940.5
940.3
940.1
939.6
939.1
938.6
938.1
937.9
938.3
938.6
938.7
938.5
938.6
938.8
938.8
938.6
938.3
937.9
937.8
938.2
938
938.6
939.3
939.8
940.5
940.7
940.8
940.6
940.7
940.7
941.1
941.1
941.4
941.6
941.6
941.6
941.7
941.6
941.2
940.3
939.7
939.3
939.2
939.7
940.1
940.6
941.1
941.9
942.4
942.5
942.7
942.7
942.6
942.7
942.7
942.6
942.9
943.4
943.8
943.9
944
944.4
943.8
943.2
942.7
942.1
942.2
942.5
942.7
943.5
944.2
945.2
945.8
945.8
946.3
946.3
946.2
946
946.2
946.5
947
947.4
947.8
948.1
948
947.8
947.2
947
946.9
946.5
946.6
946.6
946.9
947.9
949.6
949.9
950.1
950.4
950.6
950.4
950.6
950.5
950.7
950.7
950.9
950.8
951
950.9
950.9
950.6
950.3
949.7
949.4
949.6
949.9
950.4
950
950.4
951.1
951.4
951.7
951.5
951.5
951.3
951.2
951.2
951.2
951.1
951.4
951.1
951.7
951.9
951.9
951.9
951.2
950.4
949.8
949.2
949.6
950.1
950.8
951.6
952.2
952.4
953
952.9
952.9
952.8
952.6
952.3
952.5
952.9
953
953.1
953.1
952.8
952.3
951.8
951.9
951.3
951.3
951
950.3
950.5
950.3
950.3
950.6
950.8
950.5
950
949.5
948.9
948.4
948.1
947.7
947.2
946.8
946.6
946.7
946.6
946.3
946.6
945.7
945.5
944.6
944
945.4
945
944.1
944.5
945.1
946.3
947.1
947.2
947.2
947.4
947.5
947.1
946.8
947
947.3
947.5
947.8
947.9
948.1
948.3
948.1
948.1
947.7
947.2
946.9
947.3
947.1
947.6
948.5
949.4
950
950.5
950.3
950
949.7
950
950.2
950
950.1
950.6
950.9
950.7
950.5
950
949
948.2
947.8
947.1
946.7
946.4
946.3
946.8
947.6
948.6
949.1
949.4
949.7
949.8
949.7
950
950.4
950.6
951.2
951.8
952
951.8
951.7
951
950.6
949.6
949
948.5
948.2
948.1
948.3
948.6
949.1
950.1
950.4
950.7
950.9
950.8
950.4
950.4
950.6
950.8
950.9
951.1
951.2
950.9
950.5
949.6
948.6
947.5
947.2
947.5
947.4
947.2
947.3
947.6
948
948.9
949.3
948.9
948.8
948.2
948
948.4
948.1
948
948.1
948.4
948.9
948.8
948.8
948.8
948.6
948.1
947.7
947.3
947.3
947.6
947.8
948.1
948.9
949.5
949.9
950
950.4
950.4
950.3
950.1
950
950.4
950.6
951.2
951.6
951.6
951.5
951.3
951.1
950.8
950.5
949.8
949.2
949.1
949.4
949.5
950.2
951.1
951.6
951.8
951.8
951.4
951
950.8
950.8
950.9
950.8
950.8
950.8
950
949.3
948.4
947.2
946.7
946.7
945.9
945.2
945.2
945.9
945.2
945
945.4
945
944.2
943.2
942.4
941.7
942.1
942.5
942.6
942.8
943.5
944
944.5
944.8
944.9
945.2
945.2
945.5
945.2
945.2
945.5
946.1
946.3
946.8
947.4
947.8
947.9
948.1
948.2
948.1
948.3
948.1
948.2
948.8
949.6
949.7
949.8
950.3
950.4
950.3
950
949.7
949.4
949.1
948.8
949
949.2
949.8
950.5
950.9
950.7
950.9
951
951.1
950.9
951.3
951.1
951.4
951.7
951.7
951.5
951.6
951.5
951.1
950.5
950.1
949.7
949.2
949.3
949.5
949.9
950.5
951.1
951.2
951.4
951.5
951.3
951.1
950.9
951.1
951.5
951.9
952.4
952.6
952.3
952.2
951.8
951.2
950.4
950.1
949.6
949
949.2
949.4
949.7
949.9
950.9
951.3
950.9
950.9
950.7
950.7
950.5
950.5
950.6
950.6
950.7
951.2
951.2
951.1
951.5
951.5
950.9
950.9
950.4
949.6
949.4
949.3
949.4
949.8
950.4
950.6
950.3
950.6
950.5
950.5
950.7
950.7
950.6
950.3
950.6
950.5
950.9
951.1
951.2
950.5
949.9
949.7
949.2
948.8
948.7
948.9
949.3
950
950.6
950.7
950.7
950.6
950.9
950.8
951
951.4
951.2
951.2
951.4
950.9
951.4
951.2
950.3
950.1
950.2
949
948.6
948.6
948.2
948.2
948.4
949.1
949.5
949.7
949.5
950.2
949.8
949.6
949.1
948.9
948.7
948.7
948.7
948.7
948.8
948.9
948.3
947.9
947.2
946.5
946.1
946.4
947
947.9
948.1
948
948.2
947.3
947.9
947.7
947.5
947.2
946.4
946.6
946.4
946.7
947.2
947.4
947.3
947.7
947.7
946.7
946.2
945.9
946.6
947.4
947.8
947.7
948.2
948.3
948.7
949
948.8
948.9
949
949
949.1
949
949.1
949.4
949.6
949.5
949.7
949.7
949.3
948.4
947.6
947.2
946.9
947.1
947.3
948.1
948.3
949
949.5
949.7
949.7
949.2
949.3
948.9
949
948.8
948.6
948.5
949.1
949
949.4
948.8
948.5
947.9
947.1
946.3
945.7
945.3
945.2
945.3
945.7
945.9
946.8
946.5
946.2
945.8
945.3
944.6
944.1
943.7
943.3
942.8
942.5
942.2
941
940.7
939.7
938
937.2
934.7
930.9
927.1
923.7
921.9
927.3
931.4
933.9
935
936
936.4
937.2
937.3
937.2
937.6
938.1
938.6
939.6
940.4
940.5
940.7
940.7
940.5
940.4
940.1
939.9
940.2
940.6
941.2
941.6
942.5
943.4
943.8
943.9
944.1
944.3
944.4
944.8
945
945.6
945.9
946.5
946.9
946.9
947
947.1
946.7
946.3
945.9
945.5
946
946.8
947.5
947.1
948.3
948.2
948.2
947.9
947.9
947.4
947.1
946.8
946.6
946.5
946.4
946.3
946.4
946.2
946.6
946.3
945.7
945.2
945.3
945.4
945.1
945.3
945.6
945.7
946.1
946.6
947.1
946.8
946.6
946.7
946.4
946.6
946.8
946.9
947.3
947
947.1
949.1
950.3
950.5
950.7
950.5
949.8
949.3
949.4
949.9
950.1
950
950.2
950.6
951
950.9
950.6
950.4
950.3
950.3
950
950.2
950.1
950.2
950
950.1
950.7
950.5
950.2
950.5
950.4
950.1
950
950
950.3
950.6
950.9
951.3
951.6
951.5
951.7
951.3
950.7
950.6
950.4
950.1
950.1
950.3
950.4
950.7
951.4
951.3
951.3
952.1
951.8
951.2
950.8
950.7
951
950.9
951.6
952.2
952.6
952.9
953.1
953.1
953
953.2
953.4
953.7
954
954.5
955.2
955.7
956.1
956
955.6
954.9
954.4
953.9
953.5
953.6
953.9
954.4
955.2
955.8
956
956.2
956.5
956.4
956.4
956.2
956.1
956.1
956
956.2
956.3
956.6
956.7
956
955.8
955.4
955.1
954.9
955.3
955.4
955.5
955.7
955.9
956.4
956.4
956.3
956.5
956.5
956.7
956.5
956.6
956.4
956.3
956.3
956.7
956.6
956.4
956
955.5
954.8
954.1
954.2
954.3
954.3
955
955.5
955.8
956.1
955.5
955.9
955.9
955.5
955.7
955.5
955.3
955.4
955.5
955.4
955.5
955.4
955.4
954.8
954
953.4
952.8
952.5
952.2
952.4
952.8
952.9
953.3
953.9
954.1
953.7
953.4
952.9
952.3
952
951.3
951
950.7
950.5
950.7
950.8
951.2
951.1
950.6
950.3
950
949.7
949.4
949.7
949.9
950
950.4
950.6
950.5
950.3
950.2
949.9
949.8
949.7
949.9
949.8
950.3
950.8
950.8
950.7
950.6
950.2
950
949.3
948.7
948.3
948.5
948.8
949.2
949.4
950.1
950.7
950.9
950.7
950.4
950.2
949.9
949.9
950.3
950.3
950.7
951
951
951.3
951
950.7
950.4
949.8
949.2
949
949.3
950.3
950.7
950.6
951.2
952.3
952.4
952
952.2
952.7
952.8
952.9
952.7
952.7
953
953.1
953.3
953.4
953.2
952.6
951.9
951.5
950.6
949.9
949.5
949.9
949.9
950.4
950.9
951.5
952
951.8
951.5
951.4
951.4
951.5
951.4
951.4
951.5
951.9
952.2
952.3
951.9
951.5
950.4
949.7
949.3
948.8
948.7
949.2
949.9
950.2
950.7
951.4
951.7
951.9
951.8
951.7
951.7
951.2
951.1
951.4
951.3
951.3
951.4
951.2
950.7
950.5
949.7
948.9
948.9
949.1
949.1
949.4
949.4
949
948.9
949
949
948.7
948.2
948.4
948.4
947.6
947.5
947.5
947.6
947.9
947.9
947.6
947.6
947.6
947.3
946.5
946.4
946.1
946.1
946
946.5
946.5
946.7
946.9
946.6
946.2
946.3
945.7
945.2
944.7
944.7
944.7
944.8
945
945.6
946.4
947.5
948.1
948.3
948
947.7
948
948.2
948.3
948.8
949.5
950.5
951.3
951.7
952
952.3
952.5
952.6
952.4
952.3
952.6
953.1
953.3
953.8
953.6
953.8
953.7
953.3
952.6
951.9
951.5
951.5
951.7
951.4
952.2
952.9
953.3
953.5
953.3
953.3
953.2
952.7
952.7
953
953
952.7
952.9
953.1
953
952.9
952.3
952
951.9
951.9
951.6
950.9
951.1
951.5
952.1
952.1
952.4
953
952.5
952.4
952.5
952.6
952.2
952.4
952
951.9
952.4
952.6
952.6
952.5
952.2
951.9
951.9
951
950.5
950.7
950.5
950.5
951.1
951.9
952.8
953.3
952.8
952.8
952.8
953.3
953.4
953.5
953.1
953.3
953.7
953.4
953.4
953.4
953.4
952.8
951.7
950.8
949.1
949.1
949.4
950.7
951.9
951.7
952.5
952.4
952.4
952.4
952.4
951.6
950.2
950.1
949
947.7
948.5
949.5
948.6
948.5
949.5
948.9
948.9
948.2
947.5
947.8
948.6
949.2
949.8
950.2
951
951.5
951.6
951.4
951.6
951.7
952
952.4
952.6
953.1
953.6
954
954.2
953.9
953.7
953.1
952.5
952.4
952.2
952.3
952.6
953.2
953.5
954.6
955.2
955.5
955.7
955.5
955.3
955.3
955.4
955
955.4
955.6
955.3
955.3
955.6
955.3
955.6
954.4
954.8
953.6
953.7
953.3
953.1
952.8
953.2
952.6
951.9
951.3
950.5
950.4
949.5
948.7
947.7
946.9
946.3
945.9
945.5
945.1
945.2
944.3
943.8
943.1
941.6
940.1
938.6
937.5
935.8
933.8
931.7
929.3
927.3
924.6
919.4
917
915.6
920.9
925.9
930.6
932.4
933.8
935.4
937
938.7
939.4
939.8
939.7
939.7
939.7
940.3
940.8
941.5
942.4
943.4
944.2
944.5
944.9
945.7
946
946.6
947.1
947.4
947.6
948.1
948.6
949.2
949.9
950.3
950.4
950.4
950.6
950.3
950.2
950.1
950.3
951
951.6
952.6
953.2
954
953.9
954.4
954.7
954.7
955.1
955.3
955.3
955.5
955.8
956.2
956.7
957.1
957.1
956.8
956
955.5
954.7
954.1
954.3
954.8
955.7
956.4
957.4
957.8
958.3
958.2
958.4
958.7
959.1
959.5
959.5
959.5
959.9
959.8
960
960.8
961
960.9
960.6
960.5
959.9
959.2
959.5
959.8
959.8
960.5
960.7
960.9
960.9
961
961
960.8
960.7
960.7
960.2
960.2
960.6
960.4
960.8
960.9
960.6
959.8
958.9
957.7
956.7
955.7
956
956.1
956.4
956.4
956.7
956.7
956.6
956.3
956
955.4
955.3
954.9
954.4
953.8
953.7
953.8
953.5
952.9
952.5
951.5
950.6
950.4
949.8
948.4
946.8
946.6
946.6
946.7
946.1
946.3
945.9
946.3
945.7
945.5
945.5
946.3
946.8
947.7
948.8
949.8
949.8
950.1
949.9
949.5
949.3
949
948.6
948.3
948.5
948.8
949.1
949.5
950
950.2
950.4
950.5
950.5
950.4
950.5
950.7
950.8
950.7
951.1
951.5
951.7
951.9
951.9
951.6
950.9
950
949.1
948.7
948.8
949
949.6
950.5
951.4
952.2
952.4
952.2
952
952.1
952.2
952.1
952
951.9
952.2
952.4
952.5
953
952.9
952.6
951.9
950.7
949.9
949.1
949.5
950.1
950.8
951.3
951.9
952.5
952.8
952.8
952.8
952.7
952.7
952.6
952.1
952.1
952.3
952.4
952.4
952.5
952.4
951.8
951.3
950.6
949.6
950.1
950.6
951
951.2
951.3
951.5
951.7
951.6
951.5
951.3
951.6
951.3
951.5
951.2
951.2
951.1
951
951.1
951.1
950.7
950.9
950.8
950
949.4
949.3
949.3
949.5
949.8
950.1
950.9
951.3
951.3
951.3
950.9
951.5
951.5
952.2
953
952.7
953.5
954
954.5
955.4
955.7
955.8
955.5
955.4
955.1
955.1
955.8
955.8
956.1
956.6
957.1
957.7
958.3
958.6
958.6
959.2
958.9
959
958.9
958.8
959.3
959.1
959.3
959.6
959.6
958.9
957.9
956.8
956
955.2
954.9
955.5
955.8
956.3
956.8
956.5
956.1
956.7
956.4
956.1
955.9
956
955.6
955.2
955.5
955.6
955.6
955.7
955.8
955.6
955
954.3
953.7
953.8
954.1
954.1
954.5
955.1
955.5
955.8
955.6
956.1
956
956
956.3
955.6
955.4
955.3
955.7
955.8
955.6
955.6
955.4
955
954.3
954
952.4
951.8
951.6
951.6
951.7
951.9
952.5
952.7
953.1
953
953.1
952.5
952.7
953.2
952.4
952.4
952.7
952.1
951.7
952.2
951.7
950.4
950
949
947.7
947.5
947.2
947
947.4
947.6
947.5
947.4
947.5
947.7
946.9
946.4
946.7
946.3
946.3
946.4
946.5
946.7
947.1
947.6
948
947.7
947.3
946.8
946.5
946.5
947.1
947.1
948.4
949
949.4
950
950.3
950.5
950.4
950.4
950.4
950.4
950.4
950.4
950.8
951.1
951.5
951.7
951.2
950.6
950
949.4
948.7
948.6
948.6
949
950.2
951
951.7
952
952.4
952.6
952.8
952.6
952.5
952.3
952.1
952.7
952.7
952.8
953.2
953.5
953.5
952.9
951.9
950.8
949.7
951.9
952.5
952.5
952.7
953.2
953.7
954.1
954.6
954.8
954.3
954.5
954.8
954.6
954.1
954.1
954.3
954.5
954.9
955
955
954.6
954.6
953.9
953.6
953.9
954.4
954.7
954.7
954.9
955.3
955.7
956.1
956.2
956.2
956.2
956.2
956.4
956.5
956.7
957.4
957.5
958
958.3
958
957.4
956.4
955.5
954.5
954.4
954.6
954.7
955.1
956
957
957.2
957.4
957.8
957.7
957.9
958
958
957.9
958.2
958.7
958.6
959.2
959.6
959.6
959.1
958
956.8
955.8
955.3
955.3
955.6
955.8
956.8
957.5
957.9
958.4
958.9
959.1
958.7
958.6
958.5
958
957.9
957.8
957.4
957.9
958.2
958
957.2
956.4
955.5
954.5
953.6
952.6
952.6
952.8
953
953.3
953.2
954.2
954.5
954.2
953.6
953.1
952.7
951.9
951.8
952
952.2
952.4
952.9
953
952.8
952.5
951.8
951.2
950.8
950.7
950.9
951.2
951.9
952.5
953
953.3
953.6
953.5
953.8
954
954.2
954.3
954.3
954.7
954.9
955
955.5
955.5
955.1
954.8
954.1
953.7
953.3
953.1
953.3
953.5
954.3
955.1
955.7
956
956.2
955.9
955.8
955.8
955.7
955.9
955.9
956
956
956.2
956.3
955.5
954.9
954.4
953.5
952.8
952.8
952.5
952.6
951.6
951.8
951.4
950.8
950.5
949.9
949.2
948.6
948.3
947
946.1
945.9
945.5
945.3
945.1
945.6
945.3
945.1
944.8
944.5
944.4
944.5
944.7
945
945.3
946
946.7
946.8
947.1
947.1
946.9
946.9
946.9
946.8
946.5
946.5
947
947.1
947.4
948
947.8
947.2
946.7
946
945.2
944.9
944.6
945
945.4
945.9
946.6
946.5
946.7
947
946.7
946.5
947
947.3
947
946.8
946.7
947.1
947.6
948.2
947.9
947.5
947.7
946.7
945.9
946.2
946.5
947.1
947.8
948.3
948.9
948.8
948.3
948.5
947.8
947.5
947.5
947.8
947.7
947.8
948.6
948.5
949.3
950
950.1
949.5
949.3
948.7
948.3
948.2
949
949.6
950.6
951.1
951.6
952
952.1
952.4
952.1
951.8
951.7
951.5
952.1
951.8
952
951.6
952.1
952.4
952.7
952
952
951.5
951.1
951.2
951.9
952.4
952.3
952.6
953
953.3
953.6
953.8
953.7
953.8
953.9
954.2
954.1
954.4
954.5
954.5
955.3
955.8
956
955.4
955.3
954.5
953.9
953.8
954.2
954.9
956.1
956.8
957.4
957.6
957.9
958.2
958.5
958.6
958.8
959.3
959.2
959.2
959.8
960.3
960.7
961.4
961.4
961
960.1
959
958.5
958
957.9
958
958.6
959.4
960.1
960.4
960.6
961
960.9
960.8
961.1
960.9
960.7
960.9
961
961.2
961.3
961.6
961.4
960.7
959.9
958.6
957.5
956.9
957
957.1
957.3
958.2
959
959.1
959.2
959.5
959.4
959.4
959.2
958.9
958.2
958.1
957.8
957.9
958.2
958
957.9
957.6
956.9
955.7
954.9
954.6
954.6
954.7
954.9
955.2
955.6
956.1
956.4
956.2
956.2
956
956
956.3
955.9
955.9
956.4
956.6
957.1
957.5
957.8
957.1
956.5
955.8
955
954.4
954.4
954.4
954.8
955.5
956.1
956.5
956.9
957.2
957.1
956.9
956.9
956.5
956.4
956
956.3
956.3
956.2
957.3
957.4
957.3
956.4
955.7
955.4
955
955.1
955.8
956.3
956.5
957
957.2
957.2
957.3
957.4
957.5
957.5
957.9
958.1
958.1
958.2
958.3
958.5
959.1
959.5
959.4
958.9
957.8
957.3
957.3
957.4
957.5
957.7
958.2
958.6
958.9
958.8
958.4
958.3
958.2
957.9
957.8
957.9
958.2
958.2
958.4
958.8
959.1
958.7
958
957.1
956
955.1
954.6
954.8
955.5
955.8
956.3
956.6
956.8
956.9
956.1
955.8
955.3
954.6
954.6
954.8
954.7
954.3
954.5
954.3
955
954.5
954.3
953.7
952.7
952.6
952.1
952.3
952.1
952.2
952.8
953
952.9
953.4
953.5
953
952.9
952.9
953.1
953.4
953.5
954
954.2
955.2
956
956.5
956.7
956.4
955.4
955
954.7
954.8
955.1
955.4
956.1
956.7
957.2
957.5
957.6
957.5
957.4
957.3
957.1
957.5
957.5
957.8
958.1
958
958.6
958.8
958.4
957.3
956
954.5
953.9
953.6
953.6
954.1
954.5
954.6
955.2
955.4
955.5
954.9
955
955
954.5
954
953.3
953.2
952.7
952.8
952.5
952.2
951.8
951
950.2
949.2
948.7
948.6
948.9
949.1
949.5
949.7
949.3
949.2
949.5
949.3
948.7
948.9
949.1
949
948.7
949.1
949.3
949.9
950.4
950.1
949.9
949.7
948.6
947.8
947.4
947.7
948.1
948.5
949
949.3
949.5
949.6
949.4
949.1
949
949
948.8
948.6
948.7
948.9
949.5
950.1
950.7
950.9
951.1
951.1
950.7
950.5
950.6
951
951.7
952.3
953
953.7
953.9
954.6
955.1
955.2
955.3
955.7
955.9
955.9
956
956.2
956.5
957
957.6
957.8
957.6
956.7
955.6
955
955.1
955.3
955.5
955.7
956.9
957.4
957.8
958.6
958.7
958.5
958.4
958.7
958.6
958.6
957.9
958.2
958.4
958.3
958.5
958.1
957.6
956.8
955.5
954.9
954.9
954
954
953.8
954.2
954.3
954.4
954.2
953.6
953.7
953.1
953.1
953.2
953.1
953.1
953.4
953
953.2
953.3
954
953.5
952.8
951.7
951
951
951.4
952.3
952.6
953.4
953.3
953.4
953.4
953.7
953.9
953.5
953.4
953.7
954.2
954.5
954.5
954.9
954.9
955.2
954.9
954.4
953.3
951.8
950.8
950.3
950.7
950.3
950.9
951
952.1
951.6
951.6
951.5
951.3
950.7
950.6
950.8
950.5
950.3
950.3
950.7
951.6
951.9
951.8
951.5
951
950.6
950
949.5
950
950.5
950.8
951
951.8
952.2
952.8
952.9
952.9
952.8
952.6
952.6
952.9
953.1
953.6
954
954.1
954.6
954.9
954.8
954.2
953.7
953.8
953.7
953.9
954.4
955.2
956.1
956.5
957.3
957.4
957.8
958.1
958
958.6
958.6
958.7
958.6
958.7
959.3
959.5
959.8
959.8
958.9
957.9
956.3
955.3
954.2
953.7
954
954.2
954.5
954.4
953.8
953.7
953.2
953.1
953.6
953.1
952
952.1
950.4
949.9
949.1
949.2
949.1
948.5
948.3
948.1
946.9
946.4
946.3
947.1
947.9
948.6
949.4
949.8
950.2
950
950.4
950.5
950.8
951.1
952
952.1
952.6
952.8
953.1
953.9
955
955.3
955.4
955.2
954.7
954.6
954.5
954.9
955
955.5
956.1
957.3
958.2
958.6
958.6
958.9
958.7
959.2
959.2
959.2
959.4
959.5
959.8
959.8
960.3
960.3
959.9
959.1
957.5
956.6
956.3
956.3
956.4
956.7
956.9
957.6
958
958.1
958.1
958.1
957.9
957.8
957.8
957.7
957.5
957.6
957.9
958.2
958.4
958.3
958.1
957.2
956.3
955.5
955.4
955.6
955.5
956.1
956.8
956.8
957
957.4
957.2
957.1
957
957.1
957.4
957.8
958.1
958.6
958.7
959.1
959.4
959.6
959.2
959
957.9
957.2
956.9
956.9
957.4
957.2
957.8
958.3
958.8
959.1
959.3
959.1
959
958.5
958.1
958.1
958.2
958.4
958.6
958.7
958.8
958.3
957.5
956.1
954.4
953.7
953.3
953.3
953.3
954.2
955.1
955.8
955.8
956.1
956.3
956.7
956.4
956.3
956.4
956.1
955.6
955.4
955.5
955.8
955.7
955.7
954.5
954.1
952.7
951.3
950.4
950.7
951.5
951.7
954.3
953.9
954
953.5
952.9
952.2
952.4
952.2
952.3
952.4
952.6
953.2
953.9
954.4
955.2
955.4
955.3
954.6
953.9
953.3
952.9
953.6
953.8
954.6
955.6
956.2
956.5
957
957.3
957.9
956.8
956.9
957
956.7
956.9
957.2
957.4
957.4
958
957.8
958.1
957.1
956.6
955.7
955.2
955.5
956
956.2
957
957.2
957.7
957.7
957.8
957.5
957.1
956.5
956.3
956.1
955.8
955.7
956.2
956.3
956.7
957.1
957.5
957.7
957.8
957.4
957.7
958.2
958.9
959.1
960
960.3
960.8
961
961.1
961
960.9
961.1
961.2
961.1
961.4
961.9
962.6
963
963.3
963.8
963.8
962.9
961.7
961
960.7
961.4
960.9
961.4
961.8
962.1
962.4
962.3
962.3
962.1
962.5
962.4
962.1
962
961.7
961.5
961.5
961.9
961.8
962.4
962.2
960.7
959.7
958.9
958.1
957.9
957.4
957.6
957.7
958
957.6
957.2
956.7
956.2
955.7
955.4
954.9
954.3
953.6
953.5
953.5
953.5
953.2
952.9
952.5
950.9
949.7
948.7
948
947.6
947.6
947.1
947.6
946.9
946.7
947.3
947.8
948.8
950.1
950.4
951.1
951.8
951.9
952.5
953.4
953.9
954.7
955.3
955.6
955
954.4
954.5
955.6
956.7
957.7
957.4
957
957.9
958.4
959
959
958.4
957.4
957.4
957.4
957
955.5
954.9
953.6
953.9
953.7
953.2
952.1
950.7
949.6
948.5
947.3
947
946.6
947.5
947.8
946.5
946.8
948
947.8
947.7
947.3
947.7
948.6
948.6
948.9
949.2
949
949.7
950.1
950.4
950.4
949.9
948.9
948.1
948.7
949.6
950.2
950.5
951.6
951.9
951.8
952.3
952.5
952.5
951.9
952.1
952.1
952.2
952.1
952.4
952.5
952.9
953.2
953.2
953.1
952.6
951.8
951.2
951.6
951.7
952.2
952.3
953.3
953.5
953.3
953.4
953.4
953.9
953.8
954.2
954.2
954.6
954.6
955.2
955.8
956.5
957.4
958.4
958.8
958.5
958.4
958.2
958.1
958.6
959
959.5
960
960.1
960.3
960.9
961.1
961.8
961.1
961.2
961.4
961.4
961.5
961.8
962
962.5
962.9
963.3
963.4
962.3
961.4
960.4
959.9
960.9
961.2
961.7
961.9
962.6
962.9
963
962.9
963.1
963.1
963.5
963.4
962.9
962.6
962.4
963
963.7
964.5
964.4
963
961.4
960.2
958.1
957.3
957.3
956.7
957
956.5
956.5
956.1
955
953.6
952.3
951.1
950
950.3
949.2
948.7
948.2
948.6
948.9
949.5
949.9
950.1
949.8
949.4
948.9
949.1
949.4
950.2
951.1
952
952.5
953.1
953.6
954.2
954.2
954.1
954.4
955
955
955
955.4
956.2
956.6
956.4
956.5
956.7
956
955.1
954.1
953.5
952.9
952.8
953
952.6
953.1
953.5
953.3
953.2
953.3
953.4
953.9
953.9
954.8
955.1
955.7
956.4
957.2
957.8
958.4
958.6
958.3
957.7
957.4
957.2
957.7
958
958.5
958.6
958.9
959.7
959.8
959.7
959.8
959.7
959.9
959.8
959.7
959.6
959.6
960.1
960.5
960.9
961.2
961.5
961
960.8
960.6
960.4
960.5
960.9
961.1
961.4
961.4
961
961.8
961.6
961.7
961.3
961.2
961.1
961
960.3
960
959.9
959.5
959.6
959.3
958.8
957.8
956
955.1
954.3
954
953.7
953.1
953.1
952.5
952.1
951.5
951.1
950.7
950
949
948.3
947.4
946.6
946
945.8
945.5
945.5
945.2
944.5
943.7
942.8
941.9
941.5
942.1
942.3
943
943.3
943.7
943.9
944.1
944.2
944.4
944.5
944.3
945.3
945.5
946.1
946.8
947.6
948.3
948.9
949.3
949.7
949.3
948.9
948.3
948.1
948.3
948.8
949.3
950.1
950.3
950.8
951.2
951.5
951.8
951.8
952.2
952.6
952.4
952.3
952.3
952.4
952.9
952.6
952.8
952.8
952.2
951.1
950.3
949.8
950.5
950.9
951.4
951.8
952.6
952.8
953.3
953.2
953.7
954
954.4
954.7
954.8
954.3
954.5
954.4
955.1
955.7
956.5
956.7
956
955.4
955.1
954.9
954.9
955.2
955.7
956.3
956.6
957.2
957.4
957.8
958
958.1
959
959.2
959.5
959.6
959.4
959.8
959.9
960.7
961.1
961
959.9
958.8
957.9
957
956.6
956.5
956.9
957.6
957.5
957.3
958.1
957.6
957.4
956.7
956.5
956.5
956.1
955.8
955.6
955.4
955.5
955.8
955.9
955.6
954.6
953.5
952.4
952
952.2
952.5
953.2
953.1
953.6
953.9
954
954.6
953.8
953.8
953.5
953.7
953.2
952.7
952.4
952.6
952.7
952.4
952.6
951.5
950.3
949.3
948.1
947.5
947.3
947.2
947.4
947.2
947.2
947.8
948.3
948.8
948.2
948.5
948.4
949
949.2
950.1
951.3
952.4
952.7
953.3
954
954.2
953.9
953.5
953.4
953.6
954
954.4
954.6
954.7
955.4
955.5
955.8
956.5
956.6
956.5
956.8
956.7
956.9
956.7
956.7
956.8
956.8
957.1
957.8
957.9
956.5
954.9
954.4
953.8
953.2
952.8
953.5
954.4
954.4
954.8
954
954.5
954.4
954.3
954.3
954.2
953.7
953.5
953
953.1
953.3
953.4
953.5
952.5
950.9
949.7
948.4
948.6
948.6
949.3
949.5
948.9
949.2
949
949.6
948.9
948.2
947.7
947.6
947.6
947.1
946.9
946.3
946.7
946.6
947.1
947.2
946.8
945.4
944.3
943.2
943.6
943.6
944.8
945.1
944.7
944.2
944.2
944.4
944.4
944.2
944.2
944.6
945
945.5
945.6
946.3
946.7
947.6
948
947.8
948.2
948.2
947.5
947.5
948.1
948.6
949.2
949.4
949.4
949.9
949.8
949.9
950.3
950.7
950.5
950.5
950.7
951
950.5
950.6
950.6
951
951.3
951.4
951
950.6
950.2
950.2
951
951.9
953
953.5
954.1
954.2
954.2
954.9
954.9
955.2
955.5
955.6
956
955.9
956
955.7
956.2
956.4
957.5
957.8
957.8
957.2
957.2
957.1
958.3
958.7
959.6
960.4
960.8
961.5
961.2
961.7
961.7
962.3
962.3
962.7
963.1
962.5
962.6
962.8
963.2
963.3
963.9
963.8
963.5
962.7
962.3
962
962
962
962.4
962.5
962.7
962.4
962.3
962.1
961.9
961.7
961.3
961.6
961.6
960.9
960.3
960.2
960.3
960.5
960.8
961.2
960.5
959.5
957.9
956.5
955.2
955.3
955.5
955.4
955.2
955.2
954.9
954.4
953.8
953.7
953.6
953.1
953.6
953.6
953.1
954
955.1
956.1
957
957.8
957.9
957.4
956.5
956.1
956
956.4
956.7
956.9
957.2
957.3
957.1
957
956.9
957
957
956.7
956.7
956.6
956.4
956.6
956.9
957.4
958.3
959.2
959.5
959
958.5
958.3
958.3
959.2
959.8
960.7
961.2
961.4
961.8
961.7
961.8
961.8
962
962.5
962.7
962.9
963.1
963
962.7
963.5
963.7
963.9
962.9
961.7
960.9
959.9
959
958.1
957.5
958
958.4
957.9
957.4
956.9
956.6
956
955.6
955.2
954.6
953.9
953.2
952.8
952.3
952.4
952.4
952.4
952.3
951.7
950.8
950.5
949.9
949.9
949.8
950
950.5
950.7
951.2
951.9
952.3
952
952.6
953
953
953
952.8
952.7
953
953.2
953.6
953.9
954.5
954
953.2
953
953
953.7
953.8
954.1
954.4
954.7
955
955.3
955.3
955.2
955.4
955.4
955.4
955.4
954.9
954.9
955.1
955.2
955.9
956.1
956.2
955.2
954.3
954.1
954
953.8
954
954
954.2
954.2
954.7
954.8
954.6
954.4
953.9
954.2
954
953.6
953.5
953.7
953.4
953.6
953.6
953.9
953.3
952.1
950.5
949.2
949.3
949.1
949.8
949.4
949.3
949.1
948.7
948.7
948.7
948.8
948.5
948.4
949
949.3
949.4
952
953.6
955
956.1
957.3
957.7
957.6
957.2
957
957.6
957.9
958.5
958.8
959.5
959.4
959.1
959.2
959.3
959.3
958.9
958.9
959.1
958.5
957.9
957.5
957.2
957.4
957.1
957
956.7
955.3
953.7
952.2
951.8
951.7
951.7
951.6
952.2
952.1
952.2
951.8
952.1
952.3
952.1
951.5
951.6
952
952.3
953.1
953.7
953.9
954.8
954.8
955.1
954.7
954.6
953.8
953.6
954.7
954.7
955
955.2
955.9
956
956.3
956.2
955.9
955.8
955.3
955.6
955.1
954.5
954.4
954.9
955.1
955.2
954.7
954.9
953.5
951.3
950.4
950.1
950.2
950.5
950.7
951.1
951.1
951.2
951.4
951.9
951.8
951.4
951.6
952.1
952.1
951.7
952.1
952.6
953.2
953.5
953.8
953.8
952.8
951.8
951.3
951.5
952
952.4
953
953.5
953.9
954.1
954.4
954.6
954.7
954.8
955.1
955.4
955.2
954.9
955.2
955.7
956.2
956.6
956.9
957.1
956.4
955.1
954.4
954.4
955.1
955.5
956.1
956.3
956.7
957.6
957.9
957.4
957.8
957.4
957
956.6
956.5
956.1
956.5
956.5
956.3
955.9
955.6
955
953
951.8
951.2
950.6
950.5
950.3
950
949.9
949.4
948.8
948.3
948.3
948.4
947.7
946.9
947.3
947.4
947.2
947.4
948.1
948.6
948.8
949.2
950.1
950
948.8
948.5
948.6
948.7
949.6
949.7
950.1
950.7
950.4
950.3
950.7
950.8
950.3
949.4
949.1
949.1
949.1
948.4
948.4
948.9
948.9
949
949.1
948.2
947.3
946.3
945.8
945.8
945.8
945.6
946
946.6
946.8
947.3
947.6
948.2
949
949.8
951.1
951.8
952.1
952.1
952.7
953.7
954.5
954.9
955.5
954.9
954.4
954
954.1
954.4
954.9
955
955.7
956.1
956.2
956.7
956.7
956.7
956.5
956.4
956.6
956.7
956.6
957
957.1
957.2
957.5
957.8
957.5
956.9
955.8
955.4
954.7
954.6
954.2
954.3
954.3
954.6
954.5
954.4
954
953.4
952.7
951.8
951.2
949.8
948.6
947.8
947.6
947
946.1
945.5
944.8
944.1
942.8
942.1
941.8
942.3
942
942.4
942.7
942.8
943.3
944.2
944.6
944.9
945.3
945.6
945.9
945.8
946.2
946.6
947.1
947.5
948.2
948.4
948.7
948.3
947
946.4
945.8
946.1
945.8
946.3
946.1
946.4
946.2
946.2
946.1
946.1
945.9
945.8
945.8
945.5
945.1
944.7
945.1
945.3
946.4
947.2
947.7
947.9
947.5
947.3
947.7
948.3
948.5
948.9
949.3
949.7
950.2
950.5
950.4
950.6
950.6
950.7
950.9
950.4
950.1
949.5
949.6
949.6
949.5
949.5
949.2
948.6
947.4
946.7
946.7
946.9
946.8
946.8
946.8
946.7
946.8
946.5
946.4
946.3
946.9
947.2
947.9
948.1
948.5
949.3
949.9
950.5
951
951.2
951.8
951.8
951.7
951.4
951.5
952
951.9
952.1
952.5
952.9
953.1
953.4
953.4
953.3
953
952.6
953
953
952.6
952.6
952.7
952.8
952.8
952.4
952.1
951.3
949.8
948.8
948.1
947.3
946.6
946.3
946
945.7
945
944.6
943.9
943.3
942.6
941.9
942.8
943.2
943.3
943.3
943.4
943.8
944.1
944.1
943.6
943.2
943
942.2
942.4
943.2
943.9
944.1
944.9
945.9
946.8
947.4
947.7
948.2
948.3
948.7
949.2
950
950.6
951
951.5
952.8
953.3
953.8
954.1
954.4
954.3
954
954
954.6
954.7
954.8
955.7
955.8
956
955.9
955.1
954.8
954.8
954.5
954.3
954.1
953.4
953
952.8
952.2
951.9
951.2
950.3
949
948
946.6
945.6
945.2
944.8
945.1
945
945.5
945.6
946
946.8
947.8
948.7
949.2
949.8
950.3
950.7
951.6
952.4
953.4
954.3
955.1
955.6
955.7
955.5
955.4
955.7
956.2
956.9
957.2
957.3
958.2
958.8
958.5
958.2
957.9
958.1
957.8
958.7
958.7
959.1
959.6
960.6
960.5
960.4
960.2
960
959.2
957.4
956.1
955.5
954.7
954.5
955.3
954.9
954.7
954.4
954.4
954.8
954.2
952.8
952.7
952.2
951.6
951.1
950.7
949.8
949.2
949.1
948.8
947.6
946.2
945.2
944
942.6
942.1
941.4
941.3
941.9
941.6
941.7
941.5
941.5
942
943.4
944.1
944.7
945
945.4
946
946.8
947.6
948.4
948.9
949.4
949.5
948.9
948.9
948.7
949.3
949.4
950
950.5
951
951.4
951.5
951.7
951.9
952
952.2
953
952.9
952.9
953.2
953.8
954.7
955.2
955.5
955.5
955.6
954.9
954.4
953.9
954.1
954.8
955
955.2
955.5
955.8
956.6
956.8
956.4
955.9
956.3
956.5
956.3
956.1
956.4
956.4
956.5
956.5
955.8
955.4
955.3
953.5
952.6
951.3
951.1
951.2
950.7
950.6
950.2
949.4
948.5
947.4
946.2
944.9
944
942.7
941.8
942.8
944.5
945.8
946.4
947.9
948.5
949.2
949.7
949
949.2
949.7
950.5
950.9
951.6
952.6
953.7
954
954.1
954.3
954.2
954.4
954.8
955.1
955.2
955.7
955.6
956
956.1
956.6
957
956.6
957
956.1
955.2
954.7
954.8
954.9
954.7
954.9
955.6
956.4
956.4
956.2
956.4
956.2
955.3
955.3
954.3
953.4
953.1
952.6
952.4
952.4
952.6
952.1
951.3
949.8
947.9
947.5
947.2
947.1
947.6
947.9
948.5
949.2
950
951.1
951.1
951.3
951.8
951.6
951
950.3
949.8
950.2
950.4
950.2
949.6
948.9
948.2
946.8
945.4
944.7
945
944.8
944.9
945.6
945.7
946.2
946
946.6
947.5
947.7
947.6
948.2
948.4
948.5
948.2
948.5
948.9
950.5
950.9
951.1
951.8
952
951.6
951.1
951.6
951.3
952.1
952.7
953.1
953.2
953
953.3
953.9
953.9
953.5
953.5
953
952.4
952
951.1
951.8
952.2
951.9
951.1
950.9
949.4
947.8
946.5
946.5
946.5
946.5
947.2
948
948.5
949.3
950
951
951.5
952.5
953.1
953.6
954.4
954.7
955.5
956.3
957.1
957.7
958.8
958.4
957.6
957.3
957.5
957.5
957.7
958.3
960
960.1
959.5
959.7
960
959.5
959.1
959.1
959.6
959.1
958
957.7
957.4
958
958.6
958.2
957.4
957
955.6
954
953.7
953.6
953.9
953.8
953.9
954.2
954.6
955.1
955.6
956.2
956.8
957.2
957.1
957.5
957.9
958.3
958.9
959
959.8
959.7
959.6
959.2
959
958.4
957.9
957.9
957.9
957.9
958
958.9
959.5
959.7
959.7
959.4
958.8
958.8
958.7
958.4
958.1
957.9
957.9
958.2
958.7
958.5
958.3
957.4
956.4
955.8
955.2
955
955.3
954.9
955.3
955.4
955.8
956.1
955.5
955.3
956
956.8
957.4
957.5
957.4
957.3
958.2
959
959.5
959.7
960.2
960.1
959.5
958.8
958.8
958.8
958.5
958.9
959.4
960.1
960.4
961.5
962.2
961.2
960.6
959.7
959.8
959.9
959.4
959.1
958.3
958.3
958.5
958.2
957.3
956.8
955
953.1
952.3
952.5
952.8
952.3
952.6
952.1
951.4
951.6
950.4
950.2
950
949.2
948.8
947.8
947.6
947.5
947.7
947.1
947.3
946.8
946.2
945.9
945.1
944.8
945
944.9
945.8
946.5
947.2
948
948.5
948.9
949.1
949.3
949.6
949.4
949.2
949.3
949.5
949.8
950.3
950.9
951.5
952.3
952.8
952.5
952.2
951.4
951.2
951.3
951.8
952.3
952.9
953.7
954.2
954.6
955.1
955.4
955.9
956.1
956.5
956.7
957
956.7
956.9
958
958.9
959.1
959.2
958.5
957.9
957.3
956.6
956.6
956.5
956.9
957.6
958.5
959
959.7
960
960.3
960
959.8
959.4
959.1
958.5
958.7
959.7
959.5
959.2
958.3
957.9
956.9
955.9
954.4
953.2
951.8
951.5
950.7
950.3
949.9
949.4
949.4
948.7
948.9
949
949.6
949.7
949.9
949.6
949.5
949.4
949.7
950.2
950.3
950.6
949.8
948.7
948.2
948.1
948.3
948.6
949.4
949.9
950.2
950.8
951.4
952.1
952
952.6
953.3
952.9
953
953.2
953.3
953.4
953.9
954.4
954.8
954.7
954.9
954
953.1
953.1
953.9
954.1
954.2
954.7
955.2
955.5
955.7
956
955.5
955.7
955.8
955.6
955.3
955
955.3
955.5
956
955.9
955.6
955.1
954
952.1
950.5
949.2
949
948.7
949.1
949.9
950.5
950.4
950.1
949.7
949.7
949.1
948.2
948.4
948.1
948
947.8
948.1
948.5
949
949.4
949.5
949.4
950.2
949.8
949.8
950.7
951.1
952
953.6
954.7
955.3
955.4
956
956.1
956.3
956.9
956.6
956.9
957.3
957.8
958.5
958.6
959
958.8
958.3
957.4
956.1
954.8
954
953.9
954.1
954.2
954.3
954.8
954.7
954.7
954.6
954.4
954
954.1
953.8
953.4
952.4
951.6
952.1
952.8
952.8
952.5
952.2
950.4
949
948.3
947.8
947.8
948.2
948.7
950.1
950.7
950.9
951.5
951.6
951.2
951
951.2
951.8
951.5
951.5
951.6
951.9
952.3
953.1
953.5
953.1
952.4
952
951.3
951.4
952.2
952.8
953.5
954.3
955.2
955.7
955.4
955.8
956.1
956.4
955.8
956.1
956.3
956.9
957.2
957.8
958.5
958.8
959.1
958.4
957.8
956.5
954.8
954.2
954.1
954.2
954.1
954.7
954.6
954.3
954.9
954.9
954.3
953.8
952.8
951.6
950.7
951
951.5
951.4
951.2
951.2
950.5
950
949.3
948.5
947.3
946.3
945.6
945.6
946
946.4
946.4
946.9
946.9
946.9
947.6
947.9
948.4
948.3
948.4
948.3
948.7
949.1
950
950.7
951
951
950.8
950.2
949.8
948.9
948.9
949.1
949.5
950.8
951.9
952.6
953
953.2
953.4
953.4
953.5
953.6
953
953.1
953.2
953.4
954
954.7
954.6
953.9
953.2
952.2
950.9
950.8
950.8
951
951.2
951.9
952.4
953
953.2
953.5
953.2
952.8
952.3
951.7
951.1
951.2
951.2
950.9
950.2
950.7
950.7
949.5
948
947.1
946
946.1
946.1
946
946.3
945.9
946.4
946.4
946.2
945.7
944.7
943.8
943.2
942.2
941.1
941.1
941
940.4
940
939.9
939.6
939.4
938.5
937.6
936.9
936.7
937.1
938.6
939.9
940.9
941.9
942.6
943.2
944.1
944.9
945.7
946.2
947.1
947.7
948.8
949.7
950.8
951.8
953.2
953.8
953.8
953
952.4
951.8
952.2
952.3
952.1
952.2
952.9
954.3
954.7
955
955.8
955.8
955.3
955
955.3
954.7
954.4
954.6
954.3
954.4
953.9
953.7
952.9
951.7
950.8
949.2
948.5
948.6
948.1
948
947.6
947.1
946.4
946.1
945.3
944.5
943.7
943
941.9
941.1
940.6
940.5
940.4
940
940.1
939.9
939.8
939.3
939.1
938.9
938.9
939.9
941.7
942.6
943.3
943.9
945
946.3
947.1
947.8
948.3
948.7
949.1
949.5
950.5
951.3
952.1
952.9
954.1
954.5
955.2
955.5
955.9
955.9
956.1
956.4
956.6
956.7
956.9
957.6
958.4
958.9
959.2
959.5
959.7
960
960
960.1
960.2
960.7
960.7
961.1
961.3
961
960.3
959.1
957.8
956.7
956.4
956.4
956.4
956.3
956.6
957
957.3
958.1
958.1
958.5
958.3
957.4
956.9
956.1
955.8
956.1
956.2
955.8
955.1
955
954.1
952.8
951.6
950.2
949
947.9
947.3
946.3
945.7
944.7
943.7
942.7
941.1
939
937.3
936
935.1
934.4
933.9
932.7
932.4
933.5
933.8
933.6
933.6
933.6
933.5
933.6
935
936.4
937.7
938.8
939.1
939.8
940.8
941.5
941.9
941.6
941.3
941.3
941.2
941.2
941
941
941.3
941.8
942.1
942.3
941.7
941.4
940.9
940.7
940.9
941.1
941.5
941.9
942.6
943.2
943.7
943.8
943.8
943.6
943.4
943.2
942.7
942
941.7
941.6
940.6
941.7
942.7
942.8
942.3
942.9
942.7
943
943.1
943.9
945.2
946.1
947.6
948.5
948.7
949
949.5
949.4
949
949.2
949.1
948.9
949.5
950.5
951.4
951.9
953
953.5
953.5
953.7
953.8
953.6
953.3
953.7
954.1
954.2
954.7
954.9
955.6
955.9
956.3
956.4
956.7
956.9
956.7
956.2
956.3
956.5
956.5
956.3
956.8
956
955.5
954.1
953.2
951.8
951.1
950.6
950.2
949.8
950.2
950.5
950.4
950.4
950
949.8
948.9
948.2
947.6
946.7
946.3
946.3
946.4
946.8
946.9
946.9
946.8
945.9
945.3
945.8
946
946.9
948.5
949.4
950.4
951
951.7
952.3
952.6
952.9
952.7
952.8
952.5
952
951.8
951.8
951.7
951.5
952
951.7
951.3
950.5
950.3
949.1
948.4
949.2
950.1
951.3
952.4
953.6
954.7
955.1
955.7
955.6
955.8
956.4
956.5
956.7
957
957
957.3
957.7
958
957.8
957.3
956.5
955.4
954.2
953.4
952.9
952.9
952.4
952.7
953.7
954.1
954.3
954.2
954
953.9
953.8
953.3
952.7
952.7
952.8
952.8
952.8
952.9
952.6
952.2
951.9
951.7
951
949.6
948.7
948.2
948
948.5
949.1
950
950.7
951.2
951.9
951.9
952.3
952.7
952.9
953
953.3
954.1
954.3
954.3
954.7
953.5
952.5
951.3
950.1
949.4
949.9
950.3
951.1
951.9
952.1
952.2
952.2
952.1
951.4
950.1
950.3
949.2
948.4
947.6
946.8
946.7
946
945.7
945.9
944.8
944.1
943.6
942.8
942
941.7
941.1
941.2
941.4
941.5
941.4
941.5
941.8
941.8
941.1
940.6
940.6
940.4
940
941.2
941.4
942.8
942.9
943.4
943.8
944.4
944.1
943.7
944.1
944.4
944.9
946.1
946.2
947.3
947.8
948.7
948.9
949
949.3
948.7
948.9
948.5
948.3
948.4
948.9
949.1
949.6
949.9
949
948.4
947.5
946
945.7
946
945.5
946.1
946.3
947
946.8
947
947.3
947.7
947.7
947.5
948
948.3
948.7
949.3
950.2
951
951.5
951.7
952.1
952
951.9
951.5
951.1
951.1
950.7
950.9
951.3
951.9
952.7
953.6
953.7
953.7
953.8
953.6
953.4
953
952.7
952.8
953.1
953.3
953
952.7
952.2
951.6
951.5
950.7
949.5
949.6
949.9
950.3
950.9
951.1
951.9
951.5
951.6
951.6
951.4
951.1
950.3
949.6
949.4
949.6
949.5
949.3
948.6
947.9
946.8
945.2
944.4
944.1
943.7
944.3
944.7
945.4
946.8
947
947.8
949.3
949.7
950.5
950.9
951.5
951.7
951.7
951.4
951.7
952.2
952.2
952.4
951.9
951.2
949.7
948.1
947
947.2
945.7
945.1
945
945.4
945.6
945.6
945.4
944.8
944.6
943.8
943.2
942.4
941.6
942.4
942.7
943.1
943.4
943.9
944.6
945
945.3
945.1
945.2
945.4
945.8
946.1
946.8
947.3
947.7
948.4
948.4
948.6
948.3
948.5
948.6
947.9
948
949
949.2
949.5
949.7
949.8
950.3
950.3
949.9
949.4
948.7
947.6
947.1
946.8
947.1
947.7
948.5
949.3
949.6
949.8
950.4
950.4
950.3
949.6
949.5
949.2
948.9
948.8
948.8
948.4
948
947.1
946
945.2
944.3
942.5
942.8
943.5
944.1
944.6
944.6
944.2
943.8
942.8
942.8
941.9
940.9
939.5
939.7
940.1
940.6
940.9
941.9
942.9
942.8
942.5
943.4
943.3
943.4
943.5
943.4
944.4
945.2
945.9
946.5
947.2
947.6
947.9
948.2
948.4
948.2
948
947.7
947.9
948.1
948.3
948.7
948.6
948.6
948.6
947.9
946.8
946.5
946.3
946.5
946.4
946.4
946.5
946.8
947.3
948.5
949.4
949.8
949.7
949.9
949.8
949.6
950.1
950.2
950.9
951.4
951.2
950.9
950.7
950.4
950
950.1
949.4
949.6
949.9
950
950.4
951
951.6
952.2
952.6
952.6
952.4
952.3
951.8
951.9
952.1
952.4
952.8
953.4
953.7
954
954.5
954.4
954.3
953.8
953.3
953.1
953.1
953
953.3
953.5
953.9
953.9
954.1
954
954.2
954.2
953.6
953.3
953.2
952.8
953.1
952.6
952.3
952.4
951.9
951.2
950.2
949.2
948.1
947.9
947.7
948
947.9
947.9
949.2
949.2
949.5
949.5
949.3
949.4
948.7
947.9
947.5
947.3
947
946.9
946.1
945.1
943.9
942.9
941.7
940.7
939.9
939.6
939
939.3
939.5
940.2
941.8
942
942.7
943
943.3
943.1
942.7
943.2
943.1
943.6
944.1
945
945.5
945.8
946
945.8
945.5
945.1
944.4
944.3
944.6
945.1
945.2
945.8
946.5
946.7
947
946.8
946.8
946.4
946.4
946.2
945.5
945.5
945.3
945.3
945.5
945.2
944.7
944.5
944.6
944
943.3
942.8
942.8
942.7
942.8
943.3
943.8
943.4
943.4
942.7
942.3
942.3
942.3
941.6
941.8
941.6
941.5
942.8
943
943
942.5
941.2
940.1
940.3
940.4
940.7
941.9
942.9
944.2
945.3
945.1
945.2
945.8
947.4
947.9
948.5
949
949.7
950.7
951.1
951.7
952.2
952.9
953.1
953.2
953.7
953.6
953.5
952.9
952.6
951.8
952.2
951.9
951.7
951.9
952.9
952.9
952.3
952.1
951.2
950.3
950.6
949.9
948
948
948.2
947.8
947
946
944.8
943
941.4
939.1
937.9
937.5
936.5
936.6
937
937.7
938.4
938.8
938.7
938.9
939.5
939.8
940.1
940.4
941.1
941.9
942.6
943.5
943.5
944.1
945.2
945.2
945.8
945.6
946
945.6
946.4
947.1
947.3
947.9
948.3
948.7
949.1
949.1
949
948.6
948.6
948.6
948.8
949.2
949.6
949.8
950
950.1
949.6
949
948.9
948.5
948.3
948.3
949.1
950.1
951.3
952.1
952.8
953.3
953.8
954
953.8
954
954.6
955
955.3
956.2
956.8
956.5
956.4
956.3
955.5
954.5
953.8
953.3
953
953.4
953.7
954.5
955.2
955.9
956.7
956.6
956.5
956.5
956.1
955.8
955.9
955.2
955.2
955.6
955.5
954.9
954.4
954.2
953.4
952.7
951.8
950.6
950
949.6
949.4
948.9
948.6
948
947.3
946.3
945.5
944.8
944.8
944.5
944.3
944.7
945.3
946.1
946.8
947.2
947.6
948
948.4
948.4
948.6
948.6
948.6
949.1
949.8
950.3
951.2
952.2
952.8
952.9
953.5
954
953.6
953.3
953.5
953.7
953.9
954.6
955.3
955.5
955.2
954.8
954
953.1
952.3
951.1
950.2
950.1
950.7
951.4
952.4
953.7
954.6
954.7
954.3
954.8
954.7
954.1
954.2
953.6
953.9
954.3
954.1
953.7
953.1
951.9
950.4
948.8
948.1
948.4
948
948.3
948.4
948.3
948.4
948.7
948.8
948.6
948.4
948.3
947.8
947.2
946.9
946.9
947.3
947.8
948.6
949.1
949.1
948.8
947.7
946.5
945.7
945.1
944.5
944.5
945.2
946.2
947.1
947.9
948.4
948.4
948.3
948.1
948.3
947.9
947.8
947.9
948
948.6
948.9
949.3
949.1
949.2
948.8
947.9
947.3
946.8
947.1
947.5
948.2
948.6
949.1
949.8
949.7
949.8
950
950.2
950
950
950.6
951
951.3
951.6
951.9
951.4
951.1
950.8
949.7
949
947.7
946.6
946.7
947.1
947.4
947.9
948.5
948.9
949.7
950
950.4
950.5
950.2
949.9
949.8
949.7
949.6
949.9
950.1
949.8
949.5
949.5
949
948.1
947.8
947.3
946.9
946.8
947.1
947.1
947.5
947.9
948.3
948.4
948.7
949.1
948.9
948.9
948.7
948.8
949.1
949.5
950
950
949.9
949.9
949.8
949.4
949.2
948.9
948.8
949.4
950.4
950.7
951.6
952.4
953.2
953.5
953.7
954
954.2
954.3
954.8
955.2
955.4
956.1
956.3
956.1
955.4
954.6
953.6
953.1
952.7
952.6
952.5
952.4
952.9
953.6
953.9
954.4
954.6
954.3
954.8
954.9
954.3
953.7
953.3
952.6
952.6
952.4
952.6
952.7
952.5
952.4
951.9
950.8
950.1
949.4
948.6
948
947.5
946.8
946.5
946.3
946
944.8
944.6
944
942.7
942.3
941.7
941.6
941.6
941.8
941.9
941.3
941
941.1
940.4
940.1
940.2
939.9
939.8
940
940.1
940.1
940.6
941.6
941.7
941.3
941
941
940.5
939.7
939.3
939.1
938.7
938.9
938.6
938.3
938.7
938.8
938.1
938.9
939.2
939.1
939.4
939.4
940.3
941
941.5
941.6
941.5
941.7
941.2
941.2
941.4
942.7
943.2
943.1
943.8
944.2
944.8
945.5
946
946.5
946.2
947.2
947.6
948.5
949.4
949.9
950.8
950.9
951.6
952.8
953.2
952.9
952.7
953.1
953.5
954.1
955.1
956.1
957.5
958.1
957.8
957.2
956
955.8
955.4
954.9
954.4
954
953.6
953.4
953.7
954.1
955.4
956
956.8
956.9
956.8
956.6
956.2
956.2
956.5
956.5
956.9
957.1
956.9
956.7
956.3
956.5
956
955.1
954.1
953.3
952.7
952.7
952.5
952.6
952.1
952.6
952.7
952.5
951.9
950.9
950.6
950
949.4
948.8
948.3
947.5
947.4
946.8
945.6
945.1
945
944.8
943.9
942.6
941.8
941.3
941.4
942.2
942.1
942.4
942.6
942.4
942.1
941.5
940.6
940.6
940
939.6
939.7
939.7
939.6
939.2
939.5
939.3
939.2
938.1
937.5
937.3
936.8
936.9
936.8
936.8
937.2
938.2
938.3
938.2
938.6
938.9
939.4
939.4
939.6
940.5
941.3
942.2
943
943.6
944.4
945.1
944.7
944.8
944.9
945
944.9
945.1
945.6
945.9
946.7
948.2
949.1
949.8
950.2
950.3
950.6
950.5
951.2
951.6
952.1
952.5
952.9
953
952.8
952.5
951.5
950.7
950
949.7
949.7
949.5
949.7
950.1
950.7
951.7
952.2
952.6
952.8
952.8
952.9
953.1
953.4
954
954.3
954.6
955
954.8
954
953.3
952.4
951.8
951.2
951.1
951
951
951.5
952.4
953.4
954.7
955.3
956
956.3
956.2
956.1
956.2
956.3
956.6
956.8
957.4
957.6
957.3
956.5
955.6
954.4
953.4
952.8
952
951.3
951.1
951.3
951.8
952.6
953.4
954.1
954.2
954.2
953.8
953.1
952.7
952.4
952.1
951.6
951.8
951.5
951
950.1
949.6
948.6
947
945.8
944.8
944
944.7
945.5
947.2
947.5
948
948.1
947.4
947.6
947.2
946.9
946.8
946.7
946.6
946.9
947.3
947.9
948.2
948.4
948.6
948.6
948.2
947.7
947.3
947
946.9
947.3
947.9
948.4
949.1
949.8
950.1
950.5
950.5
950.7
950.8
951.2
951.1
951.3
951.6
951.5
950.8
949.8
948.9
948
946.7
946
945.3
944.6
944.6
944.7
945.2
946.3
946.9
947.5
948
948.1
948.2
948.1
947.7
947.7
947.5
947.5
947.6
947.6
946.8
946
945.8
945.9
945.3
944.8
943.9
943.6
943.3
943.4
943.9
944.7
946
946.6
947.1
947.9
948.1
948
948.2
948.6
949.1
949.7
949.9
950.1
949.8
949
948.6
948.2
947.6
946.8
946.5
946.6
946.8
947.4
948
949
949.8
950.4
950.6
950.7
950.6
950.6
950.8
950.8
950.9
951.1
951.6
951.5
950.9
950.4
949.6
948.9
948.1
947.5
947.1
947
947.4
947.9
948.5
949.2
949.8
950.5
950.9
951.4
951.4
951.6
951.5
951.9
952.1
952.5
952.9
953
952.5
951.9
951
950
949.4
949
948.5
948.4
948.6
949.3
949.9
950.7
951.5
952.5
953
953.2
953.6
953.7
953.6
953.5
953.5
954
954.3
954.3
954
953.3
952.7
951.8
951
950.4
949.8
950
950.7
950.9
951.3
951.7
952.3
953.1
953.3
953.3
952.9
952.9
952.6
952.5
952.3
952.4
952.6
952.6
952.8
953.1
952.4
951.6
951.7
951.9
952.5
952.2
952.4
952.7
952.9
952.8
952.5
952.8
953
952.9
952.7
952.5
952.2
952.1
951.9
952.4
953
953.1
953
952.7
952.2
951.2
950
949.2
948.4
948
948.2
948.4
949.3
949.7
950.3
950.9
950.9
950.6
950.6
950.3
950.1
950.2
950.6
950.7
950.9
951.3
951.7
951
950
949
948.3
947.6
947.3
947.6
948.2
949.3
950.2
951.3
952
952.8
953.1
952.7
952.6
952.4
952.6
952.9
953.3
953.9
954.4
954.7
954.8
954.4
954.3
953.5
952.5
952
951.5
951.2
951.2
951.3
952.1
953.2
954.2
954.6
954.9
955.2
955.4
955.5
955.2
955.5
955.3
955.5
955.9
955.3
955.5
955
955.2
955.4
954.4
953.8
953.4
953.1
953.6
954.2
955
955.4
955.7
956.3
956.4
956.5
956.2
956.2
955.8
955.8
955.8
956
956.5
956.4
956.2
955.4
954.8
953.9
953.3
952.5
951.9
951.7
952.2
952.7
953.1
953.2
953.6
953.8
953.7
953.4
953.1
952.6
952.6
952.7
952.5
951.7
950.9
949.9
949.3
948.8
948.8
948
947
946.1
945.4
945.2
945.6
945.5
945.9
945.9
945.4
945.2
944.3
943.3
941.6
940.5
939.5
938.2
937.1
937.5
938.3
939.2
940.1
939.9
940.2
940
939.2
939.3
939.4
938.9
938.6
938.9
939.5
940.6
941.5
942.4
942.7
942.8
942.9
943
942.8
942.8
942.8
943.2
943.4
943.6
943.7
943.1
942.6
942.2
941.5
941
940.7
940.6
940.9
941.5
942.2
943
943.9
944.6
945.1
945.6
946.2
946.4
946.5
946.8
947.1
947.3
947.7
947.9
947.6
947
946.2
945.5
944.8
944.2
943.6
943.3
943.2
943.5
944.3
944.9
945.7
946.4
946.8
947.2
947.5
947.5
947.5
947.9
948.1
948.6
949.3
949.3
949.5
949.1
948.5
948.2
947.8
947.9
948
948
948
948.3
948.8
949.4
950.3
951
951.5
951.7
951.8
952.4
952.4
952.6
953.3
953.7
954.1
954.2
954.1
953.6
953.1
952.5
951.9
951.1
950.8
950.6
950.8
951.6
952.4
953.1
954
954.8
955.3
955.5
955.7
955.9
956.1
956.1
956.2
956.6
956.9
956.7
956.5
955.7
955.2
954.6
953.5
952.5
952.2
951.9
951.7
951.7
952.1
952.8
953.7
954.1
954.4
954.4
954.3
954.3
954
953.8
954
954.1
954.1
953.8
953.3
952.4
951.4
950.5
949.9
949.2
948.8
948.3
948.1
948
948.4
948.3
948.4
947.9
947.8
947.5
947.1
947
946.6
946.6
946
946.5
947.2
947.4
947.6
947.3
947.4
946.9
946.4
945.9
945.2
944.6
944.1
943.7
943.3
943.4
943.4
943.1
942.6
942.2
942.1
941.4
941.3
940.8
941
941.9
942.5
943
943.5
942.6
942.7
942.6
942.3
942
942.4
942.4
942.9
943.5
944.3
945.1
945.9
946.7
947.2
947.9
948.2
948.5
948.5
949
949.2
949.8
949.9
950.4
950.3
950.2
949.8
948.8
947.6
947.2
946.2
946
945.9
946.2
947
947.9
948.7
949.4
949.9
950
949.9
949.9
949.1
949.7
949.3
949
949.4
948.9
948.9
948.3
947.7
947.5
947.2
946.5
947
946.4
946.2
945.9
946.1
946.3
946.6
946.9
946.9
946.8
946.3
946.6
946
946.1
946.4
946.3
946.4
946.9
946.7
946.5
946
945.6
944.8
944.3
944
943.9
944.3
944.6
945.1
946.6
947
947.6
948.1
948.1
948.1
947.9
947.6
947.6
947.8
948.2
948
947.9
947.9
947.6
947.5
946.8
946.4
946.8
946.4
945.8
945.7
945.3
945.6
946.3
946.3
946.3
946.6
946.6
946.2
946.1
945.9
946
946.1
946.5
946.7
946.5
946.3
945.9
945.3
944.7
944.2
943.5
943.1
943.2
943.7
944.4
945.5
946.6
947.5
948
948.3
948.7
948.8
948.5
948.8
948.7
949
949.2
949.6
949.9
950.1
949.7
948.9
947.9
946.9
946.1
945.4
944.6
944.8
945.5
946
946.7
947.3
948.1
948.2
948.3
947.9
947.5
947.5
947.7
947.5
947.6
947.7
947.8
947.2
947
946.8
946.8
946.2
945.7
945.5
945.3
945.9
945.8
945.9
946.7
947.5
947.5
947.6
947.9
947.9
948
948.1
948.2
949.1
949.9
950.4
950.6
950.6
950.1
949.9
949.5
949.2
949
948.5
948.3
948.3
948.3
948.3
948.6
948.9
949.4
949.4
948.9
948.6
948.6
947.9
947.1
947.2
947.9
947.6
947.7
947.5
945.2
945.3
944.2
943.9
942.8
942.3
941.4
940.5
940.1
939.2
938.7
938.5
938.4
937.9
937.4
937
936.8
936.5
936.6
936.2
936.5
936.9
937
937.1
937.4
938.1
938.6
938.8
938.9
938.8
939.3
939.9
940.7
941.8
942.1
942.6
942.6
942.6
942.7
942.8
942.8
942.5
942.4
942.5
942.7
942.8
943
943.4
943.3
943.3
943
942.4
941.9
940.8
940.5
940.5
940.5
940.9
941.5
941.5
941.9
941.7
941.6
941.1
940.8
940.6
940.3
939.9
939.9
940.1
940.3
940.2
939.5
939.6
939.8
939.9
939.9
940.3
940.3
940.1
939.5
939.3
939.7
940.4
940.9
940.9
941.2
941.3
941.2
941.2
941.4
941.7
942.1
942.2
942.5
942.6
942.2
941.6
941
940.8
940.3
940.6
940.6
939.9
940.7
941.3
942
942.8
943.1
943.3
943.1
942.8
942.9
942.9
942.8
943
943.4
943.6
943.8
944
944
943.8
943.4
943.1
943.3
943.6
943.5
943.4
943.7
944
945
945.7
946.5
946.9
947.2
947.4
947.6
947.5
947.6
948
948.6
948.9
949
949.1
948.9
948.5
948
947.4
946.8
946.1
945.7
945.9
946
946.6
947.7
948.5
949.3
949.7
950.2
950.3
950.5
950.3
950
949.8
949.6
949.4
949.1
948.6
947.6
947
946.2
945.6
945.4
945.1
945.1
944.4
944.3
944.8
945.3
945
944.8
944.6
943.8
942.9
942.2
941
940
939.8
939.5
938.9
938
937.1
935.8
934.8
933.5
931.9
930.9
929.2
927.8
926.3
927.1
927.2
925.8
926.1
925.8
925.3
924.9
924.9
925.2
925.7
926.6
927.8
928.9
929.9
930.8
931.2
932
932.8
933.5
934.3
934.7
935.5
936.3
937.3
938.1
939.3
940.1
941
942.1
943
943.8
944.3
944.4
944.8
945.2
945.4
946.3
946.7
947.6
948.1
948.3
948.1
947.7
947.6
947.9
947.8
947.5
947.4
947.5
947.7
948.1
948.7
949.5
949.7
950.3
950.2
950.3
950.1
950.2
950.2
950.2
950.4
950.6
950.3
949.5
948.6
947.7
947.2
946.4
946.1
946.1
946
946
946.3
946.9
946.9
947.4
947.7
947.5
946.9
946.7
946.3
946.4
946
946
946
945.8
945.8
945.4
944.5
943.8
943.4
942.6
942.2
941.7
941.9
942
942.2
942.5
942.8
943.2
943.4
943.2
943.1
942.9
942.6
942.5
942.7
942.8
942.9
943.3
943.3
943
942.5
942.3
941.7
941.2
940.9
940.8
941.2
941.9
943
943.5
944.4
945.1
945.6
946.2
946.1
945.9
945.6
945.8
946.2
946.3
946.5
946.5
946.5
946
945.8
945.2
944.6
944
943.3
942.8
943.6
943.7
944
944.7
945.3
945.5
945.4
945.4
944.8
944.1
943.8
943.4
943.3
942.9
942.7
942.5
942.3
941.9
941.6
941
940.4
939.9
939.4
938.9
938.7
938.8
939.6
940.4
940.9
941.4
941.7
941.6
941.4
941.3
941.5
941.7
941.6
941.8
942
942.2
941.9
941.3
940.7
940.1
939.6
940.1
940.6
941
941.5
942.3
942.5
942.7
943.4
944.1
944.2
944.4
944.2
943.6
943.6
943.5
943.6
944.1
944.5
945.2
945.4
945.4
945.5
945.3
945.2
945
945.5
946.2
946.9
947.5
948.3
949
949.7
950.6
950.9
951.4
951.5
951.6
951.9
952.3
952.5
953.3
953.6
953.5
953.5
953.1
952.7
952.1
951.3
950.5
950.4
950.1
950.1
950.5
951.1
951.9
952.9
953.9
954.4
954.6
954.5
954.2
954.1
954.4
954.3
954.1
953.9
953.6
953.2
952.4
951.8
951.1
950.3
949.9
949.8
949.5
949.5
949.1
949.4
949.7
950.2
950.9
951.2
951.1
950.6
949.9
949.5
948.9
948.6
948.4
948.2
948.1
947.8
947.2
946.5
945.9
945.2
944.4
943.7
943.4
942.7
942.2
941.4
940.9
940.9
941
940.7
940.3
939.7
939.4
938.8
938.7
938.6
938.9
939.2
939.7
939.6
939.4
939.7
939.8
939.7
940
940
940.2
940.4
940.6
940.8
941.2
941.2
941.6
941.9
942
941.2
941.1
941.1
941.1
940.6
940.7
940.4
940.4
940
940.1
939.9
939.7
939.1
938.7
938.9
939
939.1
939.3
939.4
939.5
940
940.1
940.3
939.7
939.2
938.3
937.4
936.3
936.2
936
936
935
935.6
935.8
935.7
935.3
935.6
936
935.9
936
936.5
936.9
938
939.3
939.8
940.4
941.1
941.2
941.1
941.2
940.9
941.1
941.2
941.8
942.2
942
941.7
941.7
941.5
941.3
940.7
940.4
940.6
940.3
941
941.6
942.3
942.8
943.4
944
944.5
944.6
944.9
