# seg	start	stop	duration
0	1212079744	1212083840	4096
1	1212128896	1212132992	4096
2	1212477056	1212481152	4096
3	1212714624	1212718720	4096
4	1212718720	1212722816	4096
5	1213001344	1213005440	4096
6	1213058688	1213062784	4096
7	1213070976	1213075072	4096
8	1213152896	1213156992	4096
9	1213300352	1213304448	4096
10	1213304448	1213308544	4096
11	1213308544	1213312640	4096
12	1213329024	1213333120	4096
13	1213398656	1213402752	4096
14	1213492864	1213496960	4096
15	1213570688	1213574784	4096
16	1213574784	1213578880	4096
17	1213681280	1213685376	4096
18	1213775488	1213779584	4096
19	1213779584	1213783680	4096
20	1213783680	1213787776	4096
21	1213787776	1213791872	4096
22	1213791872	1213795968	4096
23	1213795968	1213800064	4096
24	1213800064	1213804160	4096
25	1213804160	1213808256	4096
26	1213808256	1213812352	4096
27	1213812352	1213816448	4096
28	1213816448	1213820544	4096
29	1213820544	1213824640	4096
30	1213824640	1213828736	4096
31	1213828736	1213832832	4096
32	1213832832	1213836928	4096
33	1213836928	1213841024	4096
34	1213841024	1213845120	4096
35	1213845120	1213849216	4096
36	1213849216	1213853312	4096
37	1213955712	1213959808	4096
38	1214037632	1214041728	4096
39	1214103168	1214107264	4096
40	1214185088	1214189184	4096
41	1214451328	1214455424	4096
42	1214553728	1214557824	4096
43	1214873216	1214877312	4096
44	1216020096	1216024192	4096
45	1216085632	1216089728	4096
46	1216503424	1216507520	4096
47	1216798336	1216802432	4096
48	1217031808	1217035904	4096
49	1217109632	1217113728	4096
50	1217248896	1217252992	4096
51	1217252992	1217257088	4096
52	1217289856	1217293952	4096
53	1217564288	1217568384	4096
54	1217773184	1217777280	4096
55	1218121344	1218125440	4096
56	1218154112	1218158208	4096
57	1218338432	1218342528	4096
58	1218588288	1218592384	4096
59	1218776704	1218780800	4096
60	1218944640	1218948736	4096
61	1219026560	1219030656	4096
62	1219141248	1219145344	4096
63	1219395200	1219399296	4096
64	1219620480	1219624576	4096
65	1219923584	1219927680	4096
66	1219989120	1219993216	4096
67	1220136576	1220140672	4096
68	1220169344	1220173440	4096
69	1220181632	1220185728	4096
70	1220251264	1220255360	4096
71	1220333184	1220337280	4096
72	1220337280	1220341376	4096
73	1220341376	1220345472	4096
74	1220345472	1220349568	4096
75	1220349568	1220353664	4096
76	1220353664	1220357760	4096
77	1220357760	1220361856	4096
78	1220361856	1220365952	4096
79	1220365952	1220370048	4096
80	1220370048	1220374144	4096
81	1220374144	1220378240	4096
82	1220378240	1220382336	4096
83	1220382336	1220386432	4096
84	1220386432	1220390528	4096
85	1220390528	1220394624	4096
86	1220394624	1220398720	4096
87	1220398720	1220402816	4096
88	1220402816	1220406912	4096
89	1220406912	1220411008	4096
90	1220411008	1220415104	4096
91	1220415104	1220419200	4096
92	1220419200	1220423296	4096
93	1220423296	1220427392	4096
94	1220427392	1220431488	4096
95	1220431488	1220435584	4096
96	1220435584	1220439680	4096
97	1220439680	1220443776	4096
98	1220443776	1220447872	4096
99	1220447872	1220451968	4096
100	1220451968	1220456064	4096
101	1220456064	1220460160	4096
102	1220460160	1220464256	4096
103	1220464256	1220468352	4096
104	1220468352	1220472448	4096
105	1220472448	1220476544	4096
106	1220476544	1220480640	4096
107	1220480640	1220484736	4096
108	1220484736	1220488832	4096
109	1220488832	1220492928	4096
110	1220492928	1220497024	4096
111	1220497024	1220501120	4096
112	1220501120	1220505216	4096
113	1220505216	1220509312	4096
114	1220509312	1220513408	4096
115	1220513408	1220517504	4096
116	1220517504	1220521600	4096
117	1220521600	1220525696	4096
118	1220525696	1220529792	4096
119	1220529792	1220533888	4096
120	1220533888	1220537984	4096
121	1220537984	1220542080	4096
122	1220542080	1220546176	4096
123	1220546176	1220550272	4096
124	1220550272	1220554368	4096
125	1220554368	1220558464	4096
126	1220558464	1220562560	4096
127	1220562560	1220566656	4096
128	1220566656	1220570752	4096
129	1220570752	1220574848	4096
130	1220574848	1220578944	4096
131	1220578944	1220583040	4096
132	1220583040	1220587136	4096
133	1220587136	1220591232	4096
134	1220591232	1220595328	4096
135	1220595328	1220599424	4096
136	1220599424	1220603520	4096
137	1220603520	1220607616	4096
138	1220607616	1220611712	4096
139	1220611712	1220615808	4096
140	1220615808	1220619904	4096
141	1220619904	1220624000	4096
142	1220624000	1220628096	4096
143	1220628096	1220632192	4096
144	1220632192	1220636288	4096
145	1220636288	1220640384	4096
146	1220640384	1220644480	4096
147	1220644480	1220648576	4096
148	1220648576	1220652672	4096
149	1220652672	1220656768	4096
150	1220656768	1220660864	4096
151	1220660864	1220664960	4096
152	1220664960	1220669056	4096
153	1220669056	1220673152	4096
154	1220673152	1220677248	4096
155	1220701824	1220705920	4096
156	1220914816	1220918912	4096
157	1221287552	1221291648	4096
158	1221385856	1221389952	4096
159	1221488256	1221492352	4096
160	1221516928	1221521024	4096
161	1221643904	1221648000	4096
162	1221725824	1221729920	4096
163	1221729920	1221734016	4096
164	1221734016	1221738112	4096
165	1221738112	1221742208	4096
166	1221742208	1221746304	4096
167	1221746304	1221750400	4096
168	1221750400	1221754496	4096
169	1221754496	1221758592	4096
170	1221758592	1221762688	4096
171	1221762688	1221766784	4096
172	1221766784	1221770880	4096
173	1221770880	1221774976	4096
174	1221774976	1221779072	4096
175	1221779072	1221783168	4096
176	1221783168	1221787264	4096
177	1221787264	1221791360	4096
178	1221791360	1221795456	4096
179	1221795456	1221799552	4096
180	1221799552	1221803648	4096
181	1221803648	1221807744	4096
182	1221807744	1221811840	4096
183	1221811840	1221815936	4096
184	1221815936	1221820032	4096
185	1221820032	1221824128	4096
186	1221824128	1221828224	4096
187	1221828224	1221832320	4096
188	1221832320	1221836416	4096
189	1221836416	1221840512	4096
190	1221840512	1221844608	4096
191	1221844608	1221848704	4096
192	1221848704	1221852800	4096
193	1221852800	1221856896	4096
194	1221856896	1221860992	4096
195	1221918336	1221922432	4096
196	1221963392	1221967488	4096
197	1222229632	1222233728	4096
198	1222516352	1222520448	4096
199	1222684288	1222688384	4096
200	1222942336	1222946432	4096
201	1223175808	1223179904	4096
202	1223335552	1223339648	4096
203	1223638656	1223642752	4096
204	1223814784	1223818880	4096
205	1223892608	1223896704	4096
206	1224248960	1224253056	4096
207	1224310400	1224314496	4096
208	1224507008	1224511104	4096
209	1224511104	1224515200	4096
210	1224552064	1224556160	4096
211	1224564352	1224568448	4096
212	1224568448	1224572544	4096
213	1224736384	1224740480	4096
214	1224740480	1224744576	4096
215	1224744576	1224748672	4096
216	1224748672	1224752768	4096
217	1224752768	1224756864	4096
218	1224756864	1224760960	4096
219	1224760960	1224765056	4096
220	1224765056	1224769152	4096
221	1224769152	1224773248	4096
222	1224773248	1224777344	4096
223	1224777344	1224781440	4096
224	1224781440	1224785536	4096
225	1224785536	1224789632	4096
226	1224789632	1224793728	4096
227	1224793728	1224797824	4096
228	1224797824	1224801920	4096
229	1224801920	1224806016	4096
230	1224810112	1224814208	4096
231	1224838784	1224842880	4096
232	1224859264	1224863360	4096
233	1224863360	1224867456	4096
234	1224867456	1224871552	4096
235	1224871552	1224875648	4096
236	1224875648	1224879744	4096
237	1224879744	1224883840	4096
238	1224883840	1224887936	4096
239	1224887936	1224892032	4096
240	1224892032	1224896128	4096
241	1224912512	1224916608	4096
242	1224932992	1224937088	4096
243	1224990336	1224994432	4096
244	1225023104	1225027200	4096
245	1225170560	1225174656	4096
246	1225408128	1225412224	4096
247	1225592448	1225596544	4096
248	1225789056	1225793152	4096
249	1225809536	1225813632	4096
250	1225817728	1225821824	4096
251	1226059392	1226063488	4096
252	1226100352	1226104448	4096
253	1226202752	1226206848	4096
254	1226210944	1226215040	4096
255	1226313344	1226317440	4096
256	1226481280	1226485376	4096
257	1226669696	1226673792	4096
258	1226796672	1226800768	4096
259	1226985088	1226989184	4096
260	1227001472	1227005568	4096
261	1227230848	1227234944	4096
262	1227308672	1227312768	4096
263	1227333248	1227337344	4096
264	1227353728	1227357824	4096
265	1227357824	1227361920	4096
266	1227406976	1227411072	4096
267	1227411072	1227415168	4096
268	1227415168	1227419264	4096
269	1227419264	1227423360	4096
270	1227439744	1227443840	4096
271	1227501184	1227505280	4096
272	1227652736	1227656832	4096
273	1227656832	1227660928	4096
274	1227673216	1227677312	4096
275	1227828864	1227832960	4096
276	1227841152	1227845248	4096
277	1227923072	1227927168	4096
278	1227927168	1227931264	4096
279	1228009088	1228013184	4096
280	1228095104	1228099200	4096
281	1228099200	1228103296	4096
282	1228246656	1228250752	4096
283	1228250752	1228254848	4096
284	1228254848	1228258944	4096
285	1228258944	1228263040	4096
286	1228263040	1228267136	4096
287	1228267136	1228271232	4096
288	1228340864	1228344960	4096
289	1228344960	1228349056	4096
290	1228349056	1228353152	4096
291	1228353152	1228357248	4096
292	1228357248	1228361344	4096
293	1228459648	1228463744	4096
294	1228463744	1228467840	4096
295	1228476032	1228480128	4096
296	1228549760	1228553856	4096
297	1228623488	1228627584	4096
298	1228729984	1228734080	4096
299	1228746368	1228750464	4096
300	1228779136	1228783232	4096
301	1228783232	1228787328	4096
302	1228902016	1228906112	4096
303	1228910208	1228914304	4096
304	1228918400	1228922496	4096
305	1228922496	1228926592	4096
306	1228926592	1228930688	4096
307	1228930688	1228934784	4096
308	1228934784	1228938880	4096
309	1228938880	1228942976	4096
310	1228942976	1228947072	4096
311	1228947072	1228951168	4096
312	1228951168	1228955264	4096
313	1228955264	1228959360	4096
314	1228959360	1228963456	4096
315	1228979840	1228983936	4096
316	1229045376	1229049472	4096
317	1229115008	1229119104	4096
318	1229119104	1229123200	4096
319	1229168256	1229172352	4096
320	1229172352	1229176448	4096
321	1229254272	1229258368	4096
322	1229262464	1229266560	4096
323	1229356672	1229360768	4096
324	1229368960	1229373056	4096
325	1229373056	1229377152	4096
326	1229377152	1229381248	4096
327	1229381248	1229385344	4096
328	1229569664	1229573760	4096
329	1229573760	1229577856	4096
330	1229577856	1229581952	4096
331	1229770368	1229774464	4096
332	1229966976	1229971072	4096
333	1230028416	1230032512	4096
334	1230519936	1230524032	4096
335	1230704256	1230708352	4096
336	1230974592	1230978688	4096
337	1231163008	1231167104	4096
338	1231167104	1231171200	4096
339	1231171200	1231175296	4096
340	1231175296	1231179392	4096
341	1231179392	1231183488	4096
342	1231183488	1231187584	4096
343	1231187584	1231191680	4096
344	1231191680	1231195776	4096
345	1231195776	1231199872	4096
346	1231199872	1231203968	4096
347	1231208064	1231212160	4096
348	1231515264	1231519360	4096
349	1231519360	1231523456	4096
350	1231523456	1231527552	4096
351	1231527552	1231531648	4096
352	1231531648	1231535744	4096
353	1231535744	1231539840	4096
354	1231539840	1231543936	4096
355	1231580800	1231584896	4096
356	1231584896	1231588992	4096
357	1231588992	1231593088	4096
358	1231593088	1231597184	4096
359	1231597184	1231601280	4096
360	1231601280	1231605376	4096
361	1231605376	1231609472	4096
362	1231609472	1231613568	4096
363	1231613568	1231617664	4096
364	1231617664	1231621760	4096
365	1231621760	1231625856	4096
366	1231625856	1231629952	4096
367	1231629952	1231634048	4096
368	1231634048	1231638144	4096
369	1231638144	1231642240	4096
370	1231642240	1231646336	4096
371	1231646336	1231650432	4096
372	1231650432	1231654528	4096
373	1231654528	1231658624	4096
374	1231658624	1231662720	4096
375	1231662720	1231666816	4096
376	1231666816	1231670912	4096
377	1231670912	1231675008	4096
378	1231675008	1231679104	4096
379	1231679104	1231683200	4096
380	1231683200	1231687296	4096
381	1231687296	1231691392	4096
382	1231691392	1231695488	4096
383	1231695488	1231699584	4096
384	1231699584	1231703680	4096
385	1231703680	1231707776	4096
386	1231707776	1231711872	4096
387	1231711872	1231715968	4096
388	1231715968	1231720064	4096
389	1231720064	1231724160	4096
390	1231724160	1231728256	4096
391	1231728256	1231732352	4096
392	1231732352	1231736448	4096
393	1231736448	1231740544	4096
394	1231740544	1231744640	4096
395	1231744640	1231748736	4096
396	1231748736	1231752832	4096
397	1231752832	1231756928	4096
398	1231756928	1231761024	4096
399	1231761024	1231765120	4096
400	1231765120	1231769216	4096
401	1231769216	1231773312	4096
402	1231773312	1231777408	4096
403	1231777408	1231781504	4096
404	1231781504	1231785600	4096
405	1231785600	1231789696	4096
406	1231789696	1231793792	4096
407	1231793792	1231797888	4096
408	1231797888	1231801984	4096
409	1231801984	1231806080	4096
410	1231806080	1231810176	4096
411	1231810176	1231814272	4096
412	1231814272	1231818368	4096
413	1231826560	1231830656	4096
414	1231830656	1231834752	4096
415	1231908480	1231912576	4096
416	1231953536	1231957632	4096
417	1231957632	1231961728	4096
418	1231961728	1231965824	4096
419	1231965824	1231969920	4096
420	1231969920	1231974016	4096
421	1231974016	1231978112	4096
422	1231978112	1231982208	4096
423	1232072320	1232076416	4096
424	1232076416	1232080512	4096
425	1232080512	1232084608	4096
426	1232084608	1232088704	4096
427	1232170624	1232174720	4096
428	1232174720	1232178816	4096
429	1232187008	1232191104	4096
430	1232248448	1232252544	4096
431	1232367232	1232371328	4096
432	1232490112	1232494208	4096
433	1232494208	1232498304	4096
434	1232498304	1232502400	4096
435	1232502400	1232506496	4096
436	1232514688	1232518784	4096
437	1232518784	1232522880	4096
438	1232559744	1232563840	4096
439	1232563840	1232567936	4096
440	1232567936	1232572032	4096
441	1232572032	1232576128	4096
442	1232576128	1232580224	4096
443	1232699008	1232703104	4096
444	1232846464	1232850560	4096
445	1232948864	1232952960	4096
446	1233104512	1233108608	4096
447	1233141376	1233145472	4096
448	1233366656	1233370752	4096
449	1233387136	1233391232	4096
450	1233469056	1233473152	4096
451	1233636992	1233641088	4096
452	1233669760	1233673856	4096
453	1233714816	1233718912	4096
454	1233723008	1233727104	4096
455	1233727104	1233731200	4096
456	1234001536	1234005632	4096
457	1234005632	1234009728	4096
458	1234009728	1234013824	4096
459	1234013824	1234017920	4096
460	1234148992	1234153088	4096
461	1234165376	1234169472	4096
462	1234251392	1234255488	4096
463	1234497152	1234501248	4096
464	1234673280	1234677376	4096
465	1234677376	1234681472	4096
466	1234693760	1234697856	4096
467	1234714240	1234718336	4096
468	1234787968	1234792064	4096
469	1234833024	1234837120	4096
470	1234849408	1234853504	4096
471	1234947712	1234951808	4096
472	1234951808	1234955904	4096
473	1234955904	1234960000	4096
474	1234976384	1234980480	4096
475	1235054208	1235058304	4096
476	1235058304	1235062400	4096
477	1235062400	1235066496	4096
478	1235177088	1235181184	4096
479	1235267200	1235271296	4096
480	1235291776	1235295872	4096
481	1235295872	1235299968	4096
482	1235299968	1235304064	4096
483	1235308160	1235312256	4096
484	1235435136	1235439232	4096
485	1235504768	1235508864	4096
486	1235508864	1235512960	4096
487	1235512960	1235517056	4096
488	1235517056	1235521152	4096
489	1235521152	1235525248	4096
490	1235525248	1235529344	4096
491	1235545728	1235549824	4096
492	1235549824	1235553920	4096
493	1235553920	1235558016	4096
494	1236074112	1236078208	4096
495	1236340352	1236344448	4096
496	1236541056	1236545152	4096
497	1236545152	1236549248	4096
498	1236549248	1236553344	4096
499	1236553344	1236557440	4096
500	1236659840	1236663936	4096
501	1236672128	1236676224	4096
502	1236745856	1236749952	4096
503	1236762240	1236766336	4096
504	1236786816	1236790912	4096
505	1236790912	1236795008	4096
506	1236795008	1236799104	4096
507	1236799104	1236803200	4096
508	1236803200	1236807296	4096
509	1236807296	1236811392	4096
510	1236811392	1236815488	4096
511	1236815488	1236819584	4096
512	1236819584	1236823680	4096
513	1236852352	1236856448	4096
514	1236885120	1236889216	4096
515	1236889216	1236893312	4096
516	1236893312	1236897408	4096
517	1236897408	1236901504	4096
518	1237028480	1237032576	4096
519	1237069440	1237073536	4096
520	1237130880	1237134976	4096
521	1237134976	1237139072	4096
522	1237139072	1237143168	4096
523	1237143168	1237147264	4096
524	1237147264	1237151360	4096
525	1237151360	1237155456	4096
526	1237155456	1237159552	4096
527	1237159552	1237163648	4096
528	1237163648	1237167744	4096
529	1237167744	1237171840	4096
530	1237171840	1237175936	4096
531	1237233280	1237237376	4096
532	1237245568	1237249664	4096
533	1237388928	1237393024	4096
534	1237401216	1237405312	4096
535	1237409408	1237413504	4096
536	1237413504	1237417600	4096
537	1237417600	1237421696	4096
538	1237425792	1237429888	4096
539	1237438080	1237442176	4096
540	1237479040	1237483136	4096
541	1237483136	1237487232	4096
542	1238011520	1238015616	4096
543	1238015616	1238019712	4096
544	1238060672	1238064768	4096
545	1238294144	1238298240	4096
546	1238367872	1238371968	4096
547	1238445696	1238449792	4096
548	1238449792	1238453888	4096
549	1238453888	1238457984	4096
550	1238466176	1238470272	4096
551	1238470272	1238474368	4096
552	1238474368	1238478464	4096
553	1238486656	1238490752	4096
554	1238507136	1238511232	4096
555	1238511232	1238515328	4096
556	1238515328	1238519424	4096
557	1238519424	1238523520	4096
558	1238523520	1238527616	4096
559	1238527616	1238531712	4096
560	1238531712	1238535808	4096
561	1238535808	1238539904	4096
562	1238539904	1238544000	4096
563	1238544000	1238548096	4096
564	1238548096	1238552192	4096
565	1238552192	1238556288	4096
566	1238572672	1238576768	4096
567	1238593152	1238597248	4096
568	1238597248	1238601344	4096
569	1238601344	1238605440	4096
570	1238605440	1238609536	4096
571	1238609536	1238613632	4096
572	1238613632	1238617728	4096
573	1238617728	1238621824	4096
574	1238621824	1238625920	4096
575	1238625920	1238630016	4096
576	1238630016	1238634112	4096
577	1238634112	1238638208	4096
578	1238916736	1238920832	4096
579	1239060096	1239064192	4096
580	1239142016	1239146112	4096
581	1239182976	1239187072	4096
582	1239187072	1239191168	4096
583	1239191168	1239195264	4096
584	1239195264	1239199360	4096
585	1239199360	1239203456	4096
586	1239203456	1239207552	4096
587	1239207552	1239211648	4096
588	1239211648	1239215744	4096
589	1239215744	1239219840	4096
590	1239219840	1239223936	4096
591	1239223936	1239228032	4096
592	1239228032	1239232128	4096
593	1239232128	1239236224	4096
594	1239236224	1239240320	4096
595	1239240320	1239244416	4096
596	1239244416	1239248512	4096
597	1239248512	1239252608	4096
598	1239252608	1239256704	4096
599	1239256704	1239260800	4096
600	1239260800	1239264896	4096
601	1239281280	1239285376	4096
602	1239314048	1239318144	4096
603	1239322240	1239326336	4096
604	1239514752	1239518848	4096
605	1239547520	1239551616	4096
606	1239613056	1239617152	4096
607	1239699072	1239703168	4096
608	1239740032	1239744128	4096
609	1239744128	1239748224	4096
610	1239748224	1239752320	4096
611	1239752320	1239756416	4096
612	1239756416	1239760512	4096
613	1239760512	1239764608	4096
614	1239764608	1239768704	4096
615	1239797376	1239801472	4096
616	1239826048	1239830144	4096
617	1239830144	1239834240	4096
618	1239834240	1239838336	4096
619	1239838336	1239842432	4096
620	1239842432	1239846528	4096
621	1239846528	1239850624	4096
622	1239944832	1239948928	4096
623	1240010368	1240014464	4096
624	1240096384	1240100480	4096
625	1240129152	1240133248	4096
626	1240153728	1240157824	4096
627	1240186496	1240190592	4096
628	1240239744	1240243840	4096
629	1240305280	1240309376	4096
630	1240366720	1240370816	4096
631	1240370816	1240374912	4096
632	1240387200	1240391296	4096
633	1240391296	1240395392	4096
634	1240395392	1240399488	4096
635	1240399488	1240403584	4096
636	1240403584	1240407680	4096
637	1240407680	1240411776	4096
638	1240411776	1240415872	4096
639	1240415872	1240419968	4096
640	1240419968	1240424064	4096
641	1240424064	1240428160	4096
642	1240428160	1240432256	4096
643	1240432256	1240436352	4096
644	1240436352	1240440448	4096
645	1240440448	1240444544	4096
646	1240444544	1240448640	4096
647	1240448640	1240452736	4096
648	1240452736	1240456832	4096
649	1240456832	1240460928	4096
650	1240460928	1240465024	4096
651	1240465024	1240469120	4096
652	1240469120	1240473216	4096
653	1240473216	1240477312	4096
654	1240477312	1240481408	4096
655	1240481408	1240485504	4096
656	1240485504	1240489600	4096
657	1240489600	1240493696	4096
658	1240493696	1240497792	4096
659	1240497792	1240501888	4096
660	1240501888	1240505984	4096
661	1240505984	1240510080	4096
662	1240510080	1240514176	4096
663	1240514176	1240518272	4096
664	1240518272	1240522368	4096
665	1240522368	1240526464	4096
666	1240526464	1240530560	4096
667	1240530560	1240534656	4096
668	1240534656	1240538752	4096
669	1240538752	1240542848	4096
670	1240542848	1240546944	4096
671	1240546944	1240551040	4096
672	1240551040	1240555136	4096
673	1240555136	1240559232	4096
674	1240559232	1240563328	4096
675	1240563328	1240567424	4096
676	1240567424	1240571520	4096
677	1240571520	1240575616	4096
678	1240575616	1240579712	4096
679	1240579712	1240583808	4096
680	1240583808	1240587904	4096
681	1240587904	1240592000	4096
682	1240592000	1240596096	4096
683	1240813184	1240817280	4096
684	1241316992	1241321088	4096
685	1241321088	1241325184	4096
686	1241337472	1241341568	4096
687	1241394816	1241398912	4096
688	1241476736	1241480832	4096
689	1241857664	1241861760	4096
690	1241915008	1241919104	4096
691	1242001024	1242005120	4096
692	1242082944	1242087040	4096
693	1242091136	1242095232	4096
694	1242193536	1242197632	4096
695	1242197632	1242201728	4096
696	1242201728	1242205824	4096
697	1242205824	1242209920	4096
698	1242209920	1242214016	4096
699	1242214016	1242218112	4096
700	1242218112	1242222208	4096
701	1242222208	1242226304	4096
702	1242226304	1242230400	4096
703	1242230400	1242234496	4096
704	1242234496	1242238592	4096
705	1242238592	1242242688	4096
706	1242242688	1242246784	4096
707	1242246784	1242250880	4096
708	1242250880	1242254976	4096
709	1242340992	1242345088	4096
710	1242345088	1242349184	4096
711	1242365568	1242369664	4096
712	1242427008	1242431104	4096
713	1242431104	1242435200	4096
714	1242435200	1242439296	4096
715	1242517120	1242521216	4096
716	1242529408	1242533504	4096
717	1242533504	1242537600	4096
718	1242807936	1242812032	4096
719	1242816128	1242820224	4096
720	1242885760	1242889856	4096
721	1242959488	1242963584	4096
722	1242967680	1242971776	4096
723	1242979968	1242984064	4096
724	1243123328	1243127424	4096
725	1243127424	1243131520	4096
726	1243143808	1243147904	4096
727	1243209344	1243213440	4096
728	1243213440	1243217536	4096
729	1243246208	1243250304	4096
730	1243250304	1243254400	4096
731	1243254400	1243258496	4096
732	1243274880	1243278976	4096
733	1243434624	1243438720	4096
734	1243438720	1243442816	4096
735	1243733632	1243737728	4096
736	1243758208	1243762304	4096
737	1243770496	1243774592	4096
738	1243815552	1243819648	4096
739	1243827840	1243831936	4096
740	1243872896	1243876992	4096
741	1243917952	1243922048	4096
742	1243930240	1243934336	4096
743	1243942528	1243946624	4096
744	1243946624	1243950720	4096
745	1244008064	1244012160	4096
746	1244012160	1244016256	4096
747	1244176000	1244180096	4096
748	1244208768	1244212864	4096
749	1244221056	1244225152	4096
750	1244225152	1244229248	4096
751	1244229248	1244233344	4096
752	1244233344	1244237440	4096
753	1244237440	1244241536	4096
754	1244302976	1244307072	4096
755	1244307072	1244311168	4096
756	1244339840	1244343936	4096
757	1244376704	1244380800	4096
758	1244458624	1244462720	4096
759	1244556928	1244561024	4096
760	1244774016	1244778112	4096
761	1244786304	1244790400	4096
762	1244900992	1244905088	4096
763	1244946048	1244950144	4096
764	1244970624	1244974720	4096
765	1245040256	1245044352	4096
766	1245068928	1245073024	4096
