# seg	start	stop	duration
0	1211862656	1211866752	4096
1	1211874944	1211879040	4096
2	1211944576	1211948672	4096
3	1211952768	1211956864	4096
4	1211965056	1211969152	4096
5	1211969152	1211973248	4096
6	1211973248	1211977344	4096
7	1211977344	1211981440	4096
8	1211989632	1211993728	4096
9	1211993728	1211997824	4096
10	1212001920	1212006016	4096
11	1212022400	1212026496	4096
12	1212034688	1212038784	4096
13	1212038784	1212042880	4096
14	1212100224	1212104320	4096
15	1212108416	1212112512	4096
16	1212112512	1212116608	4096
17	1212120704	1212124800	4096
18	1212141184	1212145280	4096
19	1212145280	1212149376	4096
20	1212157568	1212161664	4096
21	1212165760	1212169856	4096
22	1212169856	1212173952	4096
23	1212178048	1212182144	4096
24	1212206720	1212210816	4096
25	1212210816	1212214912	4096
26	1212219008	1212223104	4096
27	1212223104	1212227200	4096
28	1212231296	1212235392	4096
29	1212239488	1212243584	4096
30	1212247680	1212251776	4096
31	1212251776	1212255872	4096
32	1212259968	1212264064	4096
33	1212264064	1212268160	4096
34	1212292736	1212296832	4096
35	1212296832	1212300928	4096
36	1212317312	1212321408	4096
37	1212325504	1212329600	4096
38	1212345984	1212350080	4096
39	1212370560	1212374656	4096
40	1212378752	1212382848	4096
41	1212382848	1212386944	4096
42	1212386944	1212391040	4096
43	1212391040	1212395136	4096
44	1212399232	1212403328	4096
45	1212407424	1212411520	4096
46	1212415616	1212419712	4096
47	1212423808	1212427904	4096
48	1212432000	1212436096	4096
49	1212440192	1212444288	4096
50	1212448384	1212452480	4096
51	1212456576	1212460672	4096
52	1212460672	1212464768	4096
53	1212472960	1212477056	4096
54	1212493440	1212497536	4096
55	1212518016	1212522112	4096
56	1212534400	1212538496	4096
57	1212558976	1212563072	4096
58	1212583552	1212587648	4096
59	1212780160	1212784256	4096
60	1212817024	1212821120	4096
61	1212878464	1212882560	4096
62	1212882560	1212886656	4096
63	1212903040	1212907136	4096
64	1212907136	1212911232	4096
65	1212935808	1212939904	4096
66	1213005440	1213009536	4096
67	1213017728	1213021824	4096
68	1213054592	1213058688	4096
69	1213148800	1213152896	4096
70	1213173376	1213177472	4096
71	1213226624	1213230720	4096
72	1213251200	1213255296	4096
73	1213324928	1213329024	4096
74	1213341312	1213345408	4096
75	1213369984	1213374080	4096
76	1213382272	1213386368	4096
77	1213386368	1213390464	4096
78	1213390464	1213394560	4096
79	1213394560	1213398656	4096
80	1213415040	1213419136	4096
81	1213419136	1213423232	4096
82	1213468288	1213472384	4096
83	1213595264	1213599360	4096
84	1213628032	1213632128	4096
85	1213632128	1213636224	4096
86	1213640320	1213644416	4096
87	1213648512	1213652608	4096
88	1213652608	1213656704	4096
89	1213664896	1213668992	4096
90	1213734528	1213738624	4096
91	1213746816	1213750912	4096
92	1213939328	1213943424	4096
93	1213943424	1213947520	4096
94	1213947520	1213951616	4096
95	1213968000	1213972096	4096
96	1214017152	1214021248	4096
97	1214025344	1214029440	4096
98	1214033536	1214037632	4096
99	1214041728	1214045824	4096
100	1214045824	1214049920	4096
101	1214054016	1214058112	4096
102	1214074496	1214078592	4096
103	1214209664	1214213760	4096
104	1214213760	1214217856	4096
105	1214275200	1214279296	4096
106	1214283392	1214287488	4096
107	1214328448	1214332544	4096
108	1214332544	1214336640	4096
109	1214340736	1214344832	4096
110	1214353024	1214357120	4096
111	1214361216	1214365312	4096
112	1214365312	1214369408	4096
113	1214373504	1214377600	4096
114	1214430848	1214434944	4096
115	1214439040	1214443136	4096
116	1214459520	1214463616	4096
117	1214480000	1214484096	4096
118	1214488192	1214492288	4096
119	1214500480	1214504576	4096
120	1214512768	1214516864	4096
121	1214520960	1214525056	4096
122	1214529152	1214533248	4096
123	1214537344	1214541440	4096
124	1214566016	1214570112	4096
125	1214570112	1214574208	4096
126	1214623360	1214627456	4096
127	1214627456	1214631552	4096
128	1214733952	1214738048	4096
129	1214869120	1214873216	4096
130	1214877312	1214881408	4096
131	1214910080	1214914176	4096
132	1214975616	1214979712	4096
133	1214987904	1214992000	4096
134	1214996096	1215000192	4096
135	1215065728	1215069824	4096
136	1215069824	1215073920	4096
137	1215098496	1215102592	4096
138	1215110784	1215114880	4096
139	1215118976	1215123072	4096
140	1215127168	1215131264	4096
141	1215135360	1215139456	4096
142	1215151744	1215155840	4096
143	1215176320	1215180416	4096
144	1215233664	1215237760	4096
145	1215303296	1215307392	4096
146	1215389312	1215393408	4096
147	1215397504	1215401600	4096
148	1215405696	1215409792	4096
149	1215413888	1215417984	4096
150	1215417984	1215422080	4096
151	1215483520	1215487616	4096
152	1215487616	1215491712	4096
153	1215504000	1215508096	4096
154	1215508096	1215512192	4096
155	1215512192	1215516288	4096
156	1215577728	1215581824	4096
157	1215585920	1215590016	4096
158	1215590016	1215594112	4096
159	1215622784	1215626880	4096
160	1215663744	1215667840	4096
161	1215680128	1215684224	4096
162	1215704704	1215708800	4096
163	1215708800	1215712896	4096
164	1215721088	1215725184	4096
165	1215729280	1215733376	4096
166	1215741568	1215745664	4096
167	1215749760	1215753856	4096
168	1215762048	1215766144	4096
169	1215782528	1215786624	4096
170	1215790720	1215794816	4096
171	1215794816	1215798912	4096
172	1215803008	1215807104	4096
173	1215807104	1215811200	4096
174	1215811200	1215815296	4096
175	1215827584	1215831680	4096
176	1215843968	1215848064	4096
177	1215848064	1215852160	4096
178	1215884928	1215889024	4096
179	1215889024	1215893120	4096
180	1215893120	1215897216	4096
181	1215901312	1215905408	4096
182	1215934080	1215938176	4096
183	1215946368	1215950464	4096
184	1215950464	1215954560	4096
185	1215975040	1215979136	4096
186	1215999616	1216003712	4096
187	1216028288	1216032384	4096
188	1216032384	1216036480	4096
189	1216036480	1216040576	4096
190	1216044672	1216048768	4096
191	1216056960	1216061056	4096
192	1216061056	1216065152	4096
193	1216089728	1216093824	4096
194	1216118400	1216122496	4096
195	1216163456	1216167552	4096
196	1216192128	1216196224	4096
197	1216327296	1216331392	4096
198	1216413312	1216417408	4096
199	1216417408	1216421504	4096
200	1216429696	1216433792	4096
201	1216470656	1216474752	4096
202	1216482944	1216487040	4096
203	1216523904	1216528000	4096
204	1216528000	1216532096	4096
205	1216573056	1216577152	4096
206	1216581248	1216585344	4096
207	1216601728	1216605824	4096
208	1216700032	1216704128	4096
209	1216749184	1216753280	4096
210	1216753280	1216757376	4096
211	1216773760	1216777856	4096
212	1216831104	1216835200	4096
213	1216851584	1216855680	4096
214	1216855680	1216859776	4096
215	1216859776	1216863872	4096
216	1216892544	1216896640	4096
217	1216941696	1216945792	4096
218	1216958080	1216962176	4096
219	1216970368	1216974464	4096
220	1216974464	1216978560	4096
221	1217048192	1217052288	4096
222	1217060480	1217064576	4096
223	1217064576	1217068672	4096
224	1217097344	1217101440	4096
225	1217113728	1217117824	4096
226	1217117824	1217121920	4096
227	1217130112	1217134208	4096
228	1217138304	1217142400	4096
229	1217212032	1217216128	4096
230	1217232512	1217236608	4096
231	1217257088	1217261184	4096
232	1217281664	1217285760	4096
233	1217293952	1217298048	4096
234	1217310336	1217314432	4096
235	1217330816	1217334912	4096
236	1217334912	1217339008	4096
237	1217339008	1217343104	4096
238	1217375872	1217379968	4096
239	1217388160	1217392256	4096
240	1217392256	1217396352	4096
241	1217486464	1217490560	4096
242	1217490560	1217494656	4096
243	1217502848	1217506944	4096
244	1217506944	1217511040	4096
245	1217543808	1217547904	4096
246	1217547904	1217552000	4096
247	1217584768	1217588864	4096
248	1217617536	1217621632	4096
249	1217687168	1217691264	4096
250	1217752704	1217756800	4096
251	1217826432	1217830528	4096
252	1217834624	1217838720	4096
253	1217838720	1217842816	4096
254	1217908352	1217912448	4096
255	1217937024	1217941120	4096
256	1217957504	1217961600	4096
257	1217961600	1217965696	4096
258	1217969792	1217973888	4096
259	1217998464	1218002560	4096
260	1218023040	1218027136	4096
261	1218104960	1218109056	4096
262	1218109056	1218113152	4096
263	1218141824	1218145920	4096
264	1218145920	1218150016	4096
265	1218252416	1218256512	4096
266	1218281088	1218285184	4096
267	1218301568	1218305664	4096
268	1218305664	1218309760	4096
269	1218403968	1218408064	4096
270	1218477696	1218481792	4096
271	1218555520	1218559616	4096
272	1218576000	1218580096	4096
273	1218612864	1218616960	4096
274	1218670208	1218674304	4096
275	1218674304	1218678400	4096
276	1218686592	1218690688	4096
277	1218715264	1218719360	4096
278	1218723456	1218727552	4096
279	1218727552	1218731648	4096
280	1218735744	1218739840	4096
281	1218756224	1218760320	4096
282	1218764416	1218768512	4096
283	1218920064	1218924160	4096
284	1218924160	1218928256	4096
285	1218936448	1218940544	4096
286	1218940544	1218944640	4096
287	1218956928	1218961024	4096
288	1218965120	1218969216	4096
289	1219030656	1219034752	4096
290	1219137152	1219141248	4096
291	1219153536	1219157632	4096
292	1219157632	1219161728	4096
293	1219165824	1219169920	4096
294	1219247744	1219251840	4096
295	1219251840	1219255936	4096
296	1219272320	1219276416	4096
297	1219296896	1219300992	4096
298	1219300992	1219305088	4096
299	1219460736	1219464832	4096
300	1219473024	1219477120	4096
301	1219485312	1219489408	4096
302	1219505792	1219509888	4096
303	1219513984	1219518080	4096
304	1219530368	1219534464	4096
305	1219534464	1219538560	4096
306	1219538560	1219542656	4096
307	1219546752	1219550848	4096
308	1219612288	1219616384	4096
309	1219677824	1219681920	4096
310	1219759744	1219763840	4096
311	1219763840	1219767936	4096
312	1219780224	1219784320	4096
313	1219841664	1219845760	4096
314	1219849856	1219853952	4096
315	1219956352	1219960448	4096
316	1219968640	1219972736	4096
317	1220050560	1220054656	4096
318	1220058752	1220062848	4096
319	1220124288	1220128384	4096
320	1220206208	1220210304	4096
321	1220214400	1220218496	4096
322	1220284032	1220288128	4096
323	1220288128	1220292224	4096
324	1220312704	1220316800	4096
325	1220316800	1220320896	4096
326	1220320896	1220324992	4096
327	1220324992	1220329088	4096
328	1220329088	1220333184	4096
329	1220677248	1220681344	4096
330	1220681344	1220685440	4096
331	1220685440	1220689536	4096
332	1220689536	1220693632	4096
333	1220693632	1220697728	4096
334	1220697728	1220701824	4096
335	1220705920	1220710016	4096
336	1220710016	1220714112	4096
337	1220714112	1220718208	4096
338	1220718208	1220722304	4096
339	1220722304	1220726400	4096
340	1220726400	1220730496	4096
341	1220730496	1220734592	4096
342	1220734592	1220738688	4096
343	1220738688	1220742784	4096
344	1220742784	1220746880	4096
345	1220746880	1220750976	4096
346	1220750976	1220755072	4096
347	1220755072	1220759168	4096
348	1220759168	1220763264	4096
349	1220763264	1220767360	4096
350	1220767360	1220771456	4096
351	1220771456	1220775552	4096
352	1220775552	1220779648	4096
353	1220779648	1220783744	4096
354	1220783744	1220787840	4096
355	1220787840	1220791936	4096
356	1220791936	1220796032	4096
357	1220796032	1220800128	4096
358	1220800128	1220804224	4096
359	1220804224	1220808320	4096
360	1220808320	1220812416	4096
361	1220812416	1220816512	4096
362	1220816512	1220820608	4096
363	1220820608	1220824704	4096
364	1220824704	1220828800	4096
365	1220828800	1220832896	4096
366	1220832896	1220836992	4096
367	1220836992	1220841088	4096
368	1220841088	1220845184	4096
369	1220845184	1220849280	4096
370	1220849280	1220853376	4096
371	1220853376	1220857472	4096
372	1220857472	1220861568	4096
373	1220861568	1220865664	4096
374	1220865664	1220869760	4096
375	1220869760	1220873856	4096
376	1220873856	1220877952	4096
377	1220877952	1220882048	4096
378	1220882048	1220886144	4096
379	1220886144	1220890240	4096
380	1220890240	1220894336	4096
381	1220894336	1220898432	4096
382	1220898432	1220902528	4096
383	1220902528	1220906624	4096
384	1220906624	1220910720	4096
385	1220910720	1220914816	4096
386	1220918912	1220923008	4096
387	1220923008	1220927104	4096
388	1220927104	1220931200	4096
389	1220931200	1220935296	4096
390	1220935296	1220939392	4096
391	1220939392	1220943488	4096
392	1220943488	1220947584	4096
393	1220947584	1220951680	4096
394	1220951680	1220955776	4096
395	1220955776	1220959872	4096
396	1220959872	1220963968	4096
397	1220963968	1220968064	4096
398	1220968064	1220972160	4096
399	1220972160	1220976256	4096
400	1220976256	1220980352	4096
401	1220980352	1220984448	4096
402	1220984448	1220988544	4096
403	1220988544	1220992640	4096
404	1220992640	1220996736	4096
405	1220996736	1221000832	4096
406	1221000832	1221004928	4096
407	1221004928	1221009024	4096
408	1221009024	1221013120	4096
409	1221013120	1221017216	4096
410	1221017216	1221021312	4096
411	1221021312	1221025408	4096
412	1221025408	1221029504	4096
413	1221029504	1221033600	4096
414	1221033600	1221037696	4096
415	1221037696	1221041792	4096
416	1221041792	1221045888	4096
417	1221045888	1221049984	4096
418	1221049984	1221054080	4096
419	1221054080	1221058176	4096
420	1221058176	1221062272	4096
421	1221062272	1221066368	4096
422	1221066368	1221070464	4096
423	1221070464	1221074560	4096
424	1221074560	1221078656	4096
425	1221078656	1221082752	4096
426	1221082752	1221086848	4096
427	1221086848	1221090944	4096
428	1221090944	1221095040	4096
429	1221095040	1221099136	4096
430	1221099136	1221103232	4096
431	1221103232	1221107328	4096
432	1221107328	1221111424	4096
433	1221111424	1221115520	4096
434	1221115520	1221119616	4096
435	1221119616	1221123712	4096
436	1221123712	1221127808	4096
437	1221127808	1221131904	4096
438	1221131904	1221136000	4096
439	1221136000	1221140096	4096
440	1221140096	1221144192	4096
441	1221144192	1221148288	4096
442	1221148288	1221152384	4096
443	1221152384	1221156480	4096
444	1221156480	1221160576	4096
445	1221160576	1221164672	4096
446	1221164672	1221168768	4096
447	1221168768	1221172864	4096
448	1221172864	1221176960	4096
449	1221176960	1221181056	4096
450	1221181056	1221185152	4096
451	1221185152	1221189248	4096
452	1221189248	1221193344	4096
453	1221193344	1221197440	4096
454	1221197440	1221201536	4096
455	1221201536	1221205632	4096
456	1221205632	1221209728	4096
457	1221209728	1221213824	4096
458	1221213824	1221217920	4096
459	1221217920	1221222016	4096
460	1221222016	1221226112	4096
461	1221226112	1221230208	4096
462	1221230208	1221234304	4096
463	1221234304	1221238400	4096
464	1221238400	1221242496	4096
465	1221242496	1221246592	4096
466	1221246592	1221250688	4096
467	1221250688	1221254784	4096
468	1221254784	1221258880	4096
469	1221258880	1221262976	4096
470	1221262976	1221267072	4096
471	1221267072	1221271168	4096
472	1221271168	1221275264	4096
473	1221275264	1221279360	4096
474	1221283456	1221287552	4096
475	1221291648	1221295744	4096
476	1221303936	1221308032	4096
477	1221308032	1221312128	4096
478	1221320320	1221324416	4096
479	1221324416	1221328512	4096
480	1221328512	1221332608	4096
481	1221348992	1221353088	4096
482	1221377664	1221381760	4096
483	1221402240	1221406336	4096
484	1221410432	1221414528	4096
485	1221414528	1221418624	4096
486	1221430912	1221435008	4096
487	1221463680	1221467776	4096
488	1221467776	1221471872	4096
489	1221480064	1221484160	4096
490	1221521024	1221525120	4096
491	1221525120	1221529216	4096
492	1221529216	1221533312	4096
493	1221533312	1221537408	4096
494	1221537408	1221541504	4096
495	1221648000	1221652096	4096
496	1221713536	1221717632	4096
497	1221717632	1221721728	4096
498	1221869184	1221873280	4096
499	1221873280	1221877376	4096
500	1221881472	1221885568	4096
501	1221897856	1221901952	4096
502	1221975680	1221979776	4096
503	1222037120	1222041216	4096
504	1222053504	1222057600	4096
505	1222139520	1222143616	4096
506	1222151808	1222155904	4096
507	1222164096	1222168192	4096
508	1222340224	1222344320	4096
509	1222413952	1222418048	4096
510	1222450816	1222454912	4096
511	1222528640	1222532736	4096
512	1222610560	1222614656	4096
513	1222614656	1222618752	4096
514	1222725248	1222729344	4096
515	1222729344	1222733440	4096
516	1222909568	1222913664	4096
517	1222958720	1222962816	4096
518	1223061120	1223065216	4096
519	1223069312	1223073408	4096
520	1223077504	1223081600	4096
521	1223106176	1223110272	4096
522	1223110272	1223114368	4096
523	1223171712	1223175808	4096
524	1223229056	1223233152	4096
525	1223233152	1223237248	4096
526	1223237248	1223241344	4096
527	1223241344	1223245440	4096
528	1223245440	1223249536	4096
529	1223249536	1223253632	4096
530	1223253632	1223257728	4096
531	1223257728	1223261824	4096
532	1223261824	1223265920	4096
533	1223270016	1223274112	4096
534	1223274112	1223278208	4096
535	1223351936	1223356032	4096
536	1223356032	1223360128	4096
537	1223413376	1223417472	4096
538	1223421568	1223425664	4096
539	1223462528	1223466624	4096
540	1223556736	1223560832	4096
541	1223560832	1223564928	4096
542	1223593600	1223597696	4096
543	1223597696	1223601792	4096
544	1223601792	1223605888	4096
545	1223609984	1223614080	4096
546	1223622272	1223626368	4096
547	1223642752	1223646848	4096
548	1223646848	1223650944	4096
549	1223655040	1223659136	4096
550	1223663232	1223667328	4096
551	1223675520	1223679616	4096
552	1223679616	1223683712	4096
553	1223683712	1223687808	4096
554	1223700096	1223704192	4096
555	1223704192	1223708288	4096
556	1223708288	1223712384	4096
557	1223712384	1223716480	4096
558	1223716480	1223720576	4096
559	1223720576	1223724672	4096
560	1223728768	1223732864	4096
561	1223741056	1223745152	4096
562	1223745152	1223749248	4096
563	1223773824	1223777920	4096
564	1223777920	1223782016	4096
565	1223786112	1223790208	4096
566	1223802496	1223806592	4096
567	1223859840	1223863936	4096
568	1223872128	1223876224	4096
569	1223900800	1223904896	4096
570	1223958144	1223962240	4096
571	1223962240	1223966336	4096
572	1224060544	1224064640	4096
573	1224076928	1224081024	4096
574	1224081024	1224085120	4096
575	1224093312	1224097408	4096
576	1224097408	1224101504	4096
577	1224101504	1224105600	4096
578	1224138368	1224142464	4096
579	1224146560	1224150656	4096
580	1224150656	1224154752	4096
581	1224154752	1224158848	4096
582	1224158848	1224162944	4096
583	1224179328	1224183424	4096
584	1224208000	1224212096	4096
585	1224212096	1224216192	4096
586	1224216192	1224220288	4096
587	1224220288	1224224384	4096
588	1224224384	1224228480	4096
589	1224228480	1224232576	4096
590	1224232576	1224236672	4096
591	1224236672	1224240768	4096
592	1224240768	1224244864	4096
593	1224302208	1224306304	4096
594	1224306304	1224310400	4096
595	1224326784	1224330880	4096
596	1224343168	1224347264	4096
597	1224347264	1224351360	4096
598	1224400512	1224404608	4096
599	1224519296	1224523392	4096
600	1224527488	1224531584	4096
601	1224543872	1224547968	4096
602	1224547968	1224552064	4096
603	1224556160	1224560256	4096
604	1224576640	1224580736	4096
605	1224580736	1224584832	4096
606	1224633984	1224638080	4096
607	1224674944	1224679040	4096
608	1224806016	1224810112	4096
609	1224900224	1224904320	4096
610	1224904320	1224908416	4096
611	1224949376	1224953472	4096
612	1225133696	1225137792	4096
613	1225145984	1225150080	4096
614	1225166464	1225170560	4096
615	1225178752	1225182848	4096
616	1225186944	1225191040	4096
617	1225191040	1225195136	4096
618	1225199232	1225203328	4096
619	1225215616	1225219712	4096
620	1225219712	1225223808	4096
621	1225256576	1225260672	4096
622	1225277056	1225281152	4096
623	1225285248	1225289344	4096
624	1225293440	1225297536	4096
625	1225297536	1225301632	4096
626	1225342592	1225346688	4096
627	1225350784	1225354880	4096
628	1225387648	1225391744	4096
629	1225391744	1225395840	4096
630	1225395840	1225399936	4096
631	1225436800	1225440896	4096
632	1225457280	1225461376	4096
633	1225461376	1225465472	4096
634	1225481856	1225485952	4096
635	1225485952	1225490048	4096
636	1225551488	1225555584	4096
637	1225555584	1225559680	4096
638	1225748096	1225752192	4096
639	1225760384	1225764480	4096
640	1225764480	1225768576	4096
641	1225768576	1225772672	4096
642	1225772672	1225776768	4096
643	1225813632	1225817728	4096
644	1225870976	1225875072	4096
645	1225903744	1225907840	4096
646	1225956992	1225961088	4096
647	1225977472	1225981568	4096
648	1225997952	1226002048	4096
649	1226038912	1226043008	4096
650	1226063488	1226067584	4096
651	1226243712	1226247808	4096
652	1226264192	1226268288	4096
653	1226284672	1226288768	4096
654	1226309248	1226313344	4096
655	1226337920	1226342016	4096
656	1226346112	1226350208	4096
657	1226354304	1226358400	4096
658	1226358400	1226362496	4096
659	1226370688	1226374784	4096
660	1226374784	1226378880	4096
661	1226501760	1226505856	4096
662	1226608256	1226612352	4096
663	1226616448	1226620544	4096
664	1226776192	1226780288	4096
665	1226858112	1226862208	4096
666	1227005568	1227009664	4096
667	1227009664	1227013760	4096
668	1227013760	1227017856	4096
669	1227017856	1227021952	4096
670	1227026048	1227030144	4096
671	1227030144	1227034240	4096
672	1227034240	1227038336	4096
673	1227038336	1227042432	4096
674	1227042432	1227046528	4096
675	1227046528	1227050624	4096
676	1227050624	1227054720	4096
677	1227054720	1227058816	4096
678	1227058816	1227062912	4096
679	1227062912	1227067008	4096
680	1227067008	1227071104	4096
681	1227071104	1227075200	4096
682	1227075200	1227079296	4096
683	1227079296	1227083392	4096
684	1227083392	1227087488	4096
685	1227087488	1227091584	4096
686	1227091584	1227095680	4096
687	1227095680	1227099776	4096
688	1227099776	1227103872	4096
689	1227103872	1227107968	4096
690	1227107968	1227112064	4096
691	1227112064	1227116160	4096
692	1227116160	1227120256	4096
693	1227120256	1227124352	4096
694	1227124352	1227128448	4096
695	1227128448	1227132544	4096
696	1227132544	1227136640	4096
697	1227136640	1227140736	4096
698	1227140736	1227144832	4096
699	1227144832	1227148928	4096
700	1227148928	1227153024	4096
701	1227157120	1227161216	4096
702	1227161216	1227165312	4096
703	1227169408	1227173504	4096
704	1227173504	1227177600	4096
705	1227177600	1227181696	4096
706	1227181696	1227185792	4096
707	1227198080	1227202176	4096
708	1227202176	1227206272	4096
709	1227206272	1227210368	4096
710	1227222656	1227226752	4096
711	1227226752	1227230848	4096
712	1227234944	1227239040	4096
713	1227239040	1227243136	4096
714	1227247232	1227251328	4096
715	1227255424	1227259520	4096
716	1227271808	1227275904	4096
717	1227280000	1227284096	4096
718	1227288192	1227292288	4096
719	1227292288	1227296384	4096
720	1227304576	1227308672	4096
721	1227312768	1227316864	4096
722	1227320960	1227325056	4096
723	1227329152	1227333248	4096
724	1227337344	1227341440	4096
725	1227361920	1227366016	4096
726	1227402880	1227406976	4096
727	1227423360	1227427456	4096
728	1227427456	1227431552	4096
729	1227431552	1227435648	4096
730	1227435648	1227439744	4096
731	1227509376	1227513472	4096
732	1227538048	1227542144	4096
733	1227591296	1227595392	4096
734	1227632256	1227636352	4096
735	1227636352	1227640448	4096
736	1227677312	1227681408	4096
737	1227705984	1227710080	4096
738	1227783808	1227787904	4096
739	1227832960	1227837056	4096
740	1227857536	1227861632	4096
741	1227898496	1227902592	4096
742	1227935360	1227939456	4096
743	1227955840	1227959936	4096
744	1227964032	1227968128	4096
745	1228004992	1228009088	4096
746	1228017280	1228021376	4096
747	1228021376	1228025472	4096
748	1228045952	1228050048	4096
749	1228402304	1228406400	4096
750	1228521088	1228525184	4096
751	1228525184	1228529280	4096
752	1228529280	1228533376	4096
753	1228537472	1228541568	4096
754	1228541568	1228545664	4096
755	1228545664	1228549760	4096
756	1228627584	1228631680	4096
757	1228676736	1228680832	4096
758	1228807808	1228811904	4096
759	1228906112	1228910208	4096
760	1228914304	1228918400	4096
761	1228963456	1228967552	4096
762	1228967552	1228971648	4096
763	1228971648	1228975744	4096
764	1228975744	1228979840	4096
765	1228988032	1228992128	4096
766	1229004416	1229008512	4096
767	1229123200	1229127296	4096
768	1229250176	1229254272	4096
769	1229303424	1229307520	4096
770	1229323904	1229328000	4096
771	1229360768	1229364864	4096
772	1229405824	1229409920	4096
773	1229409920	1229414016	4096
774	1229414016	1229418112	4096
775	1229430400	1229434496	4096
776	1229450880	1229454976	4096
777	1229512320	1229516416	4096
778	1229520512	1229524608	4096
779	1229565568	1229569664	4096
780	1229643392	1229647488	4096
781	1229647488	1229651584	4096
782	1229688448	1229692544	4096
783	1229729408	1229733504	4096
784	1229766272	1229770368	4096
785	1229803136	1229807232	4096
786	1229811328	1229815424	4096
787	1229876864	1229880960	4096
788	1229905536	1229909632	4096
789	1229995648	1229999744	4096
790	1229999744	1230003840	4096
791	1230089856	1230093952	4096
792	1230212736	1230216832	4096
793	1230298752	1230302848	4096
794	1230540416	1230544512	4096
795	1230622336	1230626432	4096
796	1230749312	1230753408	4096
797	1230753408	1230757504	4096
798	1230761600	1230765696	4096
799	1230798464	1230802560	4096
800	1230831232	1230835328	4096
801	1230855808	1230859904	4096
802	1230864000	1230868096	4096
803	1230872192	1230876288	4096
804	1230913152	1230917248	4096
805	1230982784	1230986880	4096
806	1230986880	1230990976	4096
807	1231027840	1231031936	4096
808	1231031936	1231036032	4096
809	1231044224	1231048320	4096
810	1231048320	1231052416	4096
811	1231056512	1231060608	4096
812	1231150720	1231154816	4096
813	1231203968	1231208064	4096
814	1231326848	1231330944	4096
815	1231408768	1231412864	4096
816	1231412864	1231416960	4096
817	1231416960	1231421056	4096
818	1231441536	1231445632	4096
819	1231474304	1231478400	4096
820	1231490688	1231494784	4096
821	1231548032	1231552128	4096
822	1231552128	1231556224	4096
823	1231560320	1231564416	4096
824	1231818368	1231822464	4096
825	1231822464	1231826560	4096
826	1231834752	1231838848	4096
827	1231838848	1231842944	4096
828	1231842944	1231847040	4096
829	1231847040	1231851136	4096
830	1231851136	1231855232	4096
831	1231855232	1231859328	4096
832	1231859328	1231863424	4096
833	1231863424	1231867520	4096
834	1231867520	1231871616	4096
835	1231871616	1231875712	4096
836	1231875712	1231879808	4096
837	1231879808	1231883904	4096
838	1231883904	1231888000	4096
839	1231888000	1231892096	4096
840	1231892096	1231896192	4096
841	1231896192	1231900288	4096
842	1231900288	1231904384	4096
843	1231904384	1231908480	4096
844	1231912576	1231916672	4096
845	1231916672	1231920768	4096
846	1231920768	1231924864	4096
847	1231924864	1231928960	4096
848	1231928960	1231933056	4096
849	1231933056	1231937152	4096
850	1231937152	1231941248	4096
851	1231941248	1231945344	4096
852	1231945344	1231949440	4096
853	1231949440	1231953536	4096
854	1231982208	1231986304	4096
855	1231986304	1231990400	4096
856	1231990400	1231994496	4096
857	1231994496	1231998592	4096
858	1231998592	1232002688	4096
859	1232002688	1232006784	4096
860	1232006784	1232010880	4096
861	1232010880	1232014976	4096
862	1232014976	1232019072	4096
863	1232019072	1232023168	4096
864	1232023168	1232027264	4096
865	1232027264	1232031360	4096
866	1232031360	1232035456	4096
867	1232035456	1232039552	4096
868	1232039552	1232043648	4096
869	1232043648	1232047744	4096
870	1232047744	1232051840	4096
871	1232051840	1232055936	4096
872	1232055936	1232060032	4096
873	1232060032	1232064128	4096
874	1232064128	1232068224	4096
875	1232068224	1232072320	4096
876	1232088704	1232092800	4096
877	1232092800	1232096896	4096
878	1232096896	1232100992	4096
879	1232100992	1232105088	4096
880	1232105088	1232109184	4096
881	1232109184	1232113280	4096
882	1232113280	1232117376	4096
883	1232117376	1232121472	4096
884	1232121472	1232125568	4096
885	1232125568	1232129664	4096
886	1232129664	1232133760	4096
887	1232133760	1232137856	4096
888	1232137856	1232141952	4096
889	1232141952	1232146048	4096
890	1232146048	1232150144	4096
891	1232150144	1232154240	4096
892	1232154240	1232158336	4096
893	1232158336	1232162432	4096
894	1232162432	1232166528	4096
895	1232166528	1232170624	4096
896	1232178816	1232182912	4096
897	1232182912	1232187008	4096
898	1232191104	1232195200	4096
899	1232195200	1232199296	4096
900	1232199296	1232203392	4096
901	1232203392	1232207488	4096
902	1232207488	1232211584	4096
903	1232211584	1232215680	4096
904	1232215680	1232219776	4096
905	1232219776	1232223872	4096
906	1232223872	1232227968	4096
907	1232227968	1232232064	4096
908	1232232064	1232236160	4096
909	1232236160	1232240256	4096
910	1232240256	1232244352	4096
911	1232244352	1232248448	4096
912	1232424576	1232428672	4096
913	1232428672	1232432768	4096
914	1232453248	1232457344	4096
915	1232506496	1232510592	4096
916	1232510592	1232514688	4096
917	1232522880	1232526976	4096
918	1232526976	1232531072	4096
919	1232580224	1232584320	4096
920	1232764544	1232768640	4096
921	1232768640	1232772736	4096
922	1232805504	1232809600	4096
923	1232838272	1232842368	4096
924	1232858752	1232862848	4096
925	1232895616	1232899712	4096
926	1233071744	1233075840	4096
927	1233112704	1233116800	4096
928	1233133184	1233137280	4096
929	1233137280	1233141376	4096
930	1233165952	1233170048	4096
931	1233182336	1233186432	4096
932	1233424000	1233428096	4096
933	1233428096	1233432192	4096
934	1233432192	1233436288	4096
935	1233464960	1233469056	4096
936	1233481344	1233485440	4096
937	1233510016	1233514112	4096
938	1233608320	1233612416	4096
939	1233661568	1233665664	4096
940	1233698432	1233702528	4096
941	1233776256	1233780352	4096
942	1234140800	1234144896	4096
943	1234439808	1234443904	4096
944	1234448000	1234452096	4096
945	1234464384	1234468480	4096
946	1234480768	1234484864	4096
947	1234550400	1234554496	4096
948	1234599552	1234603648	4096
949	1234611840	1234615936	4096
950	1234615936	1234620032	4096
951	1234620032	1234624128	4096
952	1234624128	1234628224	4096
953	1234628224	1234632320	4096
954	1234640512	1234644608	4096
955	1234644608	1234648704	4096
956	1234648704	1234652800	4096
957	1234652800	1234656896	4096
958	1234656896	1234660992	4096
959	1234697856	1234701952	4096
960	1234710144	1234714240	4096
961	1234747008	1234751104	4096
962	1234783872	1234787968	4096
963	1234837120	1234841216	4096
964	1234841216	1234845312	4096
965	1234845312	1234849408	4096
966	1234861696	1234865792	4096
967	1234865792	1234869888	4096
968	1234869888	1234873984	4096
969	1234886272	1234890368	4096
970	1234890368	1234894464	4096
971	1234910848	1234914944	4096
972	1234931328	1234935424	4096
973	1234939520	1234943616	4096
974	1234964096	1234968192	4096
975	1234984576	1234988672	4096
976	1235000960	1235005056	4096
977	1235009152	1235013248	4096
978	1235013248	1235017344	4096
979	1235095168	1235099264	4096
980	1235103360	1235107456	4096
981	1235107456	1235111552	4096
982	1235218048	1235222144	4096
983	1235230336	1235234432	4096
984	1235259008	1235263104	4096
985	1235263104	1235267200	4096
986	1235283584	1235287680	4096
987	1235316352	1235320448	4096
988	1235398272	1235402368	4096
989	1235451520	1235455616	4096
990	1235463808	1235467904	4096
991	1235467904	1235472000	4096
992	1235529344	1235533440	4096
993	1235533440	1235537536	4096
994	1235537536	1235541632	4096
995	1235574400	1235578496	4096
996	1235578496	1235582592	4096
997	1235590784	1235594880	4096
998	1235598976	1235603072	4096
999	1235619456	1235623552	4096
1000	1235623552	1235627648	4096
1001	1235627648	1235631744	4096
1002	1235631744	1235635840	4096
1003	1235644032	1235648128	4096
1004	1235725952	1235730048	4096
1005	1235865216	1235869312	4096
1006	1235881600	1235885696	4096
1007	1235926656	1235930752	4096
1008	1235930752	1235934848	4096
1009	1235934848	1235938944	4096
1010	1235951232	1235955328	4096
1011	1235963520	1235967616	4096
1012	1236045440	1236049536	4096
1013	1236090496	1236094592	4096
1014	1236094592	1236098688	4096
1015	1236135552	1236139648	4096
1016	1236221568	1236225664	4096
1017	1236237952	1236242048	4096
1018	1236242048	1236246144	4096
1019	1236254336	1236258432	4096
1020	1236258432	1236262528	4096
1021	1236270720	1236274816	4096
1022	1236274816	1236278912	4096
1023	1236278912	1236283008	4096
1024	1236319872	1236323968	4096
1025	1236332160	1236336256	4096
1026	1236356736	1236360832	4096
1027	1236393600	1236397696	4096
1028	1236405888	1236409984	4096
1029	1236409984	1236414080	4096
1030	1236483712	1236487808	4096
1031	1236487808	1236491904	4096
1032	1236496000	1236500096	4096
1033	1236565632	1236569728	4096
1034	1236569728	1236573824	4096
1035	1236577920	1236582016	4096
1036	1236651648	1236655744	4096
1037	1236655744	1236659840	4096
1038	1236840064	1236844160	4096
1039	1236864640	1236868736	4096
1040	1236995712	1236999808	4096
1041	1237089920	1237094016	4096
1042	1237327488	1237331584	4096
1043	1237433984	1237438080	4096
1044	1237528192	1237532288	4096
1045	1237540480	1237544576	4096
1046	1237573248	1237577344	4096
1047	1237593728	1237597824	4096
1048	1237679744	1237683840	4096
1049	1237700224	1237704320	4096
1050	1237704320	1237708416	4096
1051	1237819008	1237823104	4096
1052	1237827200	1237831296	4096
1053	1237835392	1237839488	4096
1054	1237839488	1237843584	4096
1055	1237843584	1237847680	4096
1056	1237847680	1237851776	4096
1057	1237864064	1237868160	4096
1058	1237880448	1237884544	4096
1059	1237884544	1237888640	4096
1060	1237925504	1237929600	4096
1061	1237978752	1237982848	4096
1062	1237999232	1238003328	4096
1063	1238142592	1238146688	4096
1064	1238273664	1238277760	4096
1065	1238277760	1238281856	4096
1066	1238290048	1238294144	4096
1067	1238490752	1238494848	4096
1068	1238638208	1238642304	4096
1069	1238687360	1238691456	4096
1070	1238728320	1238732416	4096
1071	1238732416	1238736512	4096
1072	1238740608	1238744704	4096
1073	1238867584	1238871680	4096
1074	1238908544	1238912640	4096
1075	1239002752	1239006848	4096
1076	1239006848	1239010944	4096
1077	1239051904	1239056000	4096
1078	1239088768	1239092864	4096
1079	1239101056	1239105152	4096
1080	1239105152	1239109248	4096
1081	1239113344	1239117440	4096
1082	1239117440	1239121536	4096
1083	1239150208	1239154304	4096
1084	1239154304	1239158400	4096
1085	1239158400	1239162496	4096
1086	1239162496	1239166592	4096
1087	1239170688	1239174784	4096
1088	1239273088	1239277184	4096
1089	1239305856	1239309952	4096
1090	1239338624	1239342720	4096
1091	1239412352	1239416448	4096
1092	1239445120	1239449216	4096
1093	1239481984	1239486080	4096
1094	1239510656	1239514752	4096
1095	1239596672	1239600768	4096
1096	1239600768	1239604864	4096
1097	1239608960	1239613056	4096
1098	1239621248	1239625344	4096
1099	1239633536	1239637632	4096
1100	1239805568	1239809664	4096
1101	1239850624	1239854720	4096
1102	1239854720	1239858816	4096
1103	1239862912	1239867008	4096
1104	1239871104	1239875200	4096
1105	1239920256	1239924352	4096
1106	1239957120	1239961216	4096
1107	1239961216	1239965312	4096
1108	1239977600	1239981696	4096
1109	1239981696	1239985792	4096
1110	1239989888	1239993984	4096
1111	1239998080	1240002176	4096
1112	1240002176	1240006272	4096
1113	1240006272	1240010368	4096
1114	1240030848	1240034944	4096
1115	1240034944	1240039040	4096
1116	1240055424	1240059520	4096
1117	1240063616	1240067712	4096
1118	1240084096	1240088192	4096
1119	1240088192	1240092288	4096
1120	1240100480	1240104576	4096
1121	1240120960	1240125056	4096
1122	1240161920	1240166016	4096
1123	1240198784	1240202880	4096
1124	1240256128	1240260224	4096
1125	1240288896	1240292992	4096
1126	1240706688	1240710784	4096
1127	1240903296	1240907392	4096
1128	1240944256	1240948352	4096
1129	1240960640	1240964736	4096
1130	1240964736	1240968832	4096
1131	1240968832	1240972928	4096
1132	1240972928	1240977024	4096
1133	1241022080	1241026176	4096
1134	1241034368	1241038464	4096
1135	1241038464	1241042560	4096
1136	1241058944	1241063040	4096
1137	1241075328	1241079424	4096
1138	1241079424	1241083520	4096
1139	1241136768	1241140864	4096
1140	1241144960	1241149056	4096
1141	1241210496	1241214592	4096
1142	1241214592	1241218688	4096
1143	1241239168	1241243264	4096
1144	1241243264	1241247360	4096
1145	1241271936	1241276032	4096
1146	1241288320	1241292416	4096
1147	1241329280	1241333376	4096
1148	1241411200	1241415296	4096
1149	1241472640	1241476736	4096
1150	1241480832	1241484928	4096
1151	1241493120	1241497216	4096
1152	1241497216	1241501312	4096
1153	1241501312	1241505408	4096
1154	1241505408	1241509504	4096
1155	1241509504	1241513600	4096
1156	1241513600	1241517696	4096
1157	1241517696	1241521792	4096
1158	1241521792	1241525888	4096
1159	1241525888	1241529984	4096
1160	1241529984	1241534080	4096
1161	1241534080	1241538176	4096
1162	1241538176	1241542272	4096
1163	1241542272	1241546368	4096
1164	1241546368	1241550464	4096
1165	1241550464	1241554560	4096
1166	1241554560	1241558656	4096
1167	1241558656	1241562752	4096
1168	1241562752	1241566848	4096
1169	1241566848	1241570944	4096
1170	1241570944	1241575040	4096
1171	1241575040	1241579136	4096
1172	1241579136	1241583232	4096
1173	1241583232	1241587328	4096
1174	1241587328	1241591424	4096
1175	1241591424	1241595520	4096
1176	1241595520	1241599616	4096
1177	1241599616	1241603712	4096
1178	1241603712	1241607808	4096
1179	1241607808	1241611904	4096
1180	1241611904	1241616000	4096
1181	1241616000	1241620096	4096
1182	1241624192	1241628288	4096
1183	1241628288	1241632384	4096
1184	1241632384	1241636480	4096
1185	1241636480	1241640576	4096
1186	1241640576	1241644672	4096
1187	1241644672	1241648768	4096
1188	1241648768	1241652864	4096
1189	1241652864	1241656960	4096
1190	1241656960	1241661056	4096
1191	1241661056	1241665152	4096
1192	1241665152	1241669248	4096
1193	1241669248	1241673344	4096
1194	1241673344	1241677440	4096
1195	1241677440	1241681536	4096
1196	1241681536	1241685632	4096
1197	1241685632	1241689728	4096
1198	1241689728	1241693824	4096
1199	1241693824	1241697920	4096
1200	1241697920	1241702016	4096
1201	1241702016	1241706112	4096
1202	1241706112	1241710208	4096
1203	1241710208	1241714304	4096
1204	1241714304	1241718400	4096
1205	1241718400	1241722496	4096
1206	1241722496	1241726592	4096
1207	1241726592	1241730688	4096
1208	1241730688	1241734784	4096
1209	1241734784	1241738880	4096
1210	1241747072	1241751168	4096
1211	1241751168	1241755264	4096
1212	1241755264	1241759360	4096
1213	1241759360	1241763456	4096
1214	1241763456	1241767552	4096
1215	1241767552	1241771648	4096
1216	1241771648	1241775744	4096
1217	1241775744	1241779840	4096
1218	1241779840	1241783936	4096
1219	1241783936	1241788032	4096
1220	1241788032	1241792128	4096
1221	1241792128	1241796224	4096
1222	1241796224	1241800320	4096
1223	1241800320	1241804416	4096
1224	1241804416	1241808512	4096
1225	1241808512	1241812608	4096
1226	1241812608	1241816704	4096
1227	1241816704	1241820800	4096
1228	1241820800	1241824896	4096
1229	1241824896	1241828992	4096
1230	1241828992	1241833088	4096
1231	1241833088	1241837184	4096
1232	1241837184	1241841280	4096
1233	1241841280	1241845376	4096
1234	1241845376	1241849472	4096
1235	1241849472	1241853568	4096
1236	1241853568	1241857664	4096
1237	1241874048	1241878144	4096
1238	1241878144	1241882240	4096
1239	1241886336	1241890432	4096
1240	1241898624	1241902720	4096
1241	1241902720	1241906816	4096
1242	1241931392	1241935488	4096
1243	1241943680	1241947776	4096
1244	1242164864	1242168960	4096
1245	1242168960	1242173056	4096
1246	1242177152	1242181248	4096
1247	1242263168	1242267264	4096
1248	1242291840	1242295936	4096
1249	1242308224	1242312320	4096
1250	1242357376	1242361472	4096
1251	1242422912	1242427008	4096
1252	1242521216	1242525312	4096
1253	1242627712	1242631808	4096
1254	1242635904	1242640000	4096
1255	1242672768	1242676864	4096
1256	1242701440	1242705536	4096
1257	1242705536	1242709632	4096
1258	1242799744	1242803840	4096
1259	1242824320	1242828416	4096
1260	1242861184	1242865280	4096
1261	1242865280	1242869376	4096
1262	1242873472	1242877568	4096
1263	1242889856	1242893952	4096
1264	1242893952	1242898048	4096
1265	1242930816	1242934912	4096
1266	1242955392	1242959488	4096
1267	1242963584	1242967680	4096
1268	1242971776	1242975872	4096
1269	1242984064	1242988160	4096
1270	1243000448	1243004544	4096
1271	1243152000	1243156096	4096
1272	1243242112	1243246208	4096
1273	1243262592	1243266688	4096
1274	1243266688	1243270784	4096
1275	1243287168	1243291264	4096
1276	1243315840	1243319936	4096
1277	1243319936	1243324032	4096
1278	1243332224	1243336320	4096
1279	1243360896	1243364992	4096
1280	1243364992	1243369088	4096
1281	1243377280	1243381376	4096
1282	1243414144	1243418240	4096
1283	1243418240	1243422336	4096
1284	1243455104	1243459200	4096
1285	1243479680	1243483776	4096
1286	1243500160	1243504256	4096
1287	1243504256	1243508352	4096
1288	1243512448	1243516544	4096
1289	1243573888	1243577984	4096
1290	1243577984	1243582080	4096
1291	1243598464	1243602560	4096
1292	1243614848	1243618944	4096
1293	1243655808	1243659904	4096
1294	1243659904	1243664000	4096
1295	1243676288	1243680384	4096
1296	1243717248	1243721344	4096
1297	1243729536	1243733632	4096
1298	1243766400	1243770496	4096
1299	1243799168	1243803264	4096
1300	1243803264	1243807360	4096
1301	1243823744	1243827840	4096
1302	1243840128	1243844224	4096
1303	1243909760	1243913856	4096
1304	1244212864	1244216960	4096
1305	1244241536	1244245632	4096
1306	1244249728	1244253824	4096
1307	1244253824	1244257920	4096
1308	1244257920	1244262016	4096
1309	1244262016	1244266112	4096
1310	1244421760	1244425856	4096
1311	1244446336	1244450432	4096
1312	1244450432	1244454528	4096
1313	1244462720	1244466816	4096
1314	1244507776	1244511872	4096
1315	1244520064	1244524160	4096
1316	1244532352	1244536448	4096
1317	1244577408	1244581504	4096
1318	1244671616	1244675712	4096
1319	1244675712	1244679808	4096
1320	1244757632	1244761728	4096
1321	1244794496	1244798592	4096
1322	1244802688	1244806784	4096
1323	1244819072	1244823168	4096
1324	1244868224	1244872320	4096
1325	1244872320	1244876416	4096
1326	1244896896	1244900992	4096
1327	1244921472	1244925568	4096
1328	1244941952	1244946048	4096
1329	1244950144	1244954240	4096
1330	1244958336	1244962432	4096
1331	1244962432	1244966528	4096
1332	1244966528	1244970624	4096
1333	1244995200	1244999296	4096
1334	1244999296	1245003392	4096
1335	1245003392	1245007488	4096
1336	1245011584	1245015680	4096
1337	1245019776	1245023872	4096
1338	1245023872	1245027968	4096
1339	1245048448	1245052544	4096
1340	1245081216	1245085312	4096
1341	1245097600	1245101696	4096
1342	1245109888	1245113984	4096
1343	1245122176	1245126272	4096
1344	1245134464	1245138560	4096
1345	1245138560	1245142656	4096
1346	1245224576	1245228672	4096
1347	1245249152	1245253248	4096
1348	1245302400	1245306496	4096
1349	1245367936	1245372032	4096
