0.1	2.0558e-10	1.58101e-16	1.13805e-14	1.67197e-11	6.125e-09	3.3483e-16
0.101159	2.00044e-10	1.59687e-16	1.12774e-14	1.63426e-11	5.85133e-09	3.36311e-16
0.102332	1.94442e-10	1.61284e-16	1.11733e-14	1.59693e-11	5.57435e-09	3.37809e-16
0.103518	1.88771e-10	1.62894e-16	1.10679e-14	1.56041e-11	5.294e-09	3.39325e-16
0.104718	1.83033e-10	1.64517e-16	1.09613e-14	1.52507e-11	5.01025e-09	3.40859e-16
0.105931	1.77225e-10	1.66152e-16	1.08534e-14	1.49009e-11	4.72304e-09	3.4241e-16
0.107159	1.71347e-10	1.67799e-16	1.07444e-14	1.45626e-11	4.43233e-09	3.43979e-16
0.108401	1.65398e-10	1.69458e-16	1.0634e-14	1.42313e-11	4.13808e-09	3.45567e-16
0.109658	1.59377e-10	1.7113e-16	1.05392e-14	1.39037e-11	3.84023e-09	3.47172e-16
0.110929	1.53283e-10	1.72813e-16	1.05019e-14	1.35901e-11	3.53873e-09	3.48797e-16
0.112215	1.47114e-10	1.74509e-16	1.04642e-14	1.32797e-11	3.23355e-09	3.5044e-16
0.113515	1.40871e-10	1.76217e-16	1.04261e-14	1.2976e-11	2.92461e-09	3.52102e-16
0.114831	1.34551e-10	1.77936e-16	1.03876e-14	1.26821e-11	2.61189e-09	3.53784e-16
0.116162	1.28154e-10	1.79667e-16	1.03487e-14	1.23913e-11	2.29532e-09	3.55485e-16
0.117509	1.21679e-10	1.8141e-16	1.03094e-14	1.21099e-11	1.97486e-09	3.57206e-16
0.118871	1.15125e-10	1.83164e-16	1.02697e-14	1.18345e-11	1.65047e-09	3.58946e-16
0.120249	1.0849e-10	1.8493e-16	1.02295e-14	1.1562e-11	1.32213e-09	3.60707e-16
0.121642	1.01773e-10	1.86707e-16	1.0189e-14	1.13012e-11	9.89831e-10	3.62488e-16
0.123052	9.49741e-11	1.88495e-16	1.0148e-14	1.10431e-11	6.53744e-10	3.6429e-16
0.124479	8.8091e-11	1.90295e-16	1.01067e-14	1.07907e-11	3.14958e-10	3.66113e-16
0.125922	8.60543e-11	1.92105e-16	1.00727e-14	1.05462e-11	1.92418e-10	3.6619e-16
0.127381	8.68158e-11	1.93926e-16	1.00428e-14	1.03044e-11	1.91498e-10	3.65256e-16
0.128858	8.75871e-11	1.95758e-16	1.00126e-14	1.00704e-11	1.9057e-10	3.64311e-16
0.130351	8.83686e-11	1.97601e-16	9.9822e-15	9.84138e-12	1.89633e-10	3.63356e-16
0.131862	8.91603e-11	1.99454e-16	9.95145e-15	9.61482e-12	1.88686e-10	3.62389e-16
0.133391	8.99624e-11	2.01318e-16	9.92041e-15	9.39797e-12	1.8773e-10	3.61411e-16
0.134937	9.0775e-11	2.03191e-16	9.88905e-15	9.18335e-12	1.86766e-10	3.60422e-16
0.136501	9.15984e-11	2.05075e-16	9.85738e-15	8.97339e-12	1.85792e-10	3.59422e-16
0.138083	9.24327e-11	2.06969e-16	9.8254e-15	8.77015e-12	1.84808e-10	3.5841e-16
0.139684	9.32781e-11	2.08873e-16	9.7931e-15	8.56905e-12	1.83815e-10	3.57386e-16
0.141303	9.41347e-11	2.10786e-16	9.71668e-15	8.37447e-12	1.82813e-10	3.5635e-16
0.14294	9.50028e-11	2.12709e-16	9.57777e-15	8.18401e-12	1.81802e-10	3.55302e-16
0.144597	9.58825e-11	2.14641e-16	9.43718e-15	7.99561e-12	1.80781e-10	3.54242e-16
0.146273	9.6774e-11	2.16582e-16	9.29488e-15	7.81528e-12	1.79751e-10	3.5317e-16
0.147969	9.76775e-11	2.18533e-16	9.15085e-15	7.63681e-12	1.78711e-10	3.52085e-16
0.149684	9.85932e-11	2.20492e-16	9.00507e-15	7.46221e-12	1.77661e-10	3.50988e-16
0.151419	9.95214e-11	2.2246e-16	8.85749e-15	7.2932e-12	1.76602e-10	3.49878e-16
0.153174	1.00462e-10	2.24436e-16	8.70811e-15	7.12597e-12	1.75534e-10	3.48755e-16
0.15495	1.01416e-10	2.26421e-16	8.55689e-15	6.96417e-12	1.74456e-10	3.47619e-16
0.156746	1.02382e-10	2.28415e-16	8.43701e-15	6.80578e-12	1.73368e-10	3.4647e-16
0.158562	1.03362e-10	2.30416e-16	8.40389e-15	6.64911e-12	1.72271e-10	3.45308e-16
0.1604	1.04356e-10	2.32425e-16	8.37043e-15	6.49915e-12	1.71164e-10	3.44132e-16
0.16226	1.05363e-10	2.34443e-16	8.33662e-15	6.35074e-12	1.70048e-10	3.42943e-16
0.16414	1.06384e-10	2.36467e-16	8.30245e-15	6.20555e-12	1.68922e-10	3.41739e-16
0.166043	1.0742e-10	2.38499e-16	8.26794e-15	6.065e-12	1.67787e-10	3.40522e-16
0.167967	1.0847e-10	2.40539e-16	8.23306e-15	5.92594e-12	1.66642e-10	3.39291e-16
0.169914	1.09534e-10	2.42585e-16	8.19782e-15	5.79139e-12	1.65488e-10	3.38045e-16
0.171884	1.10614e-10	2.44639e-16	8.16238e-15	5.65967e-12	1.64325e-10	3.36785e-16
0.173876	1.11709e-10	2.46699e-16	8.16391e-15	5.52939e-12	1.63152e-10	3.35511e-16
0.175892	1.1282e-10	2.48766e-16	8.16555e-15	5.40469e-12	1.6197e-10	3.34221e-16
0.17793	1.13946e-10	2.5084e-16	8.16733e-15	5.28127e-12	1.60779e-10	3.32917e-16
0.179993	1.15089e-10	2.5292e-16	8.16923e-15	5.16053e-12	1.59579e-10	3.31598e-16
0.182079	1.16248e-10	2.55006e-16	8.17127e-15	5.04365e-12	1.5837e-10	3.30263e-16
0.18419	1.17424e-10	2.57098e-16	8.17343e-15	4.92801e-12	1.57153e-10	3.28913e-16
0.186325	1.18616e-10	2.59196e-16	8.17574e-15	4.81612e-12	1.55927e-10	3.27547e-16
0.188484	1.19336e-10	2.61299e-16	8.15168e-15	4.70659e-12	1.54762e-10	3.26165e-16
0.190669	1.19473e-10	2.63409e-16	8.09535e-15	4.59824e-12	1.53671e-10	3.24768e-16
0.192879	1.19613e-10	2.65524e-16	8.03836e-15	4.49455e-12	1.52567e-10	3.23354e-16
0.195115	1.19757e-10	2.67644e-16	7.9807e-15	4.39191e-12	1.5145e-10	3.21923e-16
0.197376	1.19904e-10	2.69769e-16	7.92237e-15	4.2915e-12	1.5032e-10	3.20477e-16
0.199664	1.20054e-10	2.71899e-16	7.86334e-15	4.19431e-12	1.49176e-10	3.19013e-16
0.201979	1.20209e-10	2.74035e-16	7.8036e-15	4.09815e-12	1.48019e-10	3.17532e-16
0.20432	1.20366e-10	2.76175e-16	7.70949e-15	4.00509e-12	1.46848e-10	3.16035e-16
0.206688	1.20528e-10	2.78319e-16	7.58146e-15	3.91401e-12	1.45663e-10	3.14519e-16
0.209084	1.20693e-10	2.80469e-16	7.45175e-15	3.82391e-12	1.44463e-10	3.12987e-16
0.211507	1.20863e-10	2.82623e-16	7.32035e-15	3.73768e-12	1.4325e-10	3.11436e-16
0.213959	1.21037e-10	2.84781e-16	7.18721e-15	3.65233e-12	1.42021e-10	3.09868e-16
0.216439	1.21214e-10	2.86943e-16	7.0523e-15	3.56883e-12	1.40778e-10	3.08281e-16
0.218948	1.21397e-10	2.8911e-16	6.93467e-15	3.488e-12	1.39519e-10	3.06676e-16
0.221486	1.21583e-10	2.91281e-16	7.04139e-15	3.40803e-12	1.38245e-10	3.05053e-16
0.224053	1.21774e-10	2.93456e-16	7.1498e-15	3.33065e-12	1.36956e-10	3.0341e-16
0.22665	1.2197e-10	2.95635e-16	7.25993e-15	3.2549e-12	1.35651e-10	3.01749e-16
0.229277	1.22171e-10	2.97817e-16	7.37182e-15	3.17998e-12	1.34329e-10	3.00068e-16
0.231935	1.22377e-10	3.00004e-16	7.48551e-15	3.10827e-12	1.32991e-10	2.98368e-16
0.234623	1.22588e-10	3.02194e-16	7.60118e-15	3.03729e-12	1.31637e-10	2.96648e-16
0.237342	1.22804e-10	3.04388e-16	7.72028e-15	2.96785e-12	1.30265e-10	2.94908e-16
0.240093	1.23026e-10	3.06585e-16	7.84131e-15	2.90064e-12	1.28876e-10	2.93148e-16
0.242876	1.23253e-10	3.08786e-16	7.96433e-15	2.83413e-12	1.2747e-10	2.91368e-16
0.245692	1.23486e-10	3.10991e-16	8.08938e-15	2.76978e-12	1.26046e-10	2.89567e-16
0.248539	1.23725e-10	3.132e-16	8.2165e-15	2.7068e-12	1.24603e-10	2.87745e-16
0.25142	1.23498e-10	3.15412e-16	8.10104e-15	2.64449e-12	1.23076e-10	2.85758e-16
0.254335	1.22779e-10	3.17627e-16	7.72902e-15	2.58485e-12	1.21458e-10	2.83599e-16
0.257283	1.22051e-10	3.19846e-16	7.35153e-15	2.52583e-12	1.19818e-10	2.81414e-16
0.260265	1.21315e-10	3.22068e-16	6.96844e-15	2.46808e-12	1.18154e-10	2.79205e-16
0.263282	1.20571e-10	3.24295e-16	6.57965e-15	2.41219e-12	1.16468e-10	2.76969e-16
0.266333	1.19817e-10	3.26524e-16	6.27871e-15	2.35688e-12	1.14758e-10	2.74708e-16
0.26942	1.19054e-10	3.28757e-16	6.28738e-15	2.30337e-12	1.13023e-10	2.72421e-16
0.272543	1.18282e-10	3.30994e-16	6.29636e-15	2.25099e-12	1.11264e-10	2.70107e-16
0.275702	1.17501e-10	3.33235e-16	6.30565e-15	2.19917e-12	1.0948e-10	2.67766e-16
0.278898	1.1671e-10	3.35479e-16	6.31526e-15	2.14958e-12	1.07669e-10	2.65398e-16
0.282131	1.1591e-10	3.37727e-16	6.27632e-15	2.10049e-12	1.05832e-10	2.63003e-16
0.285401	1.15099e-10	3.39979e-16	6.10458e-15	2.05247e-12	1.03968e-10	2.6058e-16
0.288709	1.14279e-10	3.42235e-16	5.93021e-15	2.00599e-12	1.02076e-10	2.58128e-16
0.292056	1.13448e-10	3.44495e-16	5.75314e-15	1.96e-12	1.00155e-10	2.55649e-16
0.295441	1.12606e-10	3.46759e-16	5.57333e-15	1.9155e-12	9.82058e-11	2.5314e-16
0.298865	1.11754e-10	3.49027e-16	5.55011e-15	1.87194e-12	9.62266e-11	2.50603e-16
0.302329	1.10891e-10	3.51299e-16	5.64321e-15	1.82885e-12	9.42169e-11	2.48036e-16
0.305834	1.10016e-10	3.53576e-16	5.7381e-15	1.7876e-12	9.2176e-11	2.45439e-16
0.309379	1.0913e-10	3.55857e-16	5.83484e-15	1.74678e-12	9.01031e-11	2.42813e-16
0.312965	1.08044e-10	3.58143e-16	5.92548e-15	1.70685e-12	8.80815e-11	2.40156e-16
0.316592	1.05664e-10	3.60434e-16	5.96348e-15	1.6682e-12	8.65999e-11	2.37468e-16
0.320262	1.03245e-10	3.62729e-16	6.00237e-15	1.62995e-12	8.50947e-11	2.34749e-16
0.323974	1.00787e-10	3.6503e-16	6.04218e-15	1.59294e-12	8.35654e-11	2.31998e-16
0.327729	9.82891e-11	3.67336e-16	6.08293e-15	1.55672e-12	8.20112e-11	2.29215e-16
0.331528	9.57493e-11	3.69647e-16	6.21877e-15	1.52088e-12	8.04315e-11	2.26401e-16
0.335371	9.31668e-11	3.71964e-16	6.36846e-15	1.48658e-12	7.88256e-11	2.23553e-16
0.339258	9.05403e-11	3.74286e-16	6.5212e-15	1.45264e-12	7.71927e-11	2.20673e-16
0.343191	8.78686e-11	3.76614e-16	6.67709e-15	1.41943e-12	7.5532e-11	2.17759e-16
0.347169	8.51502e-11	3.78949e-16	6.8188e-15	1.38728e-12	7.38427e-11	2.14812e-16
0.351193	8.23838e-11	3.81289e-16	6.96063e-15	1.35548e-12	7.2124e-11	2.1183e-16
0.355263	7.95679e-11	3.83636e-16	7.10551e-15	1.3247e-12	7.03751e-11	2.08814e-16
0.359381	7.6701e-11	3.8599e-16	7.25321e-15	1.29458e-12	6.85949e-11	2.05762e-16
0.363547	7.37813e-11	3.88351e-16	7.17931e-15	1.26478e-12	6.67825e-11	2.02676e-16
0.367761	7.08072e-11	3.90718e-16	7.10428e-15	1.23626e-12	6.4937e-11	1.99553e-16
0.372024	6.77769e-11	3.93093e-16	7.02808e-15	1.20803e-12	6.30574e-11	1.96395e-16
0.376336	6.56169e-11	3.95476e-16	6.99986e-15	1.18041e-12	6.13153e-11	1.9365e-16
0.380698	6.55179e-11	3.97867e-16	7.08277e-15	1.15368e-12	5.99358e-11	1.9189e-16
0.385111	6.54202e-11	4.00265e-16	7.16779e-15	1.12723e-12	5.8538e-11	1.9011e-16
0.389575	6.53239e-11	4.02672e-16	7.25499e-15	1.10163e-12	5.71222e-11	1.88309e-16
0.39409	6.52291e-11	4.05087e-16	7.15697e-15	1.07658e-12	5.56889e-11	1.86487e-16
0.398658	6.51358e-11	4.07512e-16	6.99944e-15	1.0518e-12	5.42384e-11	1.84645e-16
0.403279	6.50443e-11	4.09945e-16	6.83887e-15	1.02808e-12	5.27716e-11	1.8278e-16
0.407953	6.49545e-11	4.12388e-16	6.78979e-15	1.0046e-12	5.12894e-11	1.80894e-16
0.412682	6.48666e-11	4.1484e-16	6.94342e-15	9.81637e-13	4.97932e-11	1.78987e-16
0.417466	6.47807e-11	4.17302e-16	7.10102e-15	9.59406e-13	4.82846e-11	1.77057e-16
0.422304	6.4697e-11	4.19775e-16	7.24339e-15	9.37409e-13	4.67658e-11	1.75105e-16
0.427199	6.46155e-11	4.22258e-16	7.1874e-15	9.16125e-13	4.52396e-11	1.7313e-16
0.432151	6.45364e-11	4.24752e-16	7.13058e-15	8.95291e-13	4.37095e-11	1.71132e-16
0.43716	6.44598e-11	4.27257e-16	7.07287e-15	8.74682e-13	4.21797e-11	1.69111e-16
0.442227	6.27152e-11	4.29774e-16	7.12335e-15	8.54957e-13	4.1108e-11	1.67067e-16
0.447353	6.08096e-11	4.32302e-16	7.18361e-15	8.35434e-13	4.00462e-11	1.64999e-16
0.452539	5.88605e-11	4.34843e-16	7.24595e-15	8.16335e-13	3.89594e-11	1.62907e-16
0.457784	5.68659e-11	4.37395e-16	7.38388e-15	7.97847e-13	3.78464e-11	1.6079e-16
0.46309	5.4824e-11	4.39961e-16	7.53544e-15	7.79554e-13	3.67061e-11	1.5865e-16
0.468458	5.27323e-11	4.4254e-16	7.69168e-15	7.61854e-13	3.55372e-11	1.56484e-16
0.473888	5.05888e-11	4.45132e-16	7.40263e-15	7.44528e-13	3.43383e-11	1.54293e-16
0.479381	4.83908e-11	4.47738e-16	7.08018e-15	7.27389e-13	3.31079e-11	1.52077e-16
0.484937	4.61358e-11	4.50358e-16	6.77349e-15	7.10985e-13	3.18444e-11	1.49836e-16
0.490558	4.38209e-11	4.52992e-16	6.67743e-15	6.94749e-13	3.05461e-11	1.47568e-16
0.496244	4.14431e-11	4.55642e-16	6.57921e-15	6.78866e-13	2.92113e-11	1.45274e-16
0.501997	3.98979e-11	4.58306e-16	6.48636e-15	6.63491e-13	2.81286e-11	1.43383e-16
0.507815	4.00359e-11	4.60987e-16	6.40604e-15	6.48278e-13	2.75743e-11	1.42288e-16
0.513701	4.01822e-11	4.63683e-16	6.32391e-15	6.33558e-13	2.70072e-11	1.4118e-16
0.519656	4.03373e-11	4.66395e-16	6.34611e-15	6.19149e-13	2.64267e-11	1.4006e-16
0.525679	4.05017e-11	4.69124e-16	6.42156e-15	6.04897e-13	2.58324e-11	1.38927e-16
0.531772	4.06759e-11	4.71871e-16	6.51437e-15	5.91255e-13	2.52238e-11	1.3778e-16
0.537936	4.08605e-11	4.74634e-16	6.76555e-15	5.77752e-13	2.46006e-11	1.3662e-16
0.544171	4.10561e-11	4.77416e-16	7.02618e-15	5.64542e-13	2.39622e-11	1.35447e-16
0.550479	4.12636e-11	4.80216e-16	7.28012e-15	5.51756e-13	2.33085e-11	1.3426e-16
0.55686	4.14834e-11	4.83034e-16	7.53128e-15	5.39104e-13	2.26391e-11	1.3306e-16
0.563314	4.17322e-11	4.85872e-16	7.7712e-15	5.26861e-13	2.19632e-11	1.31845e-16
0.569844	4.21068e-11	4.88729e-16	7.86892e-15	5.14878e-13	2.13404e-11	1.30616e-16
0.576449	4.25012e-11	4.91606e-16	7.97146e-15	5.03024e-13	2.07091e-11	1.29373e-16
0.583131	4.2917e-11	4.94503e-16	8.09179e-15	4.91679e-13	2.00709e-11	1.28116e-16
0.58989	4.33555e-11	4.97421e-16	8.22249e-15	4.80449e-13	1.94278e-11	1.26844e-16
0.596727	4.38183e-11	5.0036e-16	8.31814e-15	4.69464e-13	1.87828e-11	1.25558e-16
0.603644	4.43072e-11	5.0332e-16	8.36359e-15	4.58829e-13	1.81399e-11	1.24256e-16
0.610641	4.48239e-11	5.06303e-16	8.38822e-15	4.48306e-13	1.75045e-11	1.2294e-16
0.617719	4.53707e-11	5.09308e-16	8.30317e-15	4.38124e-13	1.68833e-11	1.21608e-16
0.624879	4.59497e-11	5.12336e-16	8.21546e-15	4.28157e-13	1.62857e-11	1.20261e-16
0.632122	4.51599e-11	5.15387e-16	8.51077e-15	4.18298e-13	1.63739e-11	1.18903e-16
0.639449	4.43143e-11	5.18462e-16	8.82876e-15	4.08862e-13	1.64966e-11	1.17531e-16
0.646861	4.34335e-11	5.21561e-16	8.72232e-15	3.99521e-13	1.66451e-11	1.16142e-16
0.654359	4.25143e-11	5.24685e-16	8.52567e-15	3.90383e-13	1.68224e-11	1.14737e-16
0.661943	4.15531e-11	5.27833e-16	8.34579e-15	3.81537e-13	1.70318e-11	1.13316e-16
0.669616	4.05458e-11	5.31008e-16	8.16613e-15	3.72784e-13	1.72771e-11	1.11878e-16
0.677378	3.94877e-11	5.34208e-16	8.34892e-15	3.64315e-13	1.75622e-11	1.10424e-16
0.685229	3.83737e-11	5.37435e-16	8.70185e-15	3.56024e-13	1.78919e-11	1.08953e-16
0.693172	3.78972e-11	5.40689e-16	8.72802e-15	3.47822e-13	1.82538e-11	1.07465e-16
0.701206	3.76869e-11	5.4397e-16	8.61166e-15	3.39972e-13	1.86388e-11	1.0596e-16
0.709334	3.74682e-11	5.47279e-16	9.15044e-15	3.32202e-13	1.90526e-11	1.04437e-16
0.717556	3.72392e-11	5.50617e-16	9.9399e-15	3.246e-13	1.94979e-11	1.02896e-16
0.725873	3.69982e-11	5.53983e-16	1.04432e-14	3.1724e-13	1.99776e-11	1.01338e-16
0.734287	3.67424e-11	5.57379e-16	1.09242e-14	3.09958e-13	2.04953e-11	9.97614e-17
0.742798	3.6469e-11	5.60804e-16	1.12418e-14	3.02911e-13	2.10546e-11	9.81667e-17
0.751408	3.62087e-11	5.6426e-16	1.16635e-14	2.96012e-13	2.15814e-11	9.68216e-17
0.760118	3.61109e-11	5.67747e-16	1.25563e-14	2.89187e-13	2.17314e-11	9.68473e-17
0.768928	3.59999e-11	5.71265e-16	1.25341e-14	2.82653e-13	2.18903e-11	9.68733e-17
0.777841	3.58705e-11	5.74815e-16	1.07749e-14	2.76186e-13	2.20575e-11	9.68996e-17
0.786857	3.57162e-11	5.78398e-16	1.04655e-14	2.69859e-13	2.22313e-11	9.69263e-17
0.795978	3.5528e-11	5.82013e-16	1.1155e-14	2.63733e-13	2.24094e-11	9.69532e-17
0.805204	3.52941e-11	5.85662e-16	1.28577e-14	2.5767e-13	2.25881e-11	9.69805e-17
0.814537	3.48399e-11	5.89344e-16	1.45871e-14	2.51803e-13	2.261e-11	9.70081e-17
0.823979	3.36853e-11	5.93061e-16	1.55671e-14	2.46059e-13	2.20319e-11	9.70359e-17
0.833529	3.23425e-11	5.96813e-16	1.61115e-14	2.40377e-13	2.13593e-11	9.70642e-17
0.843191	3.0772e-11	6.00601e-16	1.62595e-14	2.34935e-13	2.05735e-11	9.70927e-17
0.852964	2.89292e-11	6.04424e-16	1.70121e-14	2.29549e-13	1.96543e-11	9.71216e-17
0.862851	2.67671e-11	6.08285e-16	1.77957e-14	2.24278e-13	1.85819e-11	9.71508e-17
0.872853	2.4241e-11	6.12182e-16	1.85317e-14	2.19173e-13	1.73415e-11	9.71803e-17
0.88297	2.38851e-11	6.16117e-16	1.81803e-14	2.14121e-13	1.79142e-11	9.888e-17
0.893205	2.40161e-11	6.20091e-16	1.76675e-14	2.09231e-13	1.89746e-11	1.01054e-16
0.903558	2.39144e-11	6.24103e-16	1.78836e-14	2.04442e-13	1.99443e-11	1.03254e-16
0.914031	2.35411e-11	6.28155e-16	1.82651e-14	1.99704e-13	2.07581e-11	1.05479e-16
0.924626	2.28818e-11	6.32247e-16	1.82685e-14	1.95166e-13	2.1355e-11	1.0773e-16
0.935343	2.1952e-11	6.36379e-16	1.72362e-14	1.90673e-13	2.16923e-11	1.10007e-16
0.946185	1.97291e-11	6.40552e-16	1.75302e-14	1.86276e-13	2.05613e-11	1.12311e-16
0.957152	1.7152e-11	6.44768e-16	1.77318e-14	1.82014e-13	1.89428e-11	1.14641e-16
0.968247	1.45905e-11	6.49025e-16	1.73413e-14	1.77794e-13	1.72239e-11	1.16998e-16
0.97947	1.21233e-11	6.53326e-16	1.50549e-14	1.73704e-13	1.5485e-11	1.19383e-16
0.990823	9.80563e-12	6.5767e-16	1.35011e-14	1.69697e-13	1.37905e-11	1.21795e-16
1.00231	7.91436e-12	6.61393e-16	1.26018e-14	1.65731e-13	1.20993e-11	1.23741e-16
1.01393	7.11168e-12	6.62477e-16	1.20055e-14	1.61932e-13	1.02061e-11	1.23723e-16
1.02568	6.36812e-12	6.63564e-16	1.05323e-14	1.58169e-13	8.48132e-12	1.23705e-16
1.03757	5.68591e-12	6.64655e-16	1.03215e-14	1.54481e-13	6.92273e-12	1.23687e-16
1.04959	5.064e-12	6.65751e-16	1.06317e-14	1.50906e-13	5.5211e-12	1.23669e-16
1.06176	4.49935e-12	6.6685e-16	9.1495e-15	1.47365e-13	4.2638e-12	1.23651e-16
1.07407	4.27518e-12	6.67955e-16	8.22475e-15	1.43932e-13	3.98265e-12	1.23632e-16
1.08652	4.08466e-12	6.69064e-16	7.3563e-15	1.40565e-13	3.77951e-12	1.23613e-16
1.09911	3.90759e-12	6.70178e-16	6.78735e-15	1.37231e-13	3.59515e-12	1.23594e-16
1.11185	3.74319e-12	6.71298e-16	6.47915e-15	1.34028e-13	3.42791e-12	1.23574e-16
1.12474	3.59059e-12	6.72423e-16	5.79129e-15	1.30853e-13	3.27619e-12	1.23555e-16
1.13777	3.38798e-12	6.73554e-16	5.41145e-15	1.27741e-13	2.9553e-12	1.21131e-16
1.15096	3.20021e-12	6.74691e-16	5.39957e-15	1.24716e-13	2.65924e-12	1.18629e-16
1.1643	3.02705e-12	6.75834e-16	5.33466e-15	1.21717e-13	2.38901e-12	1.16098e-16
1.1778	2.8671e-12	6.76983e-16	5.07415e-15	1.18804e-13	2.142e-12	1.13538e-16
1.19145	2.72343e-12	6.78139e-16	4.81433e-15	1.15942e-13	1.94566e-12	1.10948e-16
1.20526	2.60043e-12	6.79302e-16	4.72095e-15	1.13105e-13	1.8381e-12	1.08327e-16
1.21923	2.48599e-12	6.80471e-16	3.95871e-15	1.1037e-13	1.74255e-12	1.05677e-16
1.23336	2.37934e-12	6.81648e-16	3.52717e-15	1.07655e-13	1.65796e-12	1.02996e-16
1.24766	2.27976e-12	6.82832e-16	4.08705e-15	1.04987e-13	1.58336e-12	1.00284e-16
1.26212	2.01938e-12	6.84024e-16	3.92075e-15	1.02386e-13	1.5339e-12	9.77637e-17
1.27675	1.74684e-12	6.85224e-16	3.96076e-15	9.98035e-14	1.49299e-12	9.52583e-17
1.29155	1.49405e-12	6.86432e-16	3.99455e-15	9.72846e-14	1.45675e-12	9.27239e-17
1.30652	1.25926e-12	6.87648e-16	3.68587e-15	9.48026e-14	1.4247e-12	9.01601e-17
1.32166	1.10263e-12	6.88873e-16	3.33339e-15	9.23363e-14	1.3403e-12	8.75666e-17
1.33698	9.95645e-13	6.90107e-16	3.03513e-15	8.99465e-14	1.2259e-12	8.49431e-17
1.35248	8.95646e-13	6.91349e-16	2.90427e-15	8.75683e-14	1.1186e-12	8.22891e-17
1.36816	8.02072e-13	6.926e-16	2.79541e-15	8.52221e-14	1.01787e-12	7.96043e-17
1.38402	7.44189e-13	6.93861e-16	2.67405e-15	8.29239e-14	9.25599e-13	7.8453e-17
1.40006	7.11747e-13	6.95132e-16	2.51579e-15	8.06355e-14	8.40635e-13	7.84895e-17
1.41629	6.81079e-13	6.96412e-16	2.35114e-15	7.8391e-14	7.60792e-13	7.85263e-17
1.4327	6.52059e-13	6.97702e-16	2.42849e-15	7.61702e-14	6.85799e-13	7.85636e-17
1.44931	6.45076e-13	6.99002e-16	2.34857e-15	7.39567e-14	6.26272e-13	7.86013e-17
1.46611	6.46353e-13	7.00313e-16	2.31471e-15	7.17959e-14	5.74168e-13	7.86395e-17
1.4831	6.47268e-13	7.01635e-16	1.98808e-15	6.96393e-14	5.24614e-13	7.86781e-17
1.50029	6.48457e-13	7.02967e-16	1.85356e-15	6.7502e-14	4.77607e-13	7.87309e-17
1.51768	6.83518e-13	7.04311e-16	1.77345e-15	6.53961e-14	4.43122e-13	7.95833e-17
1.53528	7.16246e-13	7.05665e-16	1.82044e-15	6.3293e-14	4.10243e-13	8.04456e-17
1.55307	7.46796e-13	7.07032e-16	1.75794e-15	6.12185e-14	3.78862e-13	8.13179e-17
1.57107	7.21222e-13	7.0841e-16	1.63921e-15	5.91589e-14	3.60605e-13	8.22003e-17
1.58928	6.38646e-13	7.098e-16	1.44123e-15	5.71014e-14	3.55894e-13	8.3093e-17
1.6077	5.60385e-13	7.11202e-16	1.28684e-15	5.50822e-14	3.51471e-13	8.3996e-17
1.62634	4.8904e-13	7.12617e-16	1.33434e-15	5.30643e-14	3.46694e-13	8.49284e-17
1.64519	4.57472e-13	7.14044e-16	1.26799e-15	5.10602e-14	3.34159e-13	8.61191e-17
1.66426	4.27414e-13	7.15484e-16	1.41358e-15	4.90827e-14	3.22185e-13	8.73237e-17
1.68355	3.9878e-13	7.16937e-16	1.16021e-15	4.71075e-14	3.1074e-13	8.85422e-17
1.70307	3.94425e-13	7.18403e-16	1.17087e-15	4.51605e-14	2.98074e-13	8.97748e-17
1.72281	3.95849e-13	7.19883e-16	1.19785e-15	4.32306e-14	2.8565e-13	9.10217e-17
1.74277	3.97056e-13	7.21377e-16	1.18874e-15	4.13052e-14	2.73908e-13	9.22831e-17
1.76298	3.79947e-13	7.22885e-16	1.13946e-15	3.94278e-14	2.82955e-13	9.41558e-17
1.78341	3.53671e-13	7.24406e-16	1.12096e-15	3.75589e-14	3.03076e-13	9.63865e-17
1.80408	3.28571e-13	7.25943e-16	1.0221e-15	3.5714e-14	3.22854e-13	9.86429e-17
1.82499	3.13747e-13	7.27494e-16	1.01216e-15	3.39126e-14	3.08749e-13	1.00926e-16
1.84615	3.0559e-13	7.2906e-16	9.26841e-16	3.21243e-14	2.72669e-13	1.03235e-16
1.86755	2.97721e-13	7.30641e-16	9.10576e-16	3.03861e-14	2.37595e-13	1.0557e-16
1.88919	2.82945e-13	7.32237e-16	1.05525e-15	2.86845e-14	2.30478e-13	1.04771e-16
1.91109	2.6507e-13	7.33849e-16	8.20274e-16	2.70011e-14	2.37801e-13	1.02281e-16
1.93324	2.47946e-13	7.35477e-16	8.07593e-16	2.54005e-14	2.45152e-13	9.97633e-17
1.95565	2.68635e-13	7.37121e-16	7.72102e-16	2.38245e-14	2.44102e-13	9.7216e-17
1.97832	2.96826e-13	7.38781e-16	6.85635e-16	2.22956e-14	2.4169e-13	9.46391e-17
2.00125	3.21532e-13	7.4e-16	7.43725e-16	2.08396e-14	2.40362e-13	9.22024e-17
2.02445	3.09347e-13	7.33188e-16	7.50931e-16	1.94131e-14	2.46473e-13	9.27206e-17
2.04791	2.97612e-13	7.26293e-16	6.6972e-16	1.80648e-14	2.52885e-13	9.32449e-17
2.07165	2.98307e-13	7.19313e-16	6.50187e-16	1.67732e-14	2.54766e-13	9.37753e-17
2.09566	3.17683e-13	7.12249e-16	5.65888e-16	1.5515e-14	2.49155e-13	9.43118e-17
2.11995	3.36099e-13	7.05099e-16	7.68864e-16	1.43635e-14	2.43761e-13	9.48545e-17
2.14453	3.5617e-13	6.97862e-16	7.2611e-16	1.32469e-14	2.20519e-13	9.31775e-17
2.16938	3.75904e-13	6.90538e-16	6.71373e-16	1.21898e-14	1.93453e-13	9.0899e-17
2.19453	3.76604e-13	6.83125e-16	6.55193e-16	1.12147e-14	1.75171e-13	8.85941e-17
2.21997	3.31365e-13	6.75622e-16	7.06001e-16	1.02747e-14	1.77223e-13	8.62625e-17
2.2457	2.87967e-13	6.6803e-16	5.57424e-16	9.41467e-15	1.79488e-13	8.39039e-17
2.27173	2.60982e-13	6.60345e-16	4.8583e-16	8.60923e-15	1.84613e-13	8.13897e-17
2.29806	2.37917e-13	6.52569e-16	4.57516e-16	7.83774e-15	1.90708e-13	7.88207e-17
2.3247	2.3506e-13	6.44699e-16	5.48543e-16	7.15839e-15	1.96686e-13	7.62219e-17
2.35164	2.54751e-13	6.36735e-16	4.94087e-16	6.50853e-15	2.02195e-13	7.3593e-17
2.3789	2.66292e-13	6.28675e-16	4.91329e-16	5.90752e-15	2.0697e-13	7.08694e-17
2.40648	2.34537e-13	6.20519e-16	4.70912e-16	5.36793e-15	2.06908e-13	6.77255e-17
2.43437	2.04027e-13	6.12266e-16	4.53054e-16	4.85476e-15	2.06812e-13	6.45452e-17
2.46259	1.73806e-13	6.03914e-16	4.43614e-16	4.39788e-15	1.91565e-13	6.1328e-17
2.49113	1.44663e-13	5.95463e-16	4.07158e-16	3.97732e-15	1.74297e-13	5.80735e-17
2.52	1.25684e-13	5.86911e-16	4.52684e-16	3.5798e-15	1.61996e-13	5.59773e-17
2.54921	1.11379e-13	5.78258e-16	4.33796e-16	3.23962e-15	1.51778e-13	5.43931e-17
2.57876	1.0953e-13	5.69502e-16	3.68144e-16	2.91723e-15	1.42667e-13	5.27905e-17
2.60865	1.1731e-13	5.60642e-16	3.74384e-16	2.62392e-15	1.34547e-13	5.11694e-17
2.63889	1.18795e-13	5.51676e-16	3.3281e-16	2.36539e-15	1.2181e-13	5.15048e-17
2.66948	1.13286e-13	5.42605e-16	3.43563e-16	2.12174e-15	1.03988e-13	5.41956e-17
2.70042	1.00721e-13	5.33427e-16	4.02674e-16	1.90857e-15	9.42178e-14	5.69175e-17
2.73172	7.86664e-14	5.2414e-16	3.66086e-16	1.71449e-15	9.52311e-14	5.9671e-17
2.76339	7.18331e-14	5.14743e-16	2.88101e-16	1.5326e-15	9.63988e-14	6.35064e-17
2.79542	8.45954e-14	5.05235e-16	3.02919e-16	1.37954e-15	9.70992e-14	6.8837e-17
2.82782	9.34552e-14	4.95616e-16	2.82949e-16	1.2353e-15	9.67609e-14	7.42293e-17
2.8606	9.82279e-14	4.85883e-16	2.9231e-16	1.10537e-15	9.57538e-14	7.96841e-17
2.89375	1.02511e-13	4.76035e-16	3.24788e-16	9.92035e-16	9.62965e-14	7.99717e-17
2.92729	1.06391e-13	4.66072e-16	2.93488e-16	8.85778e-16	9.7465e-14	7.61986e-17
2.96123	1.06946e-13	4.55991e-16	2.6955e-16	7.93727e-16	9.28285e-14	7.23818e-17
2.99555	1.06115e-13	4.45792e-16	2.64428e-16	7.10404e-16	8.61075e-14	6.85207e-17
3.03027	1.00525e-13	4.37976e-16	2.55097e-16	6.32684e-16	8.14477e-14	6.83161e-17
3.0654	9.59057e-14	4.30441e-16	2.62734e-16	5.679e-16	7.74138e-14	6.86597e-17
3.10093	1.07644e-13	4.22816e-16	2.68856e-16	5.07021e-16	7.65159e-14	6.90073e-17
3.13687	1.30224e-13	4.15103e-16	2.4862e-16	4.52458e-16	7.5554e-14	6.83371e-17
3.17323	1.74557e-13	4.07298e-16	2.36777e-16	4.05128e-16	7.47412e-14	6.55626e-17
3.21001	2.56909e-13	3.99402e-16	2.42881e-16	3.60874e-16	6.91917e-14	6.2756e-17
3.24722	3.60933e-13	3.91414e-16	1.91502e-16	3.22738e-16	6.14084e-14	5.99169e-17
3.28486	3.8156e-13	3.83332e-16	2.18279e-16	2.8832e-16	5.4591e-14	6.05698e-17
3.32293	3.88198e-13	3.75155e-16	2.06728e-16	2.56291e-16	4.94365e-14	6.15149e-17
3.36145	3.76552e-13	3.66883e-16	1.92709e-16	2.29718e-16	4.69766e-14	6.2471e-17
3.40041	4.40123e-13	3.58514e-16	1.82065e-16	2.04785e-16	4.06485e-14	6.24556e-17
3.43983	5.2709e-13	3.50047e-16	1.67053e-16	1.82503e-16	3.29208e-14	6.191e-17
3.4797	3.9807e-13	3.41481e-16	1.76847e-16	1.63224e-16	2.56553e-14	6.13581e-17
3.52003	2.77233e-13	3.32816e-16	1.59308e-16	1.45222e-16	2.31774e-14	6.14077e-17
3.56083	1.64299e-13	3.24049e-16	1.5882e-16	1.2975e-16	2.47402e-14	6.2081e-17
3.60211	1.61071e-13	3.15179e-16	1.58832e-16	1.15806e-16	2.60787e-14	6.27621e-17
3.64386	1.52796e-13	3.06207e-16	1.70017e-16	1.02846e-16	2.59039e-14	6.34488e-17
3.6861	1.33391e-13	2.9713e-16	1.31817e-16	9.21177e-17	2.41748e-14	6.41405e-17
3.72882	1.03923e-13	2.87947e-16	1.51213e-16	8.20595e-17	1.97583e-14	6.48403e-17
3.77204	8.24819e-14	2.78657e-16	1.22907e-16	7.30829e-17	1.67371e-14	6.41769e-17
3.81576	6.83717e-14	2.6926e-16	1.67575e-16	6.53261e-17	1.49077e-14	6.21728e-17
3.85999	5.00149e-14	2.59753e-16	1.463e-16	5.80878e-17	1.31072e-14	6.01456e-17
3.90474	4.06058e-14	2.50135e-16	1.44699e-16	5.18738e-17	1.41863e-14	5.86763e-17
3.95	3.65833e-14	2.40406e-16	1.34315e-16	4.62785e-17	1.5743e-14	5.74869e-17
3.99578	3.50882e-14	2.30564e-16	1.31713e-16	4.10813e-17	1.55458e-14	5.62837e-17
4.0421	3.42305e-14	2.26225e-16	1.31622e-16	3.67838e-17	1.37882e-14	5.61644e-17
4.08895	3.88719e-14	2.22405e-16	1.184e-16	3.27558e-17	1.14352e-14	5.6155e-17
4.13634	4.32023e-14	2.1854e-16	1.09359e-16	2.91628e-17	9.34583e-15	5.59933e-17
4.18429	3.39945e-14	2.1463e-16	1.00669e-16	2.60604e-17	8.92669e-15	5.53403e-17
4.23279	4.2952e-14	2.10675e-16	1.24865e-16	2.31663e-17	7.57418e-15	5.46796e-17
4.28185	5.34322e-14	2.06674e-16	1.09425e-16	2.06833e-17	5.84329e-15	5.45566e-17
4.33148	5.1436e-14	2.02627e-16	1.05469e-16	1.84482e-17	4.71372e-15	5.47303e-17
4.38169	3.40235e-14	1.98532e-16	1.08511e-16	1.63729e-17	4.81657e-15	5.50353e-17
4.43248	4.49207e-14	1.9439e-16	1.07021e-16	1.46582e-17	5.49075e-15	5.61949e-17
4.48386	4.14404e-14	1.902e-16	1.01105e-16	1.30509e-17	5.22274e-15	5.73679e-17
4.53583	4.02712e-14	1.85961e-16	9.79236e-17	1.16172e-17	5.2243e-15	5.50438e-17
4.5884	4.84624e-14	1.81673e-16	9.89782e-17	1.03799e-17	5.37043e-15	5.10926e-17
4.64159	5.90855e-14	1.77335e-16	9.26661e-17	9.22602e-18	5.24099e-15	4.86328e-17
4.69539	5.90265e-14	1.72947e-16	8.27759e-17	8.23636e-18	4.51783e-15	4.95749e-17
4.74981	6.34328e-14	1.68508e-16	8.83421e-17	7.34562e-18	3.34942e-15	5.0528e-17
4.80487	5.34727e-14	1.64018e-16	8.30701e-17	6.51858e-18	2.47901e-15	5.10599e-17
4.86056	5.19586e-14	1.59476e-16	7.70362e-17	5.83542e-18	2.65075e-15	5.15964e-17
4.9169	5.51076e-14	1.54881e-16	8.90889e-17	5.19516e-18	2.75903e-15	4.86264e-17
4.9739	4.92896e-14	1.50233e-16	7.89235e-17	4.62416e-18	2.86914e-15	4.43979e-17
5.03155	3.87333e-14	1.49589e-16	6.27403e-17	4.13141e-18	2.88658e-15	4.49841e-17
5.08987	3.87982e-14	1.52334e-16	6.86719e-17	3.67188e-18	2.52209e-15	4.96481e-17
5.14887	5.19436e-14	1.5511e-16	7.75201e-17	3.27782e-18	2.17372e-15	5.53983e-17
5.20855	5.99936e-14	1.57918e-16	7.25292e-17	2.92317e-18	2.13929e-15	6.27519e-17
5.26892	5.33154e-14	1.60758e-16	7.53563e-17	2.5939e-18	2.03494e-15	6.89096e-17
5.32999	4.84698e-14	1.6363e-16	6.29125e-17	2.32196e-18	2.13281e-15	7.22997e-17
5.39177	4.962e-14	1.66535e-16	6.31931e-17	2.06711e-18	1.93049e-15	7.30495e-17
5.45427	5.06187e-14	1.69474e-16	6.55402e-17	1.83985e-18	1.67532e-15	6.65352e-17
5.51749	4.72076e-14	1.72445e-16	6.60225e-17	1.64376e-18	1.8831e-15	5.92826e-17
5.58145	4.7582e-14	1.75451e-16	6.80496e-17	1.46089e-18	1.87653e-15	5.01936e-17
5.64614	4.86887e-14	1.78491e-16	5.64299e-17	1.30407e-18	1.90907e-15	4.50321e-17
5.71159	5.51945e-14	1.81566e-16	5.34894e-17	1.16294e-18	1.68274e-15	4.82157e-17
5.77779	5.20374e-14	1.84675e-16	5.27041e-17	1.03191e-18	1.52116e-15	5.1004e-17
5.84476	4.2209e-14	1.8782e-16	5.07174e-17	9.23715e-19	1.15582e-15	5.32202e-17
5.91251	3.37423e-14	1.91001e-16	5.79666e-17	8.22323e-19	1.10676e-15	5.38938e-17
5.98104	3.2762e-14	1.94218e-16	4.80839e-17	7.31917e-19	1.00416e-15	5.32963e-17
6.05037	2.77912e-14	1.93489e-16	4.5638e-17	6.53894e-19	9.23662e-16	5.61008e-17
6.1205	1.67287e-14	1.91236e-16	4.83828e-17	5.81133e-19	7.86732e-16	6.02357e-17
6.19144	1.68037e-14	1.88957e-16	4.80989e-17	5.18743e-19	6.67491e-16	5.88828e-17
6.26321	1.98773e-14	1.86651e-16	4.65039e-17	4.626e-19	7.27703e-16	5.78226e-17
6.3358	2.24011e-14	1.84319e-16	4.68678e-17	4.1048e-19	7.0525e-16	5.98347e-17
6.40924	3.03996e-14	1.8196e-16	4.40914e-17	3.67426e-19	6.89371e-16	5.76327e-17
6.48353	3.19969e-14	1.79573e-16	4.19127e-17	3.27089e-19	5.20859e-16	5.04986e-17
6.55869	2.58067e-14	1.7716e-16	4.14223e-17	2.91138e-19	5.11988e-16	4.70556e-17
6.63471	2.7874e-14	1.74718e-16	3.95516e-17	2.60104e-19	5.65451e-16	4.43488e-17
6.71161	3.36607e-14	1.72248e-16	4.0214e-17	2.31159e-19	4.84169e-16	3.95735e-17
6.78941	3.14818e-14	1.6975e-16	4.47693e-17	2.06335e-19	5.71683e-16	3.58729e-17
6.8681	3.56797e-14	1.67223e-16	3.25834e-17	1.84005e-19	4.62901e-16	3.3243e-17
6.94771	2.01571e-14	1.64667e-16	3.696e-17	1.6328e-19	4.26091e-16	3.98619e-17
7.02824	3.81139e-14	1.61098e-16	4.13035e-17	1.46151e-19	3.26581e-16	4.3477e-17
7.10971	5.00089e-14	1.55645e-16	3.25459e-17	1.30104e-19	3.79071e-16	3.96978e-17
7.19212	6.15698e-14	1.5013e-16	3.24069e-17	1.158e-19	3.89853e-16	3.69531e-17
7.27548	8.18313e-14	1.44552e-16	3.63179e-17	1.03458e-19	3.87712e-16	3.68438e-17
7.35981	7.52102e-14	1.38911e-16	3.24995e-17	9.19482e-20	4.0182e-16	4.22904e-17
7.44512	5.78043e-14	1.33205e-16	3.12477e-17	8.20733e-20	2.6165e-16	4.70923e-17
7.53142	6.15088e-14	1.27434e-16	3.31639e-17	7.31892e-20	2.36908e-16	4.93681e-17
7.61872	6.04943e-14	1.21597e-16	3.19105e-17	6.49432e-20	2.37018e-16	4.73829e-17
7.70703	9.04026e-14	1.15694e-16	2.76318e-17	5.81326e-20	2.45834e-16	4.82688e-17
7.79636	1.18806e-13	1.09725e-16	2.63441e-17	5.1751e-20	1.92222e-16	5.4039e-17
7.88673	8.99221e-14	1.03687e-16	2.91512e-17	4.60618e-20	2.36485e-16	6.19874e-17
7.97814	8.25384e-14	9.75805e-17	3.09005e-17	4.11504e-20	1.95353e-16	5.47768e-17
8.07062	7.52811e-14	9.45288e-17	2.85577e-17	3.65705e-20	1.8355e-16	4.56148e-17
8.16417	5.03063e-14	9.24203e-17	2.4489e-17	3.26464e-20	1.49637e-16	3.67692e-17
8.2588	5.95252e-14	9.02878e-17	2.14905e-17	2.91131e-20	1.89448e-16	3.03735e-17
8.35453	6.18091e-14	8.8131e-17	2.54978e-17	2.58313e-20	1.99256e-16	3.51278e-17
8.45137	4.56227e-14	8.59497e-17	2.49049e-17	2.31231e-20	1.7058e-16	3.79381e-17
8.54933	5.34072e-14	8.37436e-17	2.60258e-17	2.05853e-20	1.20035e-16	3.68759e-17
8.64842	5.68925e-14	8.15126e-17	2.30704e-17	1.83226e-20	1.34074e-16	3.60518e-17
8.74867	3.80694e-14	7.92562e-17	2.44222e-17	1.63688e-20	1.1189e-16	4.69985e-17
8.85007	4.8701e-14	7.69743e-17	2.14766e-17	1.45467e-20	1.42945e-16	5.47257e-17
8.95266	3.90947e-14	7.46666e-17	1.88867e-17	1.2986e-20	1.24538e-16	4.74321e-17
9.05643	3.29846e-14	7.16701e-17	2.23969e-17	1.15811e-20	1.26281e-16	4.24732e-17
9.1614	3.2341e-14	6.80774e-17	2.29878e-17	1.02765e-20	1.01743e-16	4.34841e-17
9.26759	5.12915e-14	6.44443e-17	1.95581e-17	9.1989e-21	9.72045e-17	4.47777e-17
9.37502	5.08404e-14	6.07704e-17	1.87797e-17	8.18925e-21	8.74779e-17	4.91907e-17
9.48368	3.93618e-14	5.70552e-17	1.70664e-17	7.28918e-21	6.71599e-17	5.33388e-17
9.59361	3.26117e-14	5.32983e-17	1.85995e-17	6.51261e-21	6.59427e-17	4.62135e-17
9.70481	3.64809e-14	4.94993e-17	1.81544e-17	5.78851e-21	7.56402e-17	4.18575e-17
9.8173	4.06626e-14	4.56577e-17	1.83698e-17	5.16779e-21	8.06842e-17	4.26416e-17
9.93109	1.00824e-13	4.17732e-17	1.56511e-17	4.60923e-21	9.27871e-17	4.14508e-17
10.0462	1.28361e-13	3.98021e-17	1.64863e-17	4.09071e-21	7.55955e-17	3.80999e-17
10.1627	3.23196e-14	4.07606e-17	1.51506e-17	3.66257e-21	6.50933e-17	3.55507e-17
10.2804	3.46422e-14	4.17296e-17	1.49973e-17	3.26151e-21	5.68922e-17	3.14598e-17
10.3996	4.16805e-14	4.27092e-17	1.55141e-17	2.90414e-21	6.94659e-17	3.71055e-17
10.5202	4.91677e-14	4.36996e-17	1.43024e-17	2.59557e-21	4.27558e-17	3.93949e-17
10.6421	3.89043e-14	4.47008e-17	1.26254e-17	2.30785e-21	5.25424e-17	4.70483e-17
10.7654	5.14428e-14	4.5713e-17	1.45885e-17	2.0615e-21	4.82416e-17	4.07487e-17
10.8902	4.57818e-14	4.67363e-17	1.4319e-17	1.83987e-21	4.49578e-17	4.19729e-17
11.0165	4.34192e-14	4.85857e-17	1.41979e-17	1.63417e-21	3.48987e-17	3.68354e-17
11.1442	2.25375e-14	5.59529e-17	1.43311e-17	1.46456e-21	3.81179e-17	3.21046e-17
11.2733	1.70936e-14	6.34011e-17	1.32284e-17	1.3057e-21	3.17763e-17	4.39343e-17
11.404	1.18676e-14	7.09311e-17	1.24499e-17	1.16417e-21	3.25275e-17	4.36834e-17
11.5362	9.53178e-15	7.85436e-17	1.3368e-17	1.04234e-21	3.03933e-17	4.32287e-17
11.6699	8.16028e-15	8.62395e-17	1.3032e-17	9.28871e-22	2.87463e-17	4.20825e-17
11.8052	1.02155e-14	9.40195e-17	1.21527e-17	8.31867e-22	2.6383e-17	4.10337e-17
11.942	1.69581e-14	1.01884e-16	1.01473e-17	7.44757e-22	3.08389e-17	4.47429e-17
12.0804	2.06856e-14	9.89273e-17	1.05398e-17	6.64025e-22	2.23893e-17	4.30455e-17
12.2204	1.67318e-14	8.79824e-17	1.12672e-17	5.97811e-22	2.46606e-17	4.37245e-17
12.3621	7.89134e-15	7.69178e-17	1.14867e-17	5.3596e-22	1.64894e-17	5.18677e-17
12.5054	5.41517e-15	6.57324e-17	1.17367e-17	4.81134e-22	1.75921e-17	4.83041e-17
12.6503	5.89933e-15	5.4425e-17	8.99199e-18	4.34234e-22	1.76002e-17	3.9001e-17
12.797	8.60275e-15	4.29946e-17	9.37556e-18	3.9074e-22	1.88198e-17	4.5443e-17
12.9453	6.74543e-15	3.144e-17	1.02815e-17	3.53966e-22	2.13437e-17	5.21976e-17
13.0954	1.10054e-14	2.61765e-17	1.06692e-17	3.21158e-22	1.98949e-17	4.45915e-17
13.2471	5.87559e-15	2.4578e-17	9.5654e-18	2.90915e-22	1.58854e-17	3.36154e-17
13.4007	8.48356e-15	2.29621e-17	7.87766e-18	2.66543e-22	1.24043e-17	4.0058e-17
13.556	5.78444e-15	2.13288e-17	8.30591e-18	2.44031e-22	1.40391e-17	4.06682e-17
13.7131	6.94181e-15	1.96777e-17	8.26651e-18	2.24493e-22	1.51206e-17	4.76263e-17
13.8721	4.74287e-15	1.80089e-17	7.74068e-18	2.08164e-22	1.03841e-17	4.59782e-17
14.0329	8.85738e-15	2.4103e-17	8.81565e-18	1.93157e-22	8.60221e-18	3.88636e-17
14.1955	1.03447e-14	6.08568e-17	8.805e-18	1.80572e-22	1.11706e-17	4.21064e-17
14.3601	1.28175e-14	9.80028e-17	1.03698e-17	1.69603e-22	1.15409e-17	3.07256e-17
14.5265	1.88866e-14	1.35544e-16	8.6243e-18	1.59687e-22	8.97735e-18	4.02441e-17
14.6949	2.07738e-14	1.73484e-16	9.05083e-18	1.52055e-22	1.02309e-17	4.84711e-17
14.8652	2.69965e-14	2.11826e-16	8.83228e-18	1.4498e-22	9.53772e-18	4.61947e-17
15.0376	2.47015e-14	2.38322e-16	7.81274e-18	1.38797e-22	5.05506e-18	3.80216e-17
15.2119	5.4653e-14	2.20655e-16	7.61447e-18	1.33618e-22	7.572e-18	3.43702e-17
15.3882	3.99541e-14	2.02801e-16	7.5022e-18	1.28863e-22	7.18297e-18	4.45021e-17
15.5665	9.70766e-15	1.84757e-16	7.38737e-18	1.24915e-22	5.01529e-18	3.61304e-17
15.747	5.6044e-15	1.66522e-16	6.17231e-18	1.21554e-22	6.19589e-18	3.86018e-17
15.9295	1.05646e-14	1.48096e-16	6.26737e-18	1.18579e-22	7.31047e-18	4.33554e-17
16.1141	8.79918e-15	1.45657e-16	5.85828e-18	1.15871e-22	3.34408e-18	4.07636e-17
16.3009	8.06914e-15	1.53296e-16	5.86308e-18	1.13348e-22	5.67359e-18	4.4478e-17
16.4899	9.1951e-15	1.61014e-16	6.8964e-18	1.11122e-22	3.04242e-18	4.82334e-17
16.681	1.03175e-14	1.6881e-16	5.31713e-18	1.091e-22	6.39167e-18	3.49377e-17
16.8744	2.40734e-14	1.76686e-16	5.50089e-18	1.07218e-22	5.54966e-18	3.29615e-17
17.0699	1.40978e-14	1.79184e-16	5.19322e-18	1.05737e-22	5.19936e-18	3.88266e-17
17.2678	5.77448e-14	1.71795e-16	4.14715e-18	1.04256e-22	6.28607e-18	3.03912e-17
17.468	1.09005e-14	1.64329e-16	4.90573e-18	1.02769e-22	3.73041e-18	2.63646e-17
17.6704	2.20758e-14	1.56786e-16	4.9071e-18	1.01292e-22	3.90534e-18	3.72666e-17
17.8753	1.01296e-14	1.49164e-16	4.49252e-18	9.99066e-23	2.7558e-18	4.31019e-17
18.0824	8.6656e-15	1.36103e-16	4.81171e-18	9.867e-23	2.59284e-18	3.40639e-17
18.292	6.07949e-15	1.14708e-16	4.42645e-18	9.74373e-23	2.97414e-18	2.78501e-17
18.5041	4.09121e-15	9.30959e-17	4.9292e-18	9.62486e-23	2.69296e-18	4.32058e-17
18.7186	5.8825e-15	7.12654e-17	4.46304e-18	9.52616e-23	2.57324e-18	4.58711e-17
18.9355	7.83379e-15	4.9215e-17	4.25603e-18	9.41267e-23	2.86825e-18	4.36826e-17
19.155	1.09606e-14	4.1524e-17	4.01684e-18	9.28872e-23	2.03684e-18	3.93203e-17
19.377	1.05665e-14	3.98864e-17	4.12477e-18	9.19025e-23	2.28682e-18	3.85036e-17
19.6016	7.49463e-15	3.82322e-17	4.48093e-18	9.09136e-23	1.83375e-18	3.23049e-17
19.8288	1.08832e-14	3.65612e-17	4.1399e-18	8.99244e-23	2.4141e-18	4.45898e-17
20.0587	6.9436e-15	3.66076e-17	3.60356e-18	8.89382e-23	2.88218e-18	4.22292e-17
20.2912	5.75543e-15	4.17669e-17	3.45505e-18	8.7948e-23	1.5661e-18	3.9071e-17
20.5264	9.83439e-15	4.69763e-17	3.24565e-18	8.6961e-23	2.00266e-18	4.01186e-17
20.7643	9.00635e-15	5.2236e-17	3.58818e-18	8.61209e-23	1.72734e-18	5.00304e-17
21.005	4.99074e-15	5.72684e-17	3.15757e-18	8.53772e-23	1.782e-18	3.15867e-17
21.2485	3.203e-15	4.90597e-17	3.03046e-18	8.43925e-23	1.33579e-18	3.5937e-17
21.4947	6.17745e-15	4.07714e-17	2.94725e-18	8.35017e-23	1.21961e-18	3.74019e-17
21.7439	5.21041e-15	3.24032e-17	3.01556e-18	8.27598e-23	1.02534e-18	4.04991e-17
21.9959	5.50033e-15	2.39547e-17	3.34514e-18	8.20202e-23	9.23788e-19	3.69073e-17
22.2509	5.3365e-15	2.17771e-17	2.45216e-18	8.12285e-23	1.26514e-18	4.29435e-17
22.5088	3.10617e-15	1.96827e-17	2.53387e-18	8.02415e-23	1.19603e-18	3.62687e-17
22.7697	3.37189e-15	1.75684e-17	2.96165e-18	7.94014e-23	9.84324e-19	3.11826e-17
23.0336	3.24989e-15	1.62317e-17	3.06635e-18	7.86577e-23	9.06867e-19	3.35103e-17
23.3006	3.2757e-15	2.04025e-17	2.8462e-18	7.79191e-23	9.42264e-19	3.46286e-17
23.5707	5.14914e-15	2.46118e-17	2.77319e-18	7.71775e-23	7.9148e-19	3.56141e-17
23.8439	7.17043e-15	2.88596e-17	2.71357e-18	7.64355e-23	4.67784e-19	3.95329e-17
24.1203	9.12531e-15	3.41255e-17	2.24267e-18	7.5696e-23	6.93169e-19	5.45196e-17
24.3999	8.17855e-15	4.07234e-17	2.55798e-18	7.49533e-23	5.96923e-19	4.39854e-17
24.6827	1.10826e-14	4.73806e-17	2.23982e-18	7.4213e-23	6.42123e-19	3.99364e-17
24.9688	1.07463e-14	5.40973e-17	2.66054e-18	7.36198e-23	6.57664e-19	2.9722e-17
25.2582	1.65511e-14	5.2931e-17	2.19765e-18	7.3124e-23	5.03676e-19	3.791e-17
25.551	2.71481e-14	5.07835e-17	1.88349e-18	7.23854e-23	5.17889e-19	3.85763e-17
25.8471	7.57775e-15	4.86163e-17	2.25727e-18	7.17419e-23	5.84517e-19	4.08534e-17
26.1467	7.27173e-15	4.56372e-17	2.33298e-18	7.12473e-23	7.31897e-19	4.04483e-17
26.4498	5.54202e-15	4.17977e-17	2.36546e-18	7.05575e-23	4.99949e-19	2.99211e-17
26.7564	2.53531e-15	3.79242e-17	1.86325e-18	6.98639e-23	5.31366e-19	3.37537e-17
27.0665	2.15469e-15	3.60595e-17	2.00985e-18	6.93703e-23	4.28516e-19	3.02038e-17
27.3803	1.95309e-15	4.17349e-17	2.06252e-18	6.88766e-23	3.97796e-19	3.34983e-17
27.6976	2.18406e-15	4.7458e-17	1.96814e-18	6.83808e-23	4.5205e-19	4.05621e-17
28.0187	2.73103e-15	5.49099e-17	1.93679e-18	6.76423e-23	2.94115e-19	4.33608e-17
28.3434	2.1688e-15	8.99319e-17	1.99065e-18	6.69988e-23	2.88895e-19	3.59474e-17
28.672	2.75968e-15	1.25244e-16	1.91792e-18	6.65041e-23	3.13723e-19	3.81751e-17
29.0043	2.32964e-15	1.60683e-16	2.13063e-18	6.60111e-23	2.22829e-19	3.46108e-17
29.3405	2.67654e-15	1.83886e-16	2.68138e-18	6.55159e-23	2.94484e-19	3.42202e-17
29.6806	2.40246e-15	2.07274e-16	2.18148e-18	6.50224e-23	2.05868e-19	3.23193e-17
30.0246	3.17503e-15	2.26905e-16	2.04269e-18	6.45287e-23	2.10442e-19	3.95948e-17
30.3726	3.02055e-15	1.95024e-16	2.30418e-18	6.40329e-23	3.09355e-19	3.11544e-17
30.7247	4.34301e-15	1.62888e-16	1.74026e-18	6.35405e-23	1.92097e-19	3.84326e-17
31.0808	3.50192e-15	1.36172e-16	1.62315e-18	6.30461e-23	2.8159e-19	3.39449e-17
31.4411	4.90239e-15	1.28765e-16	1.60837e-18	6.25515e-23	2.20285e-19	4.31754e-17
31.8055	3.97172e-15	1.21299e-16	1.46921e-18	6.20584e-23	1.89033e-19	2.92884e-17
32.1742	4.45083e-15	1.51167e-16	1.37134e-18	6.15633e-23	2.01968e-19	3.91779e-17
32.5471	7.37536e-15	2.23406e-16	1.39038e-18	6.10698e-23	1.53347e-19	3.94543e-17
32.9244	8.83685e-15	2.96181e-16	1.28435e-18	6.0576e-23	2.046e-19	3.91978e-17
33.306	1.2673e-14	3.17577e-16	1.40096e-18	6.00803e-23	1.61063e-19	3.04258e-17
33.6921	1.04267e-14	3.26174e-16	1.29145e-18	5.98341e-23	1.22123e-19	3.16612e-17
34.0826	5.52451e-15	3.17413e-16	1.3114e-18	5.94887e-23	1.73451e-19	3.72248e-17
34.4776	6.78216e-15	2.43042e-16	1.1773e-18	5.89941e-23	1.24013e-19	3.86585e-17
34.8773	6.01108e-15	1.6814e-16	1.19827e-18	5.8501e-23	1.23596e-19	4.14932e-17
35.2815	3.99532e-15	1.29452e-16	1.08011e-18	5.80549e-23	1.39984e-19	3.54765e-17
35.6905	2.16304e-15	1.06656e-16	1.31926e-18	5.78082e-23	1.07933e-19	3.57307e-17
36.1042	1.59938e-15	8.81555e-17	1.20803e-18	5.74139e-23	9.68519e-20	3.62148e-17
36.5227	2.15967e-15	8.28745e-17	1.17654e-18	5.69181e-23	1.27416e-19	2.96245e-17
36.946	3.36489e-15	7.75568e-17	1.18983e-18	5.6672e-23	8.50354e-20	3.43931e-17
37.3743	3.47654e-15	7.33673e-17	1.05873e-18	5.63266e-23	9.90535e-20	2.99424e-17
37.8075	3.83613e-15	6.93187e-17	1.08182e-18	5.5832e-23	7.71293e-20	4.01222e-17
38.2457	6.27795e-15	8.7681e-17	9.18321e-19	5.55356e-23	1.18657e-19	3.89257e-17
38.689	7.53761e-15	1.23896e-16	1.06191e-18	5.52881e-23	7.14528e-20	3.29219e-17
39.1375	5.05804e-15	1.65998e-16	8.6034e-19	5.50413e-23	5.89439e-20	3.01204e-17
39.5911	7.37968e-15	2.21288e-16	9.13651e-19	5.46471e-23	4.9913e-20	4.2668e-17
40.05	7.01877e-15	2.66446e-16	8.82502e-19	5.41513e-23	4.24338e-20	3.98463e-17
40.5142	4.98825e-15	2.25616e-16	1.03355e-18	5.39051e-23	7.36917e-20	3.36351e-17
40.9838	2.79887e-15	1.84545e-16	8.73655e-19	5.36579e-23	4.55095e-20	5.41733e-17
41.4589	6.594e-15	1.56741e-16	7.07349e-19	5.34106e-23	4.98863e-20	4.43022e-17
41.9394	2.35314e-15	1.29258e-16	8.88962e-19	5.29673e-23	4.66574e-20	4.49539e-17
42.4256	2.6558e-15	1.5383e-16	8.33146e-19	5.25212e-23	3.7045e-20	4.21677e-17
42.9173	2.78888e-15	1.86022e-16	9.26129e-19	5.22745e-23	3.35249e-20	3.89356e-17
43.4148	2.61485e-15	2.22191e-16	8.99978e-19	5.20276e-23	5.10065e-20	2.95574e-17
43.918	3.10053e-15	2.59307e-16	9.90835e-19	5.17797e-23	3.57016e-20	3.21405e-17
44.4271	6.69882e-15	2.8555e-16	8.15735e-19	5.15335e-23	3.56841e-20	3.78039e-17
44.942	3.20931e-15	3.09776e-16	7.726e-19	5.12863e-23	3.29391e-20	3.43757e-17
45.463	6.30863e-15	3.46033e-16	7.82523e-19	5.1039e-23	2.93784e-20	3.76706e-17
45.9899	7.34266e-15	3.83958e-16	6.54793e-19	5.07924e-23	3.22545e-20	3.02247e-17
46.523	6.78855e-15	5.37133e-16	7.78687e-19	5.05449e-23	2.49551e-20	4.13148e-17
47.0622	3.1611e-15	6.97137e-16	6.6006e-19	5.02981e-23	2.73445e-20	3.01551e-17
47.6078	5.42676e-15	8.88098e-16	7.21515e-19	5.00513e-23	2.64794e-20	3.54209e-17
48.1596	6.13424e-15	9.94102e-16	6.79512e-19	4.98034e-23	2.76613e-20	3.81304e-17
48.7178	9.65162e-15	8.88094e-16	6.71268e-19	4.95572e-23	2.4556e-20	4.66344e-17
49.2825	5.59336e-15	6.84993e-16	5.36725e-19	4.931e-23	2.0534e-20	4.18255e-17
49.8537	2.51974e-15	3.83794e-16	6.06197e-19	4.90626e-23	1.88741e-20	3.61305e-17
50.4316	5.11474e-15	3.81326e-16	5.79788e-19	4.88161e-23	1.82159e-20	4.25961e-17
51.0162	3.33355e-15	4.88664e-16	5.38706e-19	4.86176e-23	1.36701e-20	4.3643e-17
51.6075	3.18513e-15	8.59513e-16	5.95452e-19	4.86176e-23	1.3557e-20	3.88641e-17
52.2057	4.86265e-15	1.30143e-15	4.96727e-19	4.84702e-23	1.36278e-20	3.54961e-17
52.8108	3.86846e-15	1.87899e-15	5.26714e-19	4.82223e-23	1.36299e-20	3.52058e-17
53.4229	6.59071e-15	2.04229e-15	4.40072e-19	4.79761e-23	1.64208e-20	4.44116e-17
54.0422	6.29791e-15	1.99582e-15	5.2997e-19	4.77289e-23	1.44773e-20	3.64744e-17
54.6686	6.33253e-15	1.63582e-15	4.71377e-19	4.74816e-23	1.49447e-20	4.04656e-17
55.3022	1.07654e-14	1.40535e-15	4.09734e-19	4.72351e-23	1.51123e-20	2.8175e-17
55.9433	1.90243e-14	1.31845e-15	4.5801e-19	4.70365e-23	1.1063e-20	4.18869e-17
56.5917	4.04169e-14	1.42053e-15	4.37427e-19	4.70365e-23	1.18569e-20	4.66123e-17
57.2477	1.08704e-14	1.54971e-15	5.0221e-19	4.68891e-23	9.81882e-21	9.02237e-17
57.9112	8.5962e-15	1.69345e-15	4.47629e-19	4.66413e-23	7.96765e-21	4.75733e-17
58.5825	5.57613e-15	1.65865e-15	4.49519e-19	4.66413e-23	1.10534e-20	3.0992e-17
59.2615	3.93454e-15	1.37555e-15	4.37167e-19	4.65431e-23	1.01077e-20	4.06031e-17
59.9484	6.86392e-15	7.37061e-16	4.2522e-19	4.62958e-23	1.40209e-19	3.82369e-17
60.6433	1.93941e-15	7.14812e-16	4.45013e-19	4.60493e-23	5.4714e-21	2.84315e-17
61.3462	2.39094e-15	7.14479e-16	4.83706e-19	4.58507e-23	7.2704e-21	3.03983e-17
62.0573	2.93531e-15	6.95811e-16	4.0407e-19	4.58507e-23	8.04192e-21	3.41598e-17
62.7766	1.80365e-15	7.98479e-16	4.13774e-19	4.57034e-23	6.23327e-21	3.78249e-17
63.5043	2.00712e-15	8.97116e-16	3.78336e-19	4.54555e-23	7.89081e-21	4.41512e-17
64.2403	2.30172e-15	9.93057e-16	3.13303e-19	4.54555e-23	4.49866e-21	3.76083e-17
64.985	2.52402e-15	1.08712e-15	3.5335e-19	4.53573e-23	6.96236e-21	3.6533e-17
65.7382	4.57823e-15	1.17805e-15	3.02623e-19	4.511e-23	8.06504e-21	3.91628e-17
66.5002	3.57187e-15	1.28883e-15	3.65162e-19	4.50602e-23	7.45112e-21	2.41291e-17
67.271	4.02326e-15	1.33728e-15	3.24219e-19	4.50112e-23	6.12024e-21	4.46675e-17
68.0507	3.15696e-15	1.22865e-15	3.01984e-19	4.47644e-23	4.86849e-21	3.24657e-17
68.8395	1.80671e-14	8.03165e-16	2.54517e-19	4.46649e-23	7.42473e-21	3.78977e-17
69.6374	2.97638e-15	5.51253e-16	2.55225e-19	4.46649e-23	4.20889e-21	4.04889e-17
70.4446	3.4806e-15	3.94282e-16	2.78059e-19	4.44187e-23	5.82347e-21	3.91069e-17
71.2612	3.81341e-15	2.77897e-16	2.78905e-19	4.42697e-23	3.47545e-21	3.64827e-17
72.0872	2.6868e-15	1.68842e-16	2.5837e-19	4.42697e-23	3.41127e-21	4.38266e-17
72.9227	2.73707e-15	1.4467e-16	2.80378e-19	4.42697e-23	3.06264e-21	3.4115e-17
73.768	1.72998e-15	1.258e-16	2.64426e-19	4.42207e-23	2.63909e-21	3.34956e-17
74.623	1.1141e-15	1.17358e-16	2.82368e-19	4.39739e-23	3.86472e-21	4.87511e-17
75.488	1.7492e-15	1.18622e-16	2.40034e-19	4.38744e-23	2.54509e-21	4.70996e-17
76.363	1.86028e-15	1.10891e-16	2.9026e-19	4.38744e-23	2.34304e-21	3.80255e-17
77.2481	2.30617e-15	9.59212e-17	2.8288e-19	4.38744e-23	3.09988e-21	2.77651e-17
78.1435	1.89018e-15	1.05155e-16	2.56996e-19	4.38744e-23	2.22154e-21	3.56056e-17
79.0493	2.32831e-15	7.91341e-17	2.40936e-19	4.38744e-23	1.81763e-21	3.72237e-17
79.9655	2.97128e-13	8.88319e-17	2.21456e-19	4.36777e-23	2.50887e-21	3.105e-17
80.8924	2.19648e-15	1.01205e-16	1.94648e-19	4.34791e-23	2.45687e-21	3.19923e-17
81.8301	2.20999e-15	1.57069e-16	2.04145e-19	4.34791e-23	2.03336e-21	3.54139e-17
82.7786	3.06424e-15	1.85797e-16	2.08455e-19	4.34791e-23	1.85629e-21	3.6435e-17
83.7381	1.92352e-15	2.34319e-16	2.33148e-19	4.34791e-23	1.35215e-21	3.96833e-17
84.7087	2.15473e-15	3.60046e-16	1.93943e-19	4.34791e-23	2.07164e-21	2.92834e-17
85.6906	3.8318e-15	4.53067e-16	1.75258e-19	4.3381e-23	1.71793e-21	4.82391e-17
86.6838	2.08947e-15	3.91452e-16	1.90941e-19	4.31337e-23	1.25455e-21	3.83068e-17
87.6886	2.25843e-15	2.61705e-16	1.85707e-19	4.30839e-23	1.75723e-21	4.41274e-17
88.705	1.82314e-15	2.13029e-16	1.7797e-19	4.30839e-23	1.68578e-21	2.61835e-17
89.7332	2.24866e-15	2.49358e-16	1.71575e-19	4.30839e-23	1.39251e-21	3.4408e-17
90.7733	2.79998e-15	2.49847e-16	1.76469e-19	4.30839e-23	1.1918e-21	3.21952e-17
91.8254	2.5669e-15	2.01061e-16	1.42394e-19	4.30839e-23	1.26274e-21	3.61062e-17
92.8898	1.76788e-15	2.06911e-16	1.64157e-19	4.30839e-23	1.1455e-21	3.48421e-17
93.9665	3.24596e-15	3.20168e-16	1.69622e-19	4.30839e-23	1.03626e-21	3.85765e-17
95.0557	5.36855e-15	3.73894e-16	1.25513e-19	4.30839e-23	9.8498e-22	4.17757e-17
96.1575	4.24876e-15	3.4247e-16	1.36093e-19	4.30839e-23	9.72646e-22	4.12378e-17
97.272	1.55843e-15	3.47717e-16	1.37262e-19	4.30839e-23	8.48654e-22	4.36842e-17
98.3995	2.13271e-15	4.43436e-16	1.62854e-19	4.30839e-23	7.5628e-22	3.32167e-17
99.5401	2.0176e-15	7.25005e-16	1.45432e-19	4.30839e-23	7.56039e-22	2.89439e-17
100.694	2.13634e-15	1.03294e-15	1.4064e-19	4.30839e-23	8.89503e-22	3.09672e-17
101.861	1.84156e-15	9.43324e-16	1.22811e-19	4.30839e-23	6.38972e-22	3.0917e-17
103.042	1.70136e-15	7.94694e-16	1.15969e-19	4.30839e-23	7.76788e-22	3.45211e-17
104.236	5.95845e-16	5.40495e-16	1.17335e-19	4.30839e-23	5.45248e-22	3.61526e-17
105.444	1.3519e-15	5.19644e-16	1.28843e-19	4.30839e-23	5.15707e-22	4.07117e-17
106.666	1.4192e-15	7.55549e-16	1.22403e-19	4.30839e-23	5.46165e-22	3.98595e-17
107.903	1.52438e-15	1.62955e-15	1.26558e-19	4.30839e-23	5.4585e-22	3.68588e-17
109.154	1.40152e-15	2.50711e-15	1.29099e-19	4.30839e-23	5.80956e-22	4.07996e-17
110.419	2.42409e-15	5.02579e-15	9.60319e-20	4.30839e-23	4.26744e-22	4.36306e-17
111.699	3.08171e-15	4.94298e-15	1.16102e-19	4.30839e-23	3.31524e-22	3.01144e-17
112.993	1.05843e-13	4.77336e-15	1.13605e-19	4.30839e-23	3.64871e-22	4.91404e-17
114.303	1.69838e-15	3.57165e-15	1.10073e-19	4.30839e-23	3.61309e-22	3.95467e-17
115.628	1.38952e-15	4.17075e-15	9.85836e-20	4.30839e-23	3.52582e-22	3.87067e-17
116.968	9.60385e-15	4.06572e-15	9.89213e-20	4.30839e-23	3.3213e-22	4.65869e-17
118.324	2.49932e-15	1.74704e-15	1.10058e-19	4.30839e-23	3.29967e-22	5.06646e-17
119.696	1.34108e-14	9.70561e-16	1.01391e-19	4.30839e-23	1.48448e-20	3.31706e-17
121.083	1.12136e-14	6.60597e-16	9.09786e-20	4.30839e-23	2.731e-22	4.97187e-17
122.486	2.91675e-15	6.81879e-16	1.01981e-19	4.30839e-23	2.43458e-22	4.85648e-17
123.906	2.1781e-15	4.24944e-16	9.07028e-20	4.30839e-23	2.6278e-22	4.01699e-17
125.342	4.70695e-15	1.10307e-15	9.80608e-20	4.30839e-23	2.58675e-22	3.16515e-17
126.795	3.70384e-15	1.83853e-15	1.01335e-19	4.32806e-23	1.80979e-22	3.80962e-17
128.265	7.4341e-15	2.68692e-15	8.22657e-20	4.34791e-23	2.27629e-22	3.86566e-17
129.752	4.45309e-15	1.24026e-15	7.89276e-20	4.34791e-23	2.18776e-22	3.83761e-17
131.256	2.05601e-15	5.0712e-16	8.84108e-20	4.34791e-23	2.13694e-22	4.06479e-17
132.777	5.26437e-15	1.41552e-15	6.92758e-20	4.34791e-23	2.22601e-22	3.0603e-17
134.316	5.53387e-15	4.25809e-15	6.78444e-20	4.34791e-23	1.78248e-22	4.32047e-17
135.873	2.95816e-15	3.26629e-15	8.5311e-20	4.35773e-23	1.28997e-22	2.55607e-17
137.448	2.12811e-15	1.21439e-15	7.92594e-20	4.38246e-23	1.50261e-22	3.41356e-17
139.041	1.8634e-15	4.92482e-16	6.7749e-20	4.38744e-23	1.39883e-22	3.23778e-17
140.653	7.87149e-15	2.14439e-15	7.67262e-20	4.38744e-23	1.52321e-22	3.6543e-17
142.283	2.86715e-15	9.78448e-16	5.99237e-20	4.38744e-23	9.81637e-23	3.6231e-17
143.932	1.10033e-15	8.25732e-16	6.98178e-20	4.38744e-23	1.22471e-22	3.37238e-17
145.601	2.33318e-15	6.02643e-16	6.81366e-20	4.38744e-23	1.11833e-22	2.80447e-17
147.288	2.17457e-15	6.50322e-16	7.38676e-20	4.41206e-23	1.47546e-22	3.22374e-17
148.996	5.09649e-16	2.3795e-16	6.04433e-20	4.42697e-23	7.54558e-23	4.24834e-17
150.723	1.04284e-15	1.90729e-16	5.61749e-20	4.42697e-23	1.15015e-22	2.23857e-17
152.47	2.40284e-15	1.17199e-16	5.46796e-20	4.42697e-23	1.0738e-22	3.75281e-17
154.237	8.92778e-16	1.4265e-16	5.93278e-20	4.43187e-23	6.55214e-23	2.8469e-17
156.025	1.21288e-15	1.51891e-16	5.6142e-20	4.45654e-23	8.23428e-23	2.70305e-17
157.833	3.3228e-15	1.84111e-16	4.96101e-20	4.46649e-23	9.29982e-23	3.08369e-17
159.663	3.65637e-15	3.39172e-16	6.43293e-20	4.46649e-23	7.64936e-23	3.31552e-17
161.513	5.48106e-15	3.52663e-16	5.89619e-20	4.49111e-23	7.12672e-23	3.62966e-17
163.385	3.46091e-15	1.19034e-16	4.90857e-20	4.50602e-23	8.60304e-23	2.46933e-17
165.279	1.62e-15	1.02238e-16	5.04448e-20	4.50602e-23	3.77371e-23	3.2955e-17
167.195	9.38239e-16	7.61001e-17	5.00147e-20	4.52569e-23	6.17495e-23	3.58172e-17
169.133	8.38325e-16	8.15635e-17	5.17892e-20	4.54555e-23	4.86012e-23	3.69068e-17
171.093	6.93008e-16	4.02693e-16	4.97666e-20	4.54555e-23	4.46166e-23	3.71752e-17
173.077	6.73627e-16	5.95717e-16	4.8554e-20	4.56028e-23	4.04687e-23	2.74487e-17
175.083	7.55495e-16	1.76875e-16	4.34983e-20	4.58507e-23	4.31087e-23	3.62768e-17
177.112	6.25092e-16	2.67427e-16	4.85791e-20	4.58507e-23	4.36825e-23	4.20189e-17
179.165	5.57788e-16	2.45392e-16	4.35768e-20	4.59489e-23	3.80249e-23	2.73618e-17
181.242	1.0843e-15	1.33815e-15	4.35658e-20	4.61962e-23	4.54347e-23	3.75023e-17
183.343	4.48365e-16	3.69664e-16	4.59365e-20	4.6246e-23	3.73822e-23	3.32267e-17
185.468	5.67277e-16	6.73857e-16	3.7531e-20	4.6295e-23	3.58833e-23	4.14921e-17
187.617	1.02024e-15	1.44505e-15	3.65653e-20	4.65418e-23	2.73372e-23	2.08045e-17
189.792	4.93664e-16	1.10649e-15	3.88167e-20	4.67886e-23	2.94879e-23	3.17452e-17
191.992	3.86194e-16	3.7442e-16	3.46247e-20	4.70365e-23	2.45916e-23	3.64631e-17
194.217	4.91333e-16	3.46815e-16	3.18366e-20	4.70365e-23	1.84013e-23	5.1394e-17
196.469	5.40875e-16	3.47027e-16	3.66027e-20	4.71347e-23	2.49159e-23	3.78626e-17
198.746	4.28057e-16	3.38625e-16	3.45801e-20	4.7382e-23	2.42298e-23	3.24051e-17
201.05	3.98032e-16	4.55281e-16	3.26262e-20	4.76285e-23	1.8433e-23	3.39255e-17
203.38	3.56447e-16	3.83414e-16	3.19602e-20	4.78761e-23	1.37022e-23	4.04196e-17
205.737	9.26384e-16	2.81376e-16	3.40405e-20	4.81228e-23	1.48595e-23	3.28998e-17
208.122	4.70631e-16	2.10754e-16	3.04815e-20	4.83697e-23	1.78117e-23	3.25386e-17
210.535	3.96659e-16	1.77725e-16	2.80419e-20	4.86176e-23	1.87996e-23	2.43897e-17
212.975	1.90208e-15	2.09374e-16	2.84267e-20	4.86176e-23	2.01807e-23	3.61058e-17
215.443	4.49227e-16	1.76618e-16	3.15141e-20	4.87157e-23	1.60638e-23	4.02915e-17
217.941	2.68693e-16	1.0651e-16	3.07749e-20	4.8963e-23	1.31078e-23	4.0055e-17
220.467	3.96663e-16	1.21497e-16	2.85518e-20	4.92096e-23	1.65184e-23	3.81078e-17
223.022	6.53744e-16	1.79357e-16	2.65393e-20	4.94571e-23	1.11764e-23	3.9563e-17
225.607	4.01484e-16	1.94579e-16	2.60338e-20	4.97039e-23	1.41049e-23	2.22484e-17
228.222	3.09693e-16	1.52111e-16	2.62218e-20	4.99507e-23	1.03654e-23	3.50713e-17
230.868	2.56566e-16	7.31938e-17	2.76445e-20	5.01986e-23	1.08108e-23	2.89786e-17
233.544	1.9042e-16	1.02399e-16	2.52849e-20	5.04448e-23	1.36633e-23	4.10498e-17
236.251	2.55957e-16	7.47587e-17	2.85202e-20	5.0692e-23	7.32731e-24	3.65791e-17
238.989	1.45927e-16	5.51133e-17	2.27939e-20	5.09394e-23	6.99164e-24	3.90423e-17
241.759	8.26575e-16	1.06723e-16	2.617e-20	5.11859e-23	8.89282e-24	3.48795e-17
244.562	1.55983e-16	1.30963e-16	2.2402e-20	5.14825e-23	7.64612e-24	3.54657e-17
247.396	3.99276e-16	2.00227e-16	2.08059e-20	5.1976e-23	4.43653e-24	4.28511e-17
250.264	1.1154e-15	8.79956e-17	2.25671e-20	5.23223e-23	7.17218e-24	3.1702e-17
253.165	4.55644e-16	3.85856e-16	2.18192e-20	5.25702e-23	6.69556e-24	2.92773e-17
256.099	3.2357e-16	3.48513e-16	2.03107e-20	5.28164e-23	5.39545e-24	3.27025e-17
259.068	3.04932e-16	2.13325e-16	2.16377e-20	5.30636e-23	6.20935e-24	4.59813e-17
262.071	2.92954e-16	2.71484e-16	1.86232e-20	5.33109e-23	4.26473e-24	2.74272e-17
265.108	1.9794e-16	1.66513e-16	2.01497e-20	5.37542e-23	4.09032e-24	3.0751e-17
268.181	2.28677e-16	1.23586e-16	1.64861e-20	5.42003e-23	5.4854e-24	3.02518e-17
271.29	2.32943e-16	1.16602e-16	1.56806e-20	5.4447e-23	4.66856e-24	3.0122e-17
274.434	2.22591e-16	6.30718e-17	1.8408e-20	5.48413e-23	4.29212e-24	3.82333e-17
277.615	1.85686e-16	3.4269e-17	1.98122e-20	5.53371e-23	3.87667e-24	3.8133e-17
280.833	4.11158e-16	1.05738e-16	1.8138e-20	5.55833e-23	4.79719e-24	4.0422e-17
284.088	5.73313e-16	9.90541e-17	1.60064e-20	5.59286e-23	2.65384e-24	3.65783e-17
287.381	2.07566e-16	6.96708e-17	1.65666e-20	5.64233e-23	4.02608e-24	2.51343e-17
290.712	2.72767e-16	9.74546e-18	1.79566e-20	5.67196e-23	2.50252e-24	2.67367e-17
294.082	2.17786e-16	4.26837e-17	1.67496e-20	5.70162e-23	3.05948e-24	3.72318e-17
297.491	3.8318e-16	9.17053e-17	1.63193e-20	5.75097e-23	2.43124e-24	3.7441e-17
300.939	1.26276e-15	1.28721e-16	1.46363e-20	5.80034e-23	2.10951e-24	3.72194e-17
304.427	6.13206e-16	3.7734e-17	1.65697e-20	5.84992e-23	3.9032e-24	3.62244e-17
307.956	4.20049e-16	3.17172e-17	1.40563e-20	5.89916e-23	1.62381e-24	3.33506e-17
311.525	3.60498e-15	5.51701e-17	1.33953e-20	5.93879e-23	2.25281e-24	3.1811e-17
315.136	5.89853e-16	3.13427e-17	1.26901e-20	5.96352e-23	2.75523e-24	2.88204e-17
318.789	1.28397e-15	3.15311e-17	1.50669e-20	6.00784e-23	1.80377e-24	4.25055e-17
322.484	6.28142e-16	6.30035e-17	1.58207e-20	6.05735e-23	1.74453e-24	3.48895e-17
326.222	4.29503e-16	3.16311e-17	1.09383e-20	6.10671e-23	1.94011e-24	2.74239e-17
330.003	4.98891e-16	5.10074e-17	1.57326e-20	6.17082e-23	1.94818e-24	3.79313e-17
333.829	5.1626e-16	1.91424e-17	1.29062e-20	6.24518e-23	1.51023e-24	4.37414e-17
337.698	3.34217e-16	9.39648e-18	1.30335e-20	6.29442e-23	1.24943e-24	3.21762e-17
341.612	5.80207e-16	3.31321e-17	1.09688e-20	6.34386e-23	1.2179e-24	3.72888e-17
345.572	5.29531e-16	1.67305e-17	1.34177e-20	6.39333e-23	1.16275e-24	3.3938e-17
349.578	5.58498e-16	1.73365e-17	1.25214e-20	6.44263e-23	1.1877e-24	5.27865e-17
353.63	8.5206e-16	1.07327e-17	1.11689e-20	6.49705e-23	1.00748e-24	5.32647e-17
357.729	4.79529e-16	5.65679e-17	1.00539e-20	6.57107e-23	1.05695e-24	3.74809e-17
361.875	8.97528e-16	3.31066e-17	1.04044e-20	6.6304e-23	9.50396e-25	3.00654e-17
366.07	3.2529e-16	2.22894e-17	1.04572e-20	6.67998e-23	9.63746e-25	3.29565e-17
370.313	4.5257e-16	4.1808e-17	1.05303e-20	6.75383e-23	1.06212e-24	3.98985e-17
374.605	4.98426e-16	3.10839e-17	9.1402e-21	6.828e-23	5.60338e-25	3.14904e-17
378.947	2.96523e-16	1.44937e-17	9.99996e-21	6.90219e-23	8.62976e-25	2.80356e-17
383.34	2.55075e-16	2.58313e-17	9.58816e-21	6.97615e-23	9.39369e-25	3.66996e-17
387.783	3.18706e-16	4.46658e-17	9.14072e-21	7.05042e-23	7.63515e-25	3.0651e-17
392.278	5.86932e-16	1.40684e-17	9.47431e-21	7.12444e-23	6.62166e-25	3.41304e-17
396.825	1.17885e-15	1.58351e-17	8.61173e-21	7.1985e-23	6.40128e-25	3.66304e-17
401.424	1.40835e-15	3.78689e-17	9.01565e-21	7.27287e-23	4.688e-25	3.11017e-17
406.077	9.79782e-16	4.6235e-17	8.43325e-21	7.34673e-23	5.69619e-25	3.43942e-17
410.784	8.71845e-16	8.5049e-17	9.45477e-21	7.42089e-23	4.52399e-25	3.49757e-17
415.546	1.10538e-15	2.13437e-16	8.87028e-21	7.49509e-23	4.47036e-25	3.69244e-17
420.362	2.23639e-15	3.63265e-16	7.04539e-21	7.58872e-23	4.25943e-25	3.51897e-17
425.235	2.35145e-15	5.79203e-16	8.31859e-21	7.68774e-23	3.76049e-25	3.41947e-17
430.164	8.31585e-16	5.30923e-17	7.45876e-21	7.78644e-23	3.74913e-25	4.6756e-17
435.15	2.84583e-15	9.87911e-17	7.50928e-21	7.87046e-23	3.16452e-25	4.15856e-17
440.194	6.1663e-15	5.65606e-17	7.86936e-21	7.94482e-23	4.08248e-25	3.93759e-17
445.296	1.24627e-15	2.57761e-17	6.87386e-21	8.0433e-23	2.91629e-25	3.72034e-17
450.457	3.49171e-16	1.89368e-17	6.30889e-21	8.14218e-23	2.83011e-25	3.93756e-17
455.679	3.99889e-16	1.93263e-17	7.41291e-21	8.24111e-23	3.09815e-25	2.71591e-17
460.96	4.82244e-16	1.04687e-17	7.1145e-21	8.3594e-23	2.63176e-25	3.59662e-17
466.303	4.70791e-16	3.23712e-17	7.28194e-21	8.47827e-23	2.0057e-25	8.12577e-17
471.708	9.99959e-16	1.22525e-17	6.22687e-21	8.57697e-23	2.45442e-25	3.73109e-17
477.176	6.95177e-16	1.62353e-17	5.70139e-21	8.69046e-23	2.42402e-25	3.89801e-17
482.707	4.0876e-16	1.2952e-17	5.67796e-21	8.81441e-23	2.27901e-25	3.1889e-17
488.302	3.67818e-16	6.23982e-18	6.41449e-21	8.9375e-23	2.37572e-25	2.96437e-17
493.962	3.58391e-16	1.37918e-17	5.93329e-21	9.06111e-23	3.23703e-25	3.00729e-17
499.688	8.34827e-16	3.14383e-18	4.59955e-21	9.18477e-23	2.05619e-25	4.61846e-17
505.48	8.78792e-16	7.51533e-18	6.07585e-21	9.30803e-23	1.85294e-25	3.51162e-17
511.339	1.51174e-15	1.04739e-17	6.06927e-21	9.43671e-23	1.598e-25	3.89764e-17
517.266	6.86075e-15	3.2722e-17	4.93853e-21	9.58476e-23	1.77826e-25	3.68523e-17
523.261	2.81246e-15	1.5406e-17	5.3202e-21	9.71815e-23	1.90904e-25	3.09798e-17
529.327	1.13463e-15	1.13059e-17	5.46101e-21	9.84209e-23	1.38604e-25	3.62388e-17
535.462	8.13491e-16	4.38814e-18	4.52348e-21	9.98981e-23	1.05199e-25	3.84024e-17
541.669	9.01898e-16	3.31385e-17	5.05295e-21	1.01381e-22	9.58469e-26	3.48162e-17
547.947	7.51195e-16	1.42634e-17	4.93386e-21	1.02865e-22	1.26785e-25	4.06632e-17
554.299	8.91991e-16	3.40502e-17	4.6368e-21	1.04541e-22	1.59483e-25	4.00031e-17
560.723	1.05527e-15	2.05462e-17	4.93527e-21	1.06225e-22	1.17615e-25	3.96636e-17
567.223	9.1903e-16	1.12026e-17	4.24212e-21	1.07706e-22	1.30834e-25	2.54317e-17
573.798	4.0633e-16	1.18173e-17	4.46668e-21	1.09187e-22	1.04536e-25	2.72877e-17
580.449	2.74895e-16	2.18325e-17	4.12978e-21	1.10674e-22	1.04566e-25	3.96628e-17
587.177	5.14654e-16	5.47321e-18	4.16919e-21	1.12397e-22	7.503e-26	3.78627e-17
593.983	1.94675e-16	8.94888e-18	4.41604e-21	1.14128e-22	7.87853e-26	3.52214e-17
600.868	2.20705e-16	7.32499e-18	3.86787e-21	1.15859e-22	7.94059e-26	2.96322e-17
607.832	4.95049e-16	1.00814e-17	3.95853e-21	1.17585e-22	9.70811e-26	4.23177e-17
614.878	4.66183e-16	1.59707e-17	3.73365e-21	1.19318e-22	9.25739e-26	3.11868e-17
622.005	2.53527e-16	1.17588e-17	3.94946e-21	1.21045e-22	5.96345e-26	3.57052e-17
629.215	2.7382e-16	3.76142e-17	3.49975e-21	1.22921e-22	5.2521e-26	3.01523e-17
636.508	2.68196e-16	2.0332e-17	3.51612e-21	1.24904e-22	6.77098e-26	3.9352e-17
643.886	3.03479e-16	1.05546e-17	3.98391e-21	1.26873e-22	6.11498e-26	3.56675e-17
651.349	2.5077e-16	2.54399e-17	3.61692e-21	1.28851e-22	4.81474e-26	3.85319e-17
658.899	5.60018e-16	1.2773e-17	3.07905e-21	1.30829e-22	1.64583e-25	3.11817e-17
666.536	6.66583e-16	9.41117e-18	3.43742e-21	1.32802e-22	4.19151e-26	2.68616e-17
674.262	8.55083e-16	1.54202e-17	3.06458e-21	1.34831e-22	5.12259e-26	2.80391e-17
682.078	2.56297e-16	9.01573e-18	2.91753e-21	1.37052e-22	3.44365e-26	3.14321e-17
689.984	2.5411e-16	4.71333e-17	3.10455e-21	1.39274e-22	4.34712e-26	4.39501e-17
697.981	3.61311e-16	8.31766e-18	2.93067e-21	1.41505e-22	2.7625e-26	8.37808e-17
706.072	4.71457e-16	4.55459e-18	2.84808e-21	1.4372e-22	3.14648e-26	4.31028e-17
714.256	5.31643e-16	1.4446e-17	3.0144e-21	1.46044e-22	3.36883e-26	3.4803e-17
722.535	4.05369e-16	7.495e-18	2.96006e-21	1.48517e-22	2.17512e-26	3.61921e-17
730.91	1.17722e-15	7.24213e-18	2.96521e-21	1.50982e-22	2.31362e-26	3.71044e-17
739.382	4.40001e-16	3.48594e-18	2.73271e-21	1.53507e-22	1.67515e-26	2.80897e-17
747.952	4.83359e-16	2.34466e-18	2.31575e-21	1.56221e-22	8.74667e-27	3.30338e-17
756.622	1.56247e-15	1.15186e-17	2.46609e-21	1.58936e-22	7.75886e-27	2.50337e-17
765.392	1.61332e-15	4.06133e-17	3.06856e-21	1.61663e-22	7.03082e-27	3.04094e-17
774.264	8.47514e-16	1.45098e-17	2.31577e-21	1.64371e-22	5.14793e-27	4.1825e-17
783.238	4.55311e-16	7.56113e-18	2.71968e-21	1.67189e-22	3.33936e-27	4.53007e-17
792.317	4.38931e-16	7.53999e-18	2.27519e-21	1.70157e-22	3.10024e-27	3.27509e-17
801.501	2.14937e-16	3.2731e-18	1.96439e-21	1.73312e-22	1.96692e-27	3.34148e-17
810.791	3.73325e-16	2.87973e-18	2.03048e-21	1.7653e-22	1.68062e-27	5.77471e-17
820.189	2.70696e-16	4.17625e-18	2.23638e-21	1.79738e-22	1.52577e-27	5.9216e-17
829.696	1.19428e-15	3.93662e-18	2.31135e-21	1.83094e-22	8.75535e-28	3.67033e-17
839.313	2.61316e-16	4.00169e-18	2.02664e-21	1.86565e-22	4.20073e-27	2.98035e-17
849.042	3.88971e-16	1.10459e-17	1.72003e-21	1.90012e-22	9.68974e-28	3.59874e-17
858.883	2.82588e-16	8.62411e-18	2.10275e-21	1.93571e-22	6.20525e-28	4.28039e-17
868.838	2.34564e-16	9.66983e-18	2.12203e-21	1.97281e-22	5.25781e-28	3.19379e-17
878.909	5.46512e-16	1.69306e-17	1.9362e-21	2.01175e-22	4.945e-28	4.59669e-17
889.097	3.04096e-16	4.5835e-18	2.01885e-21	2.05136e-22	3.08397e-28	4.43797e-17
899.402	3.63783e-16	1.02176e-17	1.83407e-21	2.09084e-22	1.24925e-27	3.86675e-17
909.827	2.79029e-16	NaN	NaN	2.13329e-22	1.98319e-28	3.70078e-17
920.373	7.94453e-16	NaN	NaN	2.17791e-22	1.62732e-28	3.67788e-17
931.041	2.29356e-15	NaN	NaN	2.22222e-22	9.44695e-29	4.46723e-17
941.833	5.84105e-15	NaN	NaN	2.26672e-22	7.24842e-29	5.20869e-17
952.75	3.29501e-16	NaN	NaN	2.31124e-22	4.97104e-29	4.23435e-17
963.793	8.57484e-16	NaN	NaN	2.35955e-22	3.73626e-29	4.39181e-17
974.965	1.0422e-15	NaN	NaN	2.40906e-22	3.57382e-29	3.52963e-17
986.266	8.95784e-16	NaN	NaN	2.45841e-22	2.24839e-29	4.15823e-17
997.698	3.72139e-16	NaN	NaN	2.51073e-22	2.36881e-29	3.49473e-17
1009.26	3.78155e-16	NaN	NaN	2.56527e-22	1.4582e-29	2.94906e-17
1020.96	4.12978e-16	NaN	NaN	2.61943e-22	1.62635e-29	4.334e-17
1032.79	4.82547e-16	NaN	NaN	2.67578e-22	NaN	3.18504e-17
1044.77	3.92244e-16	NaN	NaN	2.73514e-22	NaN	3.89534e-17
1056.88	2.899e-16	NaN	NaN	2.7943e-22	NaN	3.54218e-17
1069.13	2.9781e-16	NaN	NaN	2.8547e-22	NaN	4.07864e-17
1081.52	6.70733e-16	NaN	NaN	2.91885e-22	NaN	5.32292e-17
1094.05	9.71887e-16	NaN	NaN	2.98304e-22	NaN	3.59241e-17
1106.74	3.86527e-16	NaN	NaN	3.04749e-22	NaN	5.2371e-17
1119.56	4.15397e-16	NaN	NaN	3.11642e-22	NaN	4.55924e-17
1132.54	4.52469e-16	NaN	NaN	3.18761e-22	NaN	3.91879e-17
1145.67	4.79272e-16	NaN	NaN	3.2618e-22	NaN	3.89012e-17
1158.95	4.12517e-16	NaN	NaN	3.33576e-22	NaN	4.11465e-17
1172.38	2.84284e-16	NaN	NaN	3.41101e-22	NaN	4.47405e-17
1185.97	3.37384e-16	NaN	NaN	3.48997e-22	NaN	4.28797e-17
1199.72	8.87895e-16	NaN	NaN	3.57192e-22	NaN	4.03838e-17
1213.62	7.81872e-16	NaN	NaN	3.6562e-22	NaN	4.33614e-17
1227.69	6.51878e-16	NaN	NaN	3.74236e-22	NaN	3.20009e-17
1241.92	4.51796e-16	NaN	NaN	3.83085e-22	NaN	3.37432e-17
1256.32	4.5326e-16	NaN	NaN	3.92236e-22	NaN	4.21921e-17
1270.88	5.18425e-16	NaN	NaN	4.01621e-22	NaN	4.34935e-17
1285.61	1.03347e-15	NaN	NaN	4.11207e-22	NaN	5.0317e-17
1300.51	1.20163e-15	NaN	NaN	4.21141e-22	NaN	4.64371e-17
1315.59	1.17671e-15	NaN	NaN	4.31357e-22	NaN	4.00604e-17
1330.83	1.29404e-15	NaN	NaN	4.41803e-22	NaN	4.15788e-17
1346.26	1.10392e-15	NaN	NaN	4.52663e-22	NaN	4.0635e-17
1361.87	1.33151e-15	NaN	NaN	4.63769e-22	NaN	4.39466e-17
1377.65	1.47742e-15	NaN	NaN	4.75188e-22	NaN	4.08325e-17
1393.62	2.56902e-15	NaN	NaN	4.86995e-22	NaN	7.48995e-17
1409.77	1.33985e-15	NaN	NaN	4.9907e-22	NaN	3.9902e-17
1426.11	6.68115e-16	NaN	NaN	5.11554e-22	NaN	3.82834e-17
1442.64	3.68926e-16	NaN	NaN	5.24392e-22	NaN	4.35315e-17
1459.37	2.22614e-16	NaN	NaN	5.37521e-22	NaN	3.85669e-17
1476.28	5.72838e-16	NaN	NaN	5.51169e-22	NaN	3.52479e-17
1493.39	3.32178e-16	NaN	NaN	5.65131e-22	NaN	3.78227e-17
1510.7	4.05533e-16	NaN	NaN	5.79488e-22	NaN	5.02515e-17
1528.21	2.33799e-16	NaN	NaN	5.94332e-22	NaN	3.90138e-17
1545.93	3.16551e-16	NaN	NaN	6.09513e-22	NaN	5.17092e-17
1563.85	3.44012e-16	NaN	NaN	6.25206e-22	NaN	3.95826e-17
1581.97	3.20987e-16	NaN	NaN	6.41346e-22	NaN	4.8157e-17
1600.31	2.0937e-16	NaN	NaN	6.57851e-22	NaN	5.04905e-17
1618.86	2.43349e-16	NaN	NaN	6.75013e-22	NaN	5.08415e-17
1637.62	1.76256e-16	NaN	NaN	6.92564e-22	NaN	6.28765e-17
1656.61	2.20676e-16	NaN	NaN	7.10606e-22	NaN	3.92883e-17
1675.81	1.81932e-16	NaN	NaN	7.29263e-22	NaN	4.37345e-17
1695.23	1.36441e-16	NaN	NaN	7.48343e-22	NaN	3.98695e-17
1714.88	2.354e-16	NaN	NaN	7.68066e-22	NaN	4.32897e-17
1734.76	6.79883e-16	NaN	NaN	7.88349e-22	NaN	4.85517e-17
1754.87	3.20529e-16	NaN	NaN	8.09087e-22	NaN	5.15743e-17
1775.21	3.02827e-16	NaN	NaN	8.30643e-22	NaN	3.79633e-17
1795.78	2.57973e-16	NaN	NaN	8.52689e-22	NaN	4.08247e-17
1816.6	7.1116e-16	NaN	NaN	8.75351e-22	NaN	5.58969e-17
1837.66	3.70181e-16	NaN	NaN	8.98777e-22	NaN	5.03074e-17
1858.96	2.81483e-16	NaN	NaN	9.2273e-22	NaN	5.54705e-17
1880.5	2.91442e-16	NaN	NaN	9.47484e-22	NaN	4.09802e-17
1902.3	3.35677e-16	NaN	NaN	9.72935e-22	NaN	4.20902e-17
1924.35	2.22749e-16	NaN	NaN	9.98957e-22	NaN	3.88795e-17
1946.66	1.50736e-16	NaN	NaN	1.02599e-21	NaN	4.41275e-17
1969.22	1.87842e-16	NaN	NaN	1.05363e-21	NaN	4.75981e-17
1992.05	2.1575e-16	NaN	NaN	1.08204e-21	NaN	5.59559e-17
2015.14	2.00006e-16	NaN	NaN	1.1114e-21	NaN	4.15473e-17
2038.49	1.61879e-16	NaN	NaN	1.14141e-21	NaN	4.8367e-17
2062.12	2.21305e-16	NaN	NaN	1.17242e-21	NaN	5.14754e-17
2086.02	2.38195e-16	NaN	NaN	1.20429e-21	NaN	3.7334e-17
2110.2	1.58367e-16	NaN	NaN	1.23686e-21	NaN	5.53225e-17
2134.66	6.85513e-16	NaN	NaN	1.27069e-21	NaN	5.27304e-17
2159.41	3.8945e-16	NaN	NaN	1.30526e-21	NaN	4.64045e-17
2184.44	1.21508e-16	NaN	NaN	1.34079e-21	NaN	3.90087e-17
2209.76	1.37555e-16	NaN	NaN	1.37748e-21	NaN	7.83468e-17
2235.37	1.78285e-16	NaN	NaN	1.41499e-21	NaN	4.81228e-17
2261.28	3.18313e-16	NaN	NaN	1.45371e-21	NaN	5.38038e-17
2287.49	1.36704e-16	NaN	NaN	1.4935e-21	NaN	5.07641e-17
2314.01	1.77132e-16	NaN	NaN	1.53415e-21	NaN	4.77166e-17
2340.83	1.82553e-16	NaN	NaN	1.57634e-21	NaN	6.30889e-17
2367.96	1.21549e-16	NaN	NaN	1.61946e-21	NaN	5.24848e-17
2395.41	1.01357e-16	NaN	NaN	1.66374e-21	NaN	4.68859e-17
2423.17	8.08301e-17	NaN	NaN	1.70944e-21	NaN	6.18402e-17
2451.26	9.18569e-17	NaN	NaN	1.75614e-21	NaN	7.05781e-17
2479.67	7.08386e-17	NaN	NaN	1.80434e-21	NaN	6.25092e-17
2508.42	2.13767e-16	NaN	NaN	1.85383e-21	NaN	5.80295e-17
2537.49	1.66869e-16	NaN	NaN	1.90439e-21	NaN	4.05143e-17
2566.9	1.0565e-16	NaN	NaN	1.95681e-21	NaN	4.89058e-17
2596.66	6.44818e-17	NaN	NaN	2.01036e-21	NaN	5.08024e-17
2626.75	1.10767e-16	NaN	NaN	2.06533e-21	NaN	4.86366e-17
2657.2	7.46514e-17	NaN	NaN	2.12204e-21	NaN	4.78717e-17
2688	9.44829e-17	NaN	NaN	2.17996e-21	NaN	3.47883e-17
2719.16	1.40529e-16	NaN	NaN	2.2397e-21	NaN	5.29993e-17
2750.68	9.47332e-17	NaN	NaN	2.301e-21	NaN	4.27839e-17
2782.56	1.12538e-16	NaN	NaN	2.36361e-21	NaN	5.00187e-17
2814.81	1.1371e-16	NaN	NaN	2.42847e-21	NaN	6.13415e-17
2847.44	5.97816e-17	NaN	NaN	2.4947e-21	NaN	5.44441e-17
2880.44	7.89835e-17	NaN	NaN	2.56266e-21	NaN	5.66525e-17
2913.83	7.14266e-17	NaN	NaN	2.6327e-21	NaN	7.27623e-16
2947.61	6.11235e-17	NaN	NaN	2.70422e-21	NaN	5.54809e-17
2981.77	5.23967e-17	NaN	NaN	2.77792e-21	NaN	5.03857e-17
3016.33	7.21275e-17	NaN	NaN	2.85352e-21	NaN	4.83412e-17
3051.3	6.74022e-17	NaN	NaN	2.93069e-21	NaN	5.84335e-17
3086.66	5.12325e-17	NaN	NaN	3.01056e-21	NaN	5.52259e-17
3122.44	6.0223e-17	NaN	NaN	3.0921e-21	NaN	5.2808e-17
3158.64	8.75783e-17	NaN	NaN	3.1757e-21	NaN	3.79775e-17
3195.25	2.91424e-17	NaN	NaN	3.26181e-21	NaN	4.29576e-17
3232.28	5.18271e-17	NaN	NaN	3.34969e-21	NaN	2.94406e-17
3269.75	6.91515e-17	NaN	NaN	3.44019e-21	NaN	4.47337e-17
3307.65	6.77798e-17	NaN	NaN	3.53296e-21	NaN	4.57342e-17
3345.99	4.97981e-17	NaN	NaN	3.62764e-21	NaN	4.53796e-17
3384.77	4.49015e-17	NaN	NaN	3.72552e-21	NaN	4.83607e-17
3424.01	5.39845e-17	NaN	NaN	3.82541e-21	NaN	3.31883e-17
3463.69	8.21526e-17	NaN	NaN	3.92777e-21	NaN	3.95413e-17
3503.84	1.32755e-16	NaN	NaN	4.03312e-21	NaN	5.67648e-17
3544.46	4.20371e-17	NaN	NaN	4.1406e-21	NaN	3.51485e-17
3585.54	9.31803e-17	NaN	NaN	4.25118e-21	NaN	4.95125e-17
3627.1	5.85729e-17	NaN	NaN	4.36448e-21	NaN	6.41947e-17
3669.14	5.93469e-17	NaN	NaN	4.48005e-21	NaN	5.36264e-17
3711.67	4.60425e-17	NaN	NaN	4.59944e-21	NaN	4.02282e-17
3754.69	5.09111e-17	NaN	NaN	4.72122e-21	NaN	4.62654e-17
3798.22	5.41404e-17	NaN	NaN	4.84594e-21	NaN	3.44085e-17
3842.24	3.28829e-17	NaN	NaN	4.9742e-21	NaN	5.20393e-17
3886.78	3.06685e-17	NaN	NaN	5.105e-21	NaN	4.40005e-17
3931.83	3.57389e-17	NaN	NaN	5.23949e-21	NaN	3.45109e-17
3977.4	4.53575e-17	NaN	NaN	5.3772e-21	NaN	3.14565e-17
4023.51	4.79833e-17	NaN	NaN	5.51763e-21	NaN	2.4035e-17
4070.14	4.08799e-17	NaN	NaN	5.66254e-21	NaN	3.89486e-17
4117.32	4.81914e-17	NaN	NaN	5.81031e-21	NaN	3.41469e-17
4165.04	4.61441e-17	NaN	NaN	5.96157e-21	NaN	3.41605e-17
4213.32	3.82254e-17	NaN	NaN	6.11701e-21	NaN	3.5652e-17
4262.16	3.55391e-17	NaN	NaN	6.27548e-21	NaN	4.22407e-17
4311.56	3.54118e-17	NaN	NaN	6.43829e-21	NaN	5.50814e-17
4361.54	5.04329e-17	NaN	NaN	6.60491e-21	NaN	3.85466e-17
4412.09	3.7888e-17	NaN	NaN	6.77475e-21	NaN	3.54286e-17
4463.23	3.65953e-17	NaN	NaN	6.94988e-21	NaN	3.10497e-17
4514.97	3.48295e-17	NaN	NaN	7.12839e-21	NaN	3.63267e-17
4567.3	4.73804e-17	NaN	NaN	7.31102e-21	NaN	3.52668e-17
4620.24	3.80286e-17	NaN	NaN	7.49857e-21	NaN	3.26312e-17
4673.8	3.7979e-17	NaN	NaN	7.68971e-21	NaN	3.8671e-17
4727.97	3.29307e-17	NaN	NaN	7.88595e-21	NaN	3.42606e-17
4782.77	3.44345e-17	NaN	NaN	8.08669e-21	NaN	4.67995e-17
4838.21	3.73234e-17	NaN	NaN	8.29125e-21	NaN	3.57156e-17
4894.29	4.99406e-16	NaN	NaN	8.50199e-21	NaN	5.71165e-17
4951.02	4.49801e-17	NaN	NaN	8.71674e-21	NaN	4.83234e-17
5008.41	5.76998e-17	NaN	NaN	8.93633e-21	NaN	4.78692e-17
5066.46	2.96766e-17	NaN	NaN	9.16169e-21	NaN	4.55782e-17
5125.19	6.49777e-17	NaN	NaN	9.3913e-21	NaN	3.57819e-16
5184.59	5.19765e-17	NaN	NaN	9.62688e-21	NaN	6.69718e-17
5244.69	3.58442e-17	NaN	NaN	9.86775e-21	NaN	1.28374e-16
5305.48	5.4601e-17	NaN	NaN	1.01131e-20	NaN	5.45758e-17
5366.98	5.11037e-17	NaN	NaN	1.03657e-20	NaN	6.07057e-17
5429.19	3.95669e-17	NaN	NaN	1.0623e-20	NaN	3.93007e-17
5492.12	2.73132e-17	NaN	NaN	1.0886e-20	NaN	4.54061e-17
5555.78	3.61266e-17	NaN	NaN	1.11557e-20	NaN	5.56137e-17
5620.17	3.58091e-17	NaN	NaN	1.14304e-20	NaN	2.83959e-17
5685.32	1.87401e-17	NaN	NaN	1.17121e-20	NaN	3.11384e-17
5751.22	2.06228e-17	NaN	NaN	1.2e-20	NaN	2.48876e-17
5817.88	1.85456e-17	NaN	NaN	1.22931e-20	NaN	2.20655e-17
5885.32	1.16349e-17	NaN	NaN	1.25947e-20	NaN	1.685e-17
5953.53	1.02813e-17	NaN	NaN	1.29017e-20	NaN	2.32366e-17
6022.54	1.14813e-17	NaN	NaN	1.32154e-20	NaN	1.37815e-17
6092.35	5.31856e-18	NaN	NaN	1.35369e-20	NaN	1.2996e-17
6162.97	8.24009e-18	NaN	NaN	1.38643e-20	NaN	8.05517e-18
6234.4	5.56351e-18	NaN	NaN	1.41998e-20	NaN	8.37025e-18
6306.67	5.29666e-18	NaN	NaN	1.45424e-20	NaN	7.77994e-18
6379.77	3.40384e-18	NaN	NaN	1.48912e-20	NaN	6.77556e-18
6453.72	4.15171e-18	NaN	NaN	1.52496e-20	NaN	6.30677e-18
6528.52	2.69176e-18	NaN	NaN	1.56145e-20	NaN	7.8897e-18
6604.19	2.87053e-18	NaN	NaN	1.59871e-20	NaN	5.20117e-18
6680.74	1.8511e-18	NaN	NaN	1.63687e-20	NaN	4.10018e-18
6758.18	1.73126e-18	NaN	NaN	1.67571e-20	NaN	5.30859e-18
6836.52	1.6571e-18	NaN	NaN	1.71547e-20	NaN	2.82242e-18
6915.76	1.26398e-18	NaN	NaN	1.75606e-20	NaN	2.14553e-18
6995.92	5.19238e-18	NaN	NaN	1.79737e-20	NaN	7.44757e-18
7077.01	7.56355e-19	NaN	NaN	1.83978e-20	NaN	NaN
7159.04	6.19089e-19	NaN	NaN	1.88293e-20	NaN	NaN
7242.02	5.89462e-19	NaN	NaN	1.92696e-20	NaN	NaN
7325.97	3.98761e-19	NaN	NaN	1.97202e-20	NaN	NaN
7410.88	3.82644e-19	NaN	NaN	2.01786e-20	NaN	NaN
7496.78	2.91433e-19	NaN	NaN	2.06475e-20	NaN	NaN
7583.68	2.13596e-19	NaN	NaN	2.11258e-20	NaN	NaN
7671.58	1.89071e-19	NaN	NaN	2.16124e-20	NaN	NaN
7760.5	1.23372e-19	NaN	NaN	2.21113e-20	NaN	NaN
7850.46	4.81548e-20	NaN	NaN	2.26186e-20	NaN	NaN
7941.45	4.16112e-20	NaN	NaN	2.3136e-20	NaN	NaN
8033.5	2.94816e-20	NaN	NaN	2.36648e-20	NaN	NaN
8126.62	1.11638e-20	NaN	NaN	2.42025e-20	NaN	NaN
8220.82	NaN	NaN	NaN	2.47519e-20	NaN	NaN
8316.1	NaN	NaN	NaN	2.53119e-20	NaN	NaN
8412.5	NaN	NaN	NaN	2.58812e-20	NaN	NaN
8510.01	NaN	NaN	NaN	2.64641e-20	NaN	NaN
8608.65	NaN	NaN	NaN	2.70565e-20	NaN	NaN
8708.43	NaN	NaN	NaN	2.76601e-20	NaN	NaN
8809.37	NaN	NaN	NaN	2.82762e-20	NaN	NaN
8911.48	NaN	NaN	NaN	2.89024e-20	NaN	NaN
9014.78	NaN	NaN	NaN	2.95414e-20	NaN	NaN
9119.27	NaN	NaN	NaN	3.0192e-20	NaN	NaN
9224.97	NaN	NaN	NaN	3.0853e-20	NaN	NaN
9331.9	NaN	NaN	NaN	3.15287e-20	NaN	NaN
9440.06	NaN	NaN	NaN	3.22149e-20	NaN	NaN
9549.49	NaN	NaN	NaN	3.29133e-20	NaN	NaN
9660.17	NaN	NaN	NaN	3.36254e-20	NaN	NaN
9772.15	NaN	NaN	NaN	3.43484e-20	NaN	NaN
9885.42	NaN	NaN	NaN	3.50852e-20	NaN	NaN
10000	NaN	NaN	NaN	3.58347e-20	NaN	NaN
