0.0000e+00 2.8805e+01
3.9062e-03 2.8726e+01
7.8125e-03 1.9757e+01
1.1719e-02 6.4394e+00
1.5625e-02 2.0809e+00
1.9531e-02 2.7305e+00
2.3438e-02 2.4669e+00
2.7344e-02 2.2512e+00
3.1250e-02 1.6285e+00
3.5156e-02 9.4225e-01
3.9062e-02 1.0504e+00
4.2969e-02 1.1699e+00
4.6875e-02 1.1117e+00
5.0781e-02 1.1712e+00
5.4688e-02 8.5534e-01
5.8594e-02 4.2769e-01
6.2500e-02 4.4792e-01
6.6406e-02 9.5643e-01
7.0312e-02 9.6099e-01
7.4219e-02 8.5547e-01
7.8125e-02 8.4503e-01
8.2031e-02 6.6756e-01
8.5938e-02 5.6721e-01
8.9844e-02 5.4867e-01
9.3750e-02 6.0255e-01
9.7656e-02 8.1499e-01
1.0156e-01 7.7412e-01
1.0547e-01 5.2678e-01
1.0938e-01 3.5632e-01
1.1328e-01 4.3474e-01
1.1719e-01 5.2410e-01
1.2109e-01 5.0105e-01
1.2500e-01 5.0690e-01
1.2891e-01 5.6222e-01
1.3281e-01 8.9803e-01
1.3672e-01 1.1205e+00
1.4062e-01 1.1059e+00
1.4453e-01 1.1441e+00
1.4844e-01 1.0024e+00
1.5234e-01 9.0972e-01
1.5625e-01 8.5274e-01
1.6016e-01 7.0894e-01
1.6406e-01 7.1521e-01
1.6797e-01 8.8019e-01
1.7188e-01 1.0390e+00
1.7578e-01 9.7287e-01
1.7969e-01 1.0205e+00
1.8359e-01 9.8059e-01
1.8750e-01 8.8714e-01
1.9141e-01 8.0318e-01
1.9531e-01 6.8380e-01
1.9922e-01 6.1553e-01
2.0312e-01 4.7430e-01
2.0703e-01 3.0295e-01
2.1094e-01 3.1728e-01
2.1484e-01 4.0722e-01
2.1875e-01 5.6822e-01
2.2266e-01 6.9702e-01
2.2656e-01 9.2853e-01
2.3047e-01 9.4292e-01
2.3438e-01 9.4454e-01
2.3828e-01 9.4141e-01
2.4219e-01 9.1595e-01
2.4609e-01 1.0274e+00
2.5000e-01 1.3148e+00
2.5391e-01 1.4358e+00
2.5781e-01 1.3929e+00
2.6172e-01 1.2168e+00
2.6562e-01 8.5623e-01
2.6953e-01 6.3071e-01
2.7344e-01 7.1662e-01
2.7734e-01 9.7934e-01
2.8125e-01 1.2014e+00
2.8516e-01 1.3559e+00
2.8906e-01 1.4256e+00
2.9297e-01 1.3463e+00
2.9688e-01 1.2226e+00
3.0078e-01 1.0053e+00
3.0469e-01 7.9209e-01
3.0859e-01 7.0894e-01
3.1250e-01 9.0774e-01
3.1641e-01 1.0520e+00
3.2031e-01 1.1272e+00
3.2422e-01 1.0293e+00
3.2812e-01 9.4977e-01
3.3203e-01 9.8220e-01
3.3594e-01 1.1144e+00
3.3984e-01 1.2612e+00
3.4375e-01 1.2436e+00
3.4766e-01 1.0985e+00
3.5156e-01 9.8571e-01
3.5547e-01 9.3465e-01
3.5938e-01 7.8756e-01
3.6328e-01 6.7335e-01
3.6719e-01 6.7557e-01
3.7109e-01 6.4867e-01
3.7500e-01 8.7751e-01
3.7891e-01 1.0395e+00
3.8281e-01 1.0694e+00
3.8672e-01 9.9118e-01
3.9062e-01 9.0961e-01
3.9453e-01 1.0371e+00
3.9844e-01 1.0920e+00
4.0234e-01 1.0474e+00
4.0625e-01 7.7905e-01
4.1016e-01 6.8517e-01
4.1406e-01 6.7206e-01
4.1797e-01 6.9625e-01
4.2188e-01 7.8324e-01
4.2578e-01 1.0074e+00
4.2969e-01 1.0680e+00
4.3359e-01 1.0326e+00
4.3750e-01 9.6050e-01
4.4141e-01 8.3914e-01
4.4531e-01 7.4861e-01
4.4922e-01 5.2517e-01
4.5312e-01 3.7542e-01
4.5703e-01 2.7924e-01
4.6094e-01 4.7432e-01
4.6484e-01 6.5279e-01
4.6875e-01 7.2890e-01
4.7266e-01 7.8451e-01
4.7656e-01 9.3639e-01
4.8047e-01 9.6963e-01
4.8438e-01 1.0852e+00
4.8828e-01 1.0854e+00
4.9219e-01 9.3527e-01
4.9609e-01 8.7218e-01
5.0000e-01 8.1340e-01
5.0391e-01 5.8815e-01
5.0781e-01 4.7507e-01
5.1172e-01 5.0283e-01
5.1562e-01 5.6755e-01
5.1953e-01 6.4463e-01
5.2344e-01 7.3429e-01
5.2734e-01 6.3779e-01
5.3125e-01 5.7836e-01
5.3516e-01 5.1208e-01
5.3906e-01 5.4357e-01
5.4297e-01 7.3268e-01
5.4688e-01 7.3482e-01
5.5078e-01 7.9031e-01
5.5469e-01 9.8280e-01
5.5859e-01 9.9056e-01
5.6250e-01 8.1882e-01
5.6641e-01 6.9954e-01
5.7031e-01 5.0380e-01
5.7422e-01 5.8954e-01
5.7812e-01 7.5181e-01
5.8203e-01 8.8999e-01
5.8594e-01 8.3945e-01
5.8984e-01 6.5079e-01
5.9375e-01 4.3312e-01
5.9766e-01 5.6104e-01
6.0156e-01 8.7689e-01
6.0547e-01 9.3229e-01
6.0938e-01 9.1923e-01
6.1328e-01 9.8774e-01
6.1719e-01 1.0165e+00
6.2109e-01 9.4561e-01
6.2500e-01 9.3279e-01
6.2891e-01 9.3294e-01
6.3281e-01 9.2819e-01
6.3672e-01 7.7703e-01
6.4062e-01 4.9881e-01
6.4453e-01 5.2554e-01
6.4844e-01 7.0135e-01
6.5234e-01 8.5012e-01
6.5625e-01 9.5783e-01
6.6016e-01 1.2126e+00
6.6406e-01 1.2917e+00
6.6797e-01 1.2560e+00
6.7188e-01 1.0903e+00
6.7578e-01 9.5831e-01
6.7969e-01 9.7261e-01
6.8359e-01 9.1467e-01
6.8750e-01 8.0129e-01
6.9141e-01 4.6811e-01
6.9531e-01 6.7122e-01
6.9922e-01 9.1174e-01
7.0312e-01 9.9490e-01
7.0703e-01 1.0617e+00
7.1094e-01 1.0430e+00
7.1484e-01 1.0944e+00
7.1875e-01 1.1673e+00
7.2266e-01 1.0635e+00
7.2656e-01 8.5902e-01
7.3047e-01 6.8979e-01
7.3438e-01 7.5332e-01
7.3828e-01 7.2653e-01
7.4219e-01 6.1514e-01
7.4609e-01 5.9503e-01
7.5000e-01 5.7418e-01
7.5391e-01 6.1288e-01
7.5781e-01 6.2769e-01
7.6172e-01 5.8754e-01
7.6562e-01 5.8759e-01
7.6953e-01 5.4165e-01
7.7344e-01 7.4578e-01
7.7734e-01 8.9490e-01
7.8125e-01 9.4322e-01
7.8516e-01 7.7215e-01
7.8906e-01 5.3904e-01
7.9297e-01 6.0077e-01
7.9688e-01 8.2968e-01
8.0078e-01 8.8677e-01
8.0469e-01 8.3894e-01
8.0859e-01 7.6455e-01
8.1250e-01 8.7659e-01
8.1641e-01 9.8976e-01
8.2031e-01 8.8359e-01
8.2422e-01 6.0876e-01
8.2812e-01 3.4115e-01
8.3203e-01 4.7290e-01
8.3594e-01 4.5303e-01
8.3984e-01 6.5024e-01
8.4375e-01 9.6830e-01
8.4766e-01 1.1127e+00
8.5156e-01 1.2217e+00
8.5547e-01 1.1279e+00
8.5938e-01 9.0812e-01
8.6328e-01 8.7202e-01
8.6719e-01 1.0135e+00
8.7109e-01 1.0256e+00
8.7500e-01 1.0316e+00
8.7891e-01 8.8088e-01
8.8281e-01 7.1357e-01
8.8672e-01 6.6235e-01
8.9062e-01 5.6212e-01
8.9453e-01 5.7293e-01
8.9844e-01 6.8738e-01
9.0234e-01 7.7354e-01
9.0625e-01 7.3697e-01
9.1016e-01 4.9855e-01
9.1406e-01 5.5949e-01
9.1797e-01 8.2351e-01
9.2188e-01 8.7071e-01
9.2578e-01 7.7556e-01
9.2969e-01 8.7595e-01
9.3359e-01 9.2367e-01
9.3750e-01 7.7764e-01
9.4141e-01 7.0730e-01
9.4531e-01 6.4132e-01
9.4922e-01 6.6250e-01
9.5312e-01 6.6022e-01
9.5703e-01 6.3170e-01
9.6094e-01 7.3085e-01
9.6484e-01 8.8300e-01
9.6875e-01 1.0526e+00
9.7266e-01 1.1792e+00
9.7656e-01 1.0599e+00
9.8047e-01 1.0260e+00
9.8438e-01 1.0140e+00
9.8828e-01 7.7162e-01
9.9219e-01 5.8101e-01
9.9609e-01 9.0518e-01
1.0000e+00 1.2535e+00
1.0039e+00 1.4677e+00
1.0078e+00 1.1433e+00
1.0117e+00 8.1029e-01
1.0156e+00 9.7046e-01
1.0195e+00 1.1160e+00
1.0234e+00 1.1323e+00
1.0273e+00 1.0182e+00
1.0312e+00 9.1166e-01
1.0352e+00 8.8437e-01
1.0391e+00 8.1764e-01
1.0430e+00 6.0657e-01
1.0469e+00 3.6729e-01
1.0508e+00 3.9544e-01
1.0547e+00 4.9518e-01
1.0586e+00 4.8894e-01
1.0625e+00 4.7300e-01
1.0664e+00 4.1052e-01
1.0703e+00 5.1035e-01
1.0742e+00 5.1332e-01
1.0781e+00 5.5896e-01
1.0820e+00 5.1023e-01
1.0859e+00 5.3369e-01
1.0898e+00 5.8563e-01
1.0938e+00 6.5235e-01
1.0977e+00 7.1922e-01
1.1016e+00 6.1604e-01
1.1055e+00 4.3908e-01
1.1094e+00 2.8205e-01
1.1133e+00 5.5860e-01
1.1172e+00 6.1336e-01
1.1211e+00 5.5850e-01
1.1250e+00 5.1872e-01
1.1289e+00 6.0317e-01
1.1328e+00 7.2091e-01
1.1367e+00 7.1656e-01
1.1406e+00 7.0574e-01
1.1445e+00 5.6096e-01
1.1484e+00 5.2435e-01
1.1523e+00 5.0651e-01
1.1562e+00 4.3160e-01
1.1602e+00 3.9069e-01
1.1641e+00 6.2020e-01
1.1680e+00 8.9076e-01
1.1719e+00 9.6158e-01
1.1758e+00 7.8118e-01
1.1797e+00 4.8463e-01
1.1836e+00 5.4108e-01
1.1875e+00 8.4109e-01
1.1914e+00 1.1436e+00
1.1953e+00 1.2638e+00
1.1992e+00 1.1287e+00
1.2031e+00 9.5767e-01
1.2070e+00 8.5330e-01
1.2109e+00 7.8242e-01
1.2148e+00 6.5992e-01
1.2188e+00 5.5183e-01
1.2227e+00 4.4826e-01
1.2266e+00 6.5283e-01
1.2305e+00 8.5818e-01
1.2344e+00 8.6872e-01
1.2383e+00 7.2757e-01
1.2422e+00 7.7807e-01
1.2461e+00 6.1166e-01
1.2500e+00 5.1144e-01
1.2539e+00 6.9316e-01
1.2578e+00 7.2529e-01
1.2617e+00 6.8869e-01
1.2656e+00 6.2133e-01
1.2695e+00 5.5681e-01
1.2734e+00 5.9631e-01
1.2773e+00 6.7744e-01
1.2812e+00 7.2506e-01
1.2852e+00 6.1873e-01
1.2891e+00 4.4779e-01
1.2930e+00 6.2609e-01
1.2969e+00 8.4133e-01
1.3008e+00 9.0068e-01
1.3047e+00 9.1072e-01
1.3086e+00 7.7172e-01
1.3125e+00 1.0326e+00
1.3164e+00 1.2101e+00
1.3203e+00 1.2064e+00
1.3242e+00 1.0342e+00
1.3281e+00 7.8351e-01
1.3320e+00 5.9883e-01
1.3359e+00 7.1457e-01
1.3398e+00 7.2311e-01
1.3438e+00 7.1684e-01
1.3477e+00 5.9136e-01
1.3516e+00 5.1738e-01
1.3555e+00 6.5260e-01
1.3594e+00 8.0129e-01
1.3633e+00 7.9378e-01
1.3672e+00 6.9581e-01
1.3711e+00 5.2933e-01
1.3750e+00 6.4610e-01
1.3789e+00 8.3547e-01
1.3828e+00 8.0592e-01
1.3867e+00 4.7831e-01
1.3906e+00 4.2072e-01
1.3945e+00 4.6232e-01
1.3984e+00 4.6899e-01
1.4023e+00 4.6257e-01
1.4062e+00 7.1467e-01
1.4102e+00 9.3229e-01
1.4141e+00 1.1422e+00
1.4180e+00 1.3458e+00
1.4219e+00 1.3429e+00
1.4258e+00 1.2251e+00
1.4297e+00 9.7743e-01
1.4336e+00 7.0795e-01
1.4375e+00 6.4463e-01
1.4414e+00 9.2382e-01
1.4453e+00 1.1597e+00
1.4492e+00 1.2623e+00
1.4531e+00 1.1755e+00
1.4570e+00 9.9671e-01
1.4609e+00 7.6126e-01
1.4648e+00 6.6612e-01
1.4688e+00 6.7587e-01
1.4727e+00 7.7906e-01
1.4766e+00 7.9542e-01
1.4805e+00 6.8660e-01
1.4844e+00 5.5637e-01
1.4883e+00 5.9232e-01
1.4922e+00 5.6017e-01
1.4961e+00 5.6357e-01
1.5000e+00 7.4887e-01
1.5039e+00 8.3901e-01
1.5078e+00 7.2468e-01
1.5117e+00 6.2196e-01
1.5156e+00 5.0109e-01
1.5195e+00 3.4794e-01
1.5234e+00 4.1530e-01
1.5273e+00 3.0996e-01
1.5312e+00 2.9445e-01
1.5352e+00 3.6774e-01
1.5391e+00 6.2508e-01
1.5430e+00 8.1690e-01
1.5469e+00 7.4102e-01
1.5508e+00 6.5849e-01
1.5547e+00 6.3944e-01
1.5586e+00 6.1974e-01
1.5625e+00 6.4684e-01
1.5938e+00 5.9803e-01
1.6250e+00 6.3748e-01
1.6562e+00 6.0803e-01
1.6875e+00 5.7076e-01
1.7188e+00 5.5662e-01
1.7500e+00 6.1237e-01
1.7812e+00 5.6278e-01
1.8125e+00 4.9124e-01
1.8438e+00 4.3159e-01
1.8750e+00 5.9265e-01
1.9062e+00 1.4465e+00
1.9375e+00 2.6789e+00
1.9688e+00 3.2025e+00
2.0000e+00 3.2801e+00
2.0312e+00 3.0061e+00
2.0625e+00 1.8042e+00
2.0938e+00 6.8539e-01
2.1250e+00 3.9461e-01
2.1562e+00 4.4011e-01
2.1875e+00 4.1592e-01
2.2188e+00 4.0842e-01
2.2500e+00 3.0983e-01
2.2812e+00 2.6574e-01
2.3125e+00 3.1098e-01
2.3438e+00 3.5562e-01
2.3750e+00 4.1062e-01
2.4062e+00 4.4381e-01
2.4375e+00 4.2997e-01
2.4688e+00 4.9149e-01
2.5000e+00 5.7258e-01
2.5312e+00 5.3021e-01
2.5625e+00 3.9706e-01
2.5938e+00 3.6166e-01
2.6250e+00 3.8213e-01
2.6562e+00 4.2961e-01
2.6875e+00 4.5270e-01
2.7188e+00 4.4938e-01
2.7500e+00 5.0485e-01
2.7812e+00 4.6473e-01
2.8125e+00 4.6672e-01
2.8438e+00 5.1258e-01
2.8750e+00 5.1978e-01
2.9062e+00 5.2360e-01
2.9375e+00 5.3826e-01
2.9688e+00 5.2383e-01
3.0000e+00 5.2119e-01
3.0312e+00 4.7020e-01
3.0625e+00 3.9437e-01
3.0938e+00 3.9296e-01
3.1250e+00 4.0757e-01
3.1562e+00 4.0501e-01
3.1875e+00 3.8838e-01
3.2188e+00 3.6754e-01
3.2500e+00 3.0907e-01
3.2812e+00 2.4516e-01
3.3125e+00 2.2863e-01
3.3438e+00 2.6799e-01
3.3750e+00 3.5373e-01
3.4062e+00 4.4094e-01
3.4375e+00 5.3422e-01
3.4688e+00 6.2654e-01
3.5000e+00 6.5872e-01
3.5312e+00 6.4155e-01
3.5625e+00 5.5915e-01
3.5938e+00 4.5752e-01
3.6250e+00 4.1695e-01
3.6562e+00 4.4262e-01
3.6875e+00 4.6763e-01
3.7188e+00 5.4815e-01
3.7500e+00 5.9261e-01
3.7812e+00 5.6105e-01
3.8125e+00 5.3407e-01
3.8438e+00 5.0678e-01
3.8750e+00 8.1133e-01
3.9062e+00 1.5281e+00
3.9375e+00 1.9835e+00
3.9688e+00 2.1182e+00
4.0000e+00 1.9658e+00
4.0312e+00 1.4136e+00
4.0625e+00 7.5773e-01
4.0938e+00 4.7191e-01
4.1250e+00 4.3847e-01
4.1562e+00 4.0714e-01
4.1875e+00 4.0666e-01
4.2188e+00 3.6592e-01
4.2500e+00 3.0755e-01
4.2812e+00 3.1841e-01
4.3125e+00 3.6634e-01
4.3438e+00 3.6901e-01
4.3750e+00 4.1179e-01
4.4062e+00 4.4575e-01
4.4375e+00 4.1040e-01
4.4688e+00 3.9827e-01
4.5000e+00 3.6696e-01
4.5312e+00 3.8108e-01
4.5625e+00 4.0646e-01
4.5938e+00 4.1245e-01
4.6250e+00 3.9935e-01
4.6562e+00 3.9654e-01
4.6875e+00 4.7003e-01
4.7188e+00 5.9949e-01
4.7500e+00 7.2433e-01
4.7812e+00 7.0192e-01
4.8125e+00 6.3973e-01
4.8438e+00 5.7001e-01
4.8750e+00 4.3158e-01
4.9062e+00 3.7687e-01
4.9375e+00 3.5081e-01
4.9688e+00 3.3102e-01
5.0000e+00 3.0958e-01
5.0312e+00 2.4365e-01
5.0625e+00 2.2220e-01
5.0938e+00 3.0301e-01
5.1250e+00 3.5539e-01
5.1562e+00 3.6037e-01
5.1875e+00 3.6028e-01
5.2188e+00 3.3559e-01
5.2500e+00 3.1264e-01
5.2812e+00 3.1592e-01
5.3125e+00 3.3657e-01
5.3438e+00 2.9721e-01
5.3750e+00 2.7118e-01
5.4062e+00 2.6525e-01
5.4375e+00 2.6161e-01
5.4688e+00 2.6553e-01
5.5000e+00 2.5859e-01
5.5312e+00 2.7027e-01
5.5625e+00 3.0201e-01
5.5938e+00 3.1753e-01
5.6250e+00 3.4165e-01
5.6562e+00 4.1286e-01
5.6875e+00 4.9426e-01
5.7188e+00 5.7906e-01
5.7500e+00 6.0462e-01
5.7812e+00 5.1100e-01
5.8125e+00 4.1580e-01
5.8438e+00 3.8188e-01
5.8750e+00 5.6721e-01
5.9062e+00 8.5854e-01
5.9375e+00 1.0062e+00
5.9688e+00 1.0508e+00
6.0000e+00 8.9241e-01
6.0312e+00 6.0498e-01
6.0625e+00 4.2486e-01
6.0938e+00 4.1523e-01
6.1250e+00 3.9169e-01
6.1562e+00 3.6193e-01
6.1875e+00 3.5310e-01
6.2188e+00 3.2083e-01
6.2500e+00 3.4079e-01
6.2812e+00 3.6516e-01
6.3125e+00 3.2975e-01
6.3438e+00 2.6538e-01
6.3750e+00 2.2696e-01
6.4062e+00 2.6304e-01
6.4375e+00 3.3637e-01
6.4688e+00 3.6155e-01
6.5000e+00 3.7286e-01
6.5312e+00 3.6946e-01
6.5625e+00 3.9689e-01
6.5938e+00 4.2233e-01
6.6250e+00 4.3848e-01
6.6562e+00 4.0361e-01
6.6875e+00 3.5108e-01
6.7188e+00 3.1177e-01
6.7500e+00 2.6755e-01
6.7812e+00 2.0759e-01
6.8125e+00 2.5952e-01
6.8438e+00 3.2854e-01
6.8750e+00 3.5237e-01
6.9062e+00 3.5483e-01
6.9375e+00 3.0024e-01
6.9688e+00 2.4028e-01
7.0000e+00 2.3446e-01
7.0312e+00 2.4479e-01
7.0625e+00 2.4853e-01
7.0938e+00 2.6599e-01
7.1250e+00 2.6750e-01
7.1562e+00 2.4855e-01
7.1875e+00 2.5224e-01
7.2188e+00 2.6689e-01
7.2500e+00 2.7642e-01
7.2812e+00 3.1858e-01
7.3125e+00 3.2750e-01
7.3438e+00 3.1127e-01
7.3750e+00 2.9925e-01
7.4062e+00 2.7266e-01
7.4375e+00 2.5591e-01
7.4688e+00 2.6102e-01
7.5000e+00 2.4419e-01
7.5312e+00 3.1406e-01
7.5625e+00 3.5404e-01
7.5938e+00 3.8533e-01
7.6250e+00 3.7042e-01
7.6562e+00 2.7812e-01
7.6875e+00 2.3507e-01
7.7188e+00 2.5682e-01
7.7500e+00 2.7204e-01
7.7812e+00 2.5994e-01
7.8125e+00 2.5524e-01
7.8438e+00 3.0324e-01
7.8750e+00 3.5903e-01
7.9062e+00 3.6333e-01
7.9375e+00 3.6537e-01
7.9688e+00 3.8304e-01
8.0000e+00 3.3788e-01
8.0312e+00 3.0113e-01
8.0625e+00 2.3599e-01
8.0938e+00 1.9603e-01
8.1250e+00 2.2702e-01
8.1562e+00 2.5039e-01
8.1875e+00 2.3399e-01
8.2188e+00 2.6051e-01
8.2500e+00 2.9932e-01
8.2812e+00 3.1230e-01
8.3125e+00 2.8291e-01
8.3438e+00 2.1844e-01
8.3750e+00 1.7256e-01
8.4062e+00 2.0848e-01
8.4375e+00 2.5953e-01
8.4688e+00 3.3987e-01
8.5000e+00 4.2989e-01
8.5312e+00 5.0779e-01
8.5625e+00 4.6676e-01
8.5938e+00 3.6429e-01
8.6250e+00 2.8234e-01
8.6562e+00 2.0503e-01
8.6875e+00 1.8124e-01
8.7188e+00 1.7145e-01
8.7500e+00 1.9524e-01
8.7812e+00 2.1799e-01
8.8125e+00 2.2700e-01
8.8438e+00 2.6174e-01
8.8750e+00 2.8299e-01
8.9062e+00 3.1881e-01
8.9375e+00 2.9583e-01
8.9688e+00 2.4136e-01
9.0000e+00 2.1866e-01
9.0312e+00 2.0003e-01
9.0625e+00 2.0706e-01
9.0938e+00 2.2405e-01
9.1250e+00 2.3501e-01
9.1562e+00 2.2273e-01
9.1875e+00 2.0505e-01
9.2188e+00 2.2702e-01
9.2500e+00 2.6689e-01
9.2812e+00 2.7612e-01
9.3125e+00 2.4679e-01
9.3438e+00 2.2028e-01
9.3750e+00 2.1792e-01
9.4062e+00 2.3239e-01
9.4375e+00 2.5466e-01
9.4688e+00 3.0096e-01
9.5000e+00 3.5739e-01
9.5312e+00 3.8074e-01
9.5625e+00 3.5362e-01
9.5938e+00 3.2213e-01
9.6250e+00 2.6979e-01
9.6562e+00 1.9592e-01
9.6875e+00 2.4603e-01
9.7188e+00 4.5890e-01
9.7500e+00 5.5166e-01
9.7812e+00 5.7362e-01
9.8125e+00 5.1107e-01
9.8438e+00 3.0888e-01
9.8750e+00 2.5324e-01
9.9062e+00 3.0097e-01
9.9375e+00 3.5777e-01
9.9688e+00 3.4919e-01
1.0000e+01 3.1932e-01
1.0031e+01 3.1262e-01
1.0062e+01 3.5141e-01
1.0094e+01 3.9057e-01
1.0125e+01 4.0865e-01
1.0156e+01 3.3473e-01
1.0188e+01 2.5082e-01
1.0219e+01 2.1827e-01
1.0250e+01 2.0589e-01
1.0281e+01 2.2918e-01
1.0312e+01 2.4223e-01
1.0344e+01 2.4036e-01
1.0375e+01 2.3262e-01
1.0406e+01 2.1534e-01
1.0438e+01 2.2288e-01
1.0469e+01 2.1746e-01
1.0500e+01 1.9882e-01
1.0531e+01 1.9419e-01
1.0562e+01 1.6433e-01
1.0594e+01 1.5171e-01
1.0625e+01 1.7574e-01
1.0656e+01 2.0837e-01
1.0688e+01 2.2571e-01
1.0719e+01 2.1140e-01
1.0750e+01 2.1962e-01
1.0781e+01 2.1517e-01
1.0812e+01 2.0010e-01
1.0844e+01 2.5943e-01
1.0875e+01 3.5219e-01
1.0906e+01 3.7516e-01
1.0938e+01 3.5985e-01
1.0969e+01 3.3862e-01
1.1000e+01 2.8180e-01
1.1031e+01 2.1086e-01
1.1062e+01 1.5123e-01
1.1094e+01 1.8245e-01
1.1125e+01 1.8374e-01
1.1156e+01 1.9439e-01
1.1188e+01 2.1856e-01
1.1219e+01 2.1573e-01
1.1250e+01 2.3093e-01
1.1281e+01 2.2927e-01
1.1312e+01 2.4154e-01
1.1344e+01 2.8945e-01
1.1375e+01 3.3160e-01
1.1406e+01 3.3466e-01
1.1438e+01 2.9315e-01
1.1469e+01 2.6909e-01
1.1500e+01 2.5897e-01
1.1531e+01 2.1897e-01
1.1562e+01 2.0548e-01
1.1594e+01 1.9068e-01
1.1625e+01 1.8208e-01
1.1656e+01 2.1247e-01
1.1688e+01 2.7800e-01
1.1719e+01 2.7332e-01
1.1750e+01 2.3502e-01
1.1781e+01 1.9892e-01
1.1812e+01 2.4582e-01
1.1844e+01 3.2098e-01
1.1875e+01 3.4769e-01
1.1906e+01 3.9273e-01
1.1938e+01 4.0034e-01
1.1969e+01 3.4648e-01
1.2000e+01 3.3361e-01
1.2031e+01 3.6003e-01
1.2062e+01 3.5378e-01
1.2094e+01 3.4655e-01
1.2125e+01 3.2368e-01
1.2156e+01 2.5726e-01
1.2188e+01 2.5147e-01
1.2219e+01 2.5395e-01
1.2250e+01 2.5334e-01
1.2281e+01 2.8717e-01
1.2312e+01 3.1492e-01
1.2344e+01 3.4556e-01
1.2375e+01 2.9184e-01
1.2406e+01 2.1355e-01
1.2438e+01 1.5858e-01
1.2469e+01 1.6382e-01
1.2500e+01 2.3342e-01
1.2750e+01 1.9420e-01
1.3000e+01 1.8684e-01
1.3250e+01 1.5495e-01
1.3500e+01 1.4790e-01
1.3750e+01 1.9463e-01
1.4000e+01 2.3205e-01
1.4250e+01 2.4078e-01
1.4500e+01 2.2163e-01
1.4750e+01 1.9136e-01
1.5000e+01 1.7507e-01
1.5250e+01 1.6632e-01
1.5500e+01 1.5438e-01
1.5750e+01 1.4390e-01
1.6000e+01 1.4153e-01
1.6250e+01 1.4985e-01
1.6500e+01 1.4903e-01
1.6750e+01 1.5061e-01
1.7000e+01 1.4869e-01
1.7250e+01 1.5844e-01
1.7500e+01 1.6417e-01
1.7750e+01 1.6995e-01
1.8000e+01 1.5352e-01
1.8250e+01 1.4140e-01
1.8500e+01 1.3742e-01
1.8750e+01 1.4754e-01
1.9000e+01 1.7892e-01
1.9250e+01 2.3035e-01
1.9500e+01 2.3509e-01
1.9750e+01 2.9839e-01
2.0000e+01 5.9536e-01
2.0250e+01 8.1712e-01
2.0500e+01 8.6267e-01
2.0750e+01 8.2008e-01
2.1000e+01 5.3949e-01
2.1250e+01 2.5588e-01
2.1500e+01 2.2908e-01
2.1750e+01 2.5630e-01
2.2000e+01 2.8032e-01
2.2250e+01 2.6320e-01
2.2500e+01 2.1005e-01
2.2750e+01 1.8072e-01
2.3000e+01 1.8664e-01
2.3250e+01 1.8288e-01
2.3500e+01 1.8081e-01
2.3750e+01 1.8115e-01
2.4000e+01 1.7279e-01
2.4250e+01 1.6866e-01
2.4500e+01 1.7687e-01
2.4750e+01 1.7251e-01
2.5000e+01 1.7147e-01
2.5250e+01 1.7956e-01
2.5500e+01 1.8710e-01
2.5750e+01 1.7446e-01
2.6000e+01 1.4753e-01
2.6250e+01 1.2298e-01
2.6500e+01 1.3496e-01
2.6750e+01 1.8515e-01
2.7000e+01 2.2969e-01
2.7250e+01 2.3936e-01
2.7500e+01 2.4696e-01
2.7750e+01 2.3796e-01
2.8000e+01 2.0984e-01
2.8250e+01 1.6819e-01
2.8500e+01 1.5238e-01
2.8750e+01 2.0277e-01
2.9000e+01 2.3656e-01
2.9250e+01 2.3451e-01
2.9500e+01 2.3946e-01
2.9750e+01 2.1673e-01
3.0000e+01 1.6483e-01
3.0250e+01 1.4240e-01
3.0500e+01 1.3365e-01
3.0750e+01 1.2490e-01
3.1000e+01 1.1724e-01
3.1250e+01 1.2805e-01
3.1500e+01 1.4185e-01
3.1750e+01 1.5045e-01
3.2000e+01 1.4657e-01
3.2250e+01 1.3756e-01
3.2500e+01 1.3779e-01
3.2750e+01 1.6161e-01
3.3000e+01 1.7467e-01
3.3250e+01 1.6612e-01
3.3500e+01 1.4602e-01
3.3750e+01 1.2937e-01
3.4000e+01 1.4556e-01
3.4250e+01 1.6263e-01
3.4500e+01 1.7186e-01
3.4750e+01 1.5589e-01
3.5000e+01 1.5140e-01
3.5250e+01 1.5809e-01
3.5500e+01 1.6370e-01
3.5750e+01 1.5679e-01
3.6000e+01 1.4621e-01
3.6250e+01 1.4427e-01
3.6500e+01 1.5190e-01
3.6750e+01 1.5924e-01
3.7000e+01 1.4762e-01
3.7250e+01 1.3473e-01
3.7500e+01 1.2142e-01
3.7750e+01 1.2484e-01
3.8000e+01 1.5031e-01
3.8250e+01 1.6025e-01
3.8500e+01 1.7637e-01
3.8750e+01 2.0564e-01
3.9000e+01 2.1174e-01
3.9250e+01 1.9619e-01
3.9500e+01 1.7933e-01
3.9750e+01 1.7199e-01
4.0000e+01 2.0231e-01
4.0250e+01 2.5876e-01
4.0500e+01 4.6283e-01
4.0750e+01 6.3796e-01
4.1000e+01 6.6780e-01
4.1250e+01 6.2950e-01
4.1500e+01 4.2778e-01
4.1750e+01 1.9444e-01
4.2000e+01 1.5536e-01
4.2250e+01 1.6306e-01
4.2500e+01 1.7570e-01
4.2750e+01 1.7688e-01
4.3000e+01 1.7188e-01
4.3250e+01 1.7692e-01
4.3500e+01 1.6929e-01
4.3750e+01 1.6612e-01
4.4000e+01 1.5894e-01
4.4250e+01 1.4818e-01
4.4500e+01 1.3472e-01
4.4750e+01 1.2901e-01
4.5000e+01 1.2377e-01
4.5250e+01 1.1745e-01
4.5500e+01 1.1819e-01
4.5750e+01 1.2323e-01
4.6000e+01 1.4289e-01
4.6250e+01 1.5462e-01
4.6500e+01 1.6031e-01
4.6750e+01 1.5162e-01
4.7000e+01 1.3018e-01
4.7250e+01 1.1155e-01
4.7500e+01 1.3631e-01
4.7750e+01 1.7147e-01
4.8000e+01 1.8220e-01
4.8250e+01 1.9192e-01
4.8500e+01 2.1696e-01
4.8750e+01 2.1682e-01
4.9000e+01 2.0260e-01
4.9250e+01 1.7861e-01
4.9500e+01 1.5439e-01
4.9750e+01 1.4859e-01
5.0000e+01 1.6003e-01
5.0250e+01 1.6454e-01
5.0500e+01 1.4670e-01
5.0750e+01 1.3762e-01
5.1000e+01 1.4808e-01
5.1250e+01 1.5101e-01
5.1500e+01 1.5239e-01
5.1750e+01 1.6575e-01
5.2000e+01 1.8570e-01
5.2250e+01 1.9133e-01
5.2500e+01 1.6604e-01
5.2750e+01 1.3937e-01
5.3000e+01 1.3218e-01
5.3250e+01 1.1965e-01
5.3500e+01 1.1850e-01
5.3750e+01 1.3111e-01
5.4000e+01 2.1291e-01
5.4250e+01 2.9253e-01
5.4500e+01 3.1205e-01
5.4750e+01 3.3570e-01
5.5000e+01 2.8330e-01
5.5250e+01 1.8815e-01
5.5500e+01 1.6022e-01
5.5750e+01 1.5142e-01
5.6000e+01 1.3287e-01
5.6250e+01 1.1229e-01
5.6500e+01 1.1107e-01
5.6750e+01 1.2617e-01
5.7000e+01 1.3620e-01
5.7250e+01 1.3402e-01
5.7500e+01 1.2532e-01
5.7750e+01 1.3182e-01
5.8000e+01 1.2692e-01
5.8250e+01 1.3940e-01
5.8500e+01 1.5514e-01
5.8750e+01 1.6162e-01
5.9000e+01 2.6600e-01
5.9250e+01 1.5855e+00
5.9500e+01 4.1768e+00
5.9750e+01 5.5242e+00
6.0000e+01 5.5606e+00
6.0250e+01 5.2100e+00
6.0500e+01 3.0902e+00
6.0750e+01 8.2048e-01
6.1000e+01 4.2008e-01
6.1250e+01 5.4391e-01
6.1500e+01 5.5340e-01
6.1750e+01 5.0871e-01
6.2000e+01 3.3568e-01
6.2250e+01 1.8329e-01
6.2500e+01 1.5361e-01
6.2750e+01 1.3993e-01
6.3000e+01 1.3012e-01
6.3250e+01 1.4498e-01
6.3500e+01 1.5862e-01
6.3750e+01 1.6149e-01
6.4000e+01 1.7455e-01
6.4250e+01 1.5952e-01
6.4500e+01 1.2944e-01
6.4750e+01 1.2076e-01
6.5000e+01 1.1639e-01
6.5250e+01 1.2123e-01
6.5500e+01 1.3331e-01
6.5750e+01 1.3635e-01
6.6000e+01 1.2344e-01
6.6250e+01 1.1061e-01
6.6500e+01 1.2133e-01
6.6750e+01 1.4594e-01
6.7000e+01 1.5488e-01
6.7250e+01 1.6827e-01
6.7500e+01 1.7875e-01
6.7750e+01 2.0906e-01
6.8000e+01 2.5352e-01
6.8250e+01 2.5741e-01
6.8500e+01 2.3181e-01
6.8750e+01 1.8972e-01
6.9000e+01 1.4234e-01
6.9250e+01 1.3126e-01
6.9500e+01 1.4338e-01
6.9750e+01 1.5230e-01
7.0000e+01 1.3981e-01
7.0250e+01 1.3023e-01
7.0500e+01 1.5017e-01
7.0750e+01 1.5017e-01
7.1000e+01 1.3405e-01
7.1250e+01 1.2554e-01
7.1500e+01 1.3720e-01
7.1750e+01 1.3316e-01
7.2000e+01 1.2732e-01
7.2250e+01 1.0887e-01
7.2500e+01 8.8455e-02
7.2750e+01 1.0220e-01
7.3000e+01 1.2929e-01
7.3250e+01 1.5695e-01
7.3500e+01 1.6210e-01
7.3750e+01 1.4887e-01
7.4000e+01 1.3440e-01
7.4250e+01 1.2523e-01
7.4500e+01 1.1183e-01
7.4750e+01 9.0772e-02
7.5000e+01 8.0231e-02
7.5250e+01 8.3630e-02
7.5500e+01 9.9756e-02
7.5750e+01 1.0667e-01
7.6000e+01 1.2390e-01
7.6250e+01 1.4210e-01
7.6500e+01 1.5663e-01
7.6750e+01 1.5843e-01
7.7000e+01 1.4490e-01
7.7250e+01 1.1848e-01
7.7500e+01 1.0174e-01
7.7750e+01 1.6448e-01
7.8000e+01 1.8563e-01
7.8250e+01 2.0168e-01
7.8500e+01 1.8956e-01
7.8750e+01 1.5435e-01
7.9000e+01 1.6332e-01
7.9250e+01 1.8314e-01
7.9500e+01 1.9009e-01
7.9750e+01 1.7021e-01
8.0000e+01 1.4870e-01
8.0250e+01 1.4242e-01
8.0500e+01 1.4227e-01
8.0750e+01 1.3480e-01
8.1000e+01 1.2840e-01
8.1250e+01 1.6108e-01
8.1500e+01 2.9686e-01
8.1750e+01 3.9621e-01
8.2000e+01 4.1633e-01
8.2250e+01 3.8343e-01
8.2500e+01 2.5761e-01
8.2750e+01 1.6546e-01
8.3000e+01 1.6077e-01
8.3250e+01 1.6810e-01
8.3500e+01 1.8023e-01
8.3750e+01 1.7389e-01
8.4000e+01 1.4145e-01
8.4250e+01 1.1692e-01
8.4500e+01 1.0424e-01
8.4750e+01 1.0741e-01
8.5000e+01 1.1983e-01
8.5250e+01 1.2860e-01
8.5500e+01 1.4006e-01
8.5750e+01 1.7000e-01
8.6000e+01 1.8460e-01
8.6250e+01 1.7893e-01
8.6500e+01 1.4847e-01
8.6750e+01 1.1989e-01
8.7000e+01 1.1165e-01
8.7250e+01 1.4862e-01
8.7500e+01 2.0981e-01
8.7750e+01 2.3771e-01
8.8000e+01 2.3489e-01
8.8250e+01 1.9359e-01
8.8500e+01 1.3579e-01
8.8750e+01 1.1018e-01
8.9000e+01 1.0583e-01
8.9250e+01 1.1850e-01
8.9500e+01 1.3130e-01
8.9750e+01 1.1716e-01
9.0000e+01 1.1000e-01
9.0250e+01 1.2442e-01
9.0500e+01 1.3973e-01
9.0750e+01 1.3900e-01
9.1000e+01 1.1809e-01
9.1250e+01 1.0228e-01
9.1500e+01 1.2060e-01
9.1750e+01 1.4067e-01
9.2000e+01 1.4208e-01
9.2250e+01 1.3655e-01
9.2500e+01 1.3189e-01
9.2750e+01 1.1843e-01
9.3000e+01 1.0880e-01
9.3250e+01 1.0800e-01
9.3500e+01 1.1877e-01
9.3750e+01 1.3468e-01
9.4000e+01 1.4870e-01
9.4250e+01 1.6376e-01
9.4500e+01 1.6748e-01
9.4750e+01 1.5483e-01
9.5000e+01 1.4082e-01
9.5250e+01 1.3672e-01
9.5500e+01 1.2697e-01
9.5750e+01 1.2980e-01
9.6000e+01 1.3690e-01
9.6250e+01 1.4191e-01
9.6500e+01 1.4644e-01
9.6750e+01 1.5208e-01
9.7000e+01 1.6041e-01
9.7250e+01 1.9934e-01
9.7500e+01 2.1984e-01
9.7750e+01 2.1260e-01
9.8000e+01 1.9661e-01
9.8250e+01 1.5928e-01
9.8500e+01 1.4151e-01
9.8750e+01 1.3832e-01
9.9000e+01 1.3078e-01
9.9250e+01 1.8021e-01
9.9500e+01 2.4062e-01
9.9750e+01 2.6437e-01
1.0000e+02 2.6912e-01
1.0400e+02 1.7502e-01
1.0800e+02 1.8030e-01
1.1200e+02 2.2860e-01
1.1600e+02 2.8763e-01
1.2000e+02 3.1825e-01
1.2400e+02 3.4018e-01
1.2800e+02 2.8992e-01
1.3200e+02 2.1993e-01
1.3600e+02 1.9528e-01
1.4000e+02 1.7889e-01
1.4400e+02 2.0149e-01
1.4800e+02 3.3343e-01
1.5200e+02 4.4740e-01
1.5600e+02 5.4801e-01
1.6000e+02 5.8951e-01
1.6400e+02 5.8468e-01
1.6800e+02 6.8195e-01
1.7200e+02 1.1221e+00
1.7600e+02 1.4756e+00
1.8000e+02 1.4894e+00
1.8400e+02 1.4635e+00
1.8800e+02 1.0720e+00
1.9200e+02 4.6829e-01
1.9600e+02 2.4866e-01
2.0000e+02 2.1762e-01
2.0400e+02 2.1404e-01
2.0800e+02 2.0558e-01
2.1200e+02 1.8107e-01
2.1600e+02 1.6764e-01
2.2000e+02 1.6086e-01
2.2400e+02 1.4443e-01
2.2800e+02 1.5386e-01
2.3200e+02 1.8393e-01
2.3600e+02 2.1390e-01
2.4000e+02 2.1837e-01
2.4400e+02 2.0621e-01
2.4800e+02 1.8193e-01
2.5200e+02 1.6707e-01
2.5600e+02 1.6785e-01
2.6000e+02 1.6457e-01
2.6400e+02 1.4495e-01
2.6800e+02 1.5932e-01
2.7200e+02 1.7862e-01
2.7600e+02 1.7865e-01
2.8000e+02 1.8002e-01
2.8400e+02 1.6834e-01
2.8800e+02 2.1729e-01
2.9200e+02 5.4188e-01
2.9600e+02 8.4731e-01
3.0000e+02 9.2914e-01
3.0400e+02 9.3261e-01
3.0800e+02 6.8370e-01
3.1200e+02 3.2068e-01
3.1600e+02 2.3613e-01
3.2000e+02 2.6234e-01
3.2400e+02 2.8023e-01
3.2800e+02 2.9589e-01
3.3200e+02 3.0208e-01
3.3600e+02 3.2522e-01
3.4000e+02 3.3477e-01
3.4400e+02 3.1298e-01
3.4800e+02 2.7105e-01
3.5200e+02 2.5349e-01
3.5600e+02 2.6392e-01
3.6000e+02 2.7819e-01
3.6400e+02 2.8167e-01
3.6800e+02 2.9114e-01
3.7200e+02 3.0470e-01
3.7600e+02 2.9820e-01
3.8000e+02 2.6723e-01
3.8400e+02 2.4261e-01
3.8800e+02 2.0420e-01
3.9200e+02 1.6852e-01
3.9600e+02 1.5911e-01
4.0000e+02 1.4628e-01
4.0400e+02 1.3564e-01
4.0800e+02 1.4834e-01
4.1200e+02 2.4583e-01
4.1600e+02 3.4863e-01
4.2000e+02 3.4927e-01
4.2400e+02 3.1900e-01
4.2800e+02 2.1961e-01
4.3200e+02 1.2602e-01
4.3600e+02 1.3707e-01
4.4000e+02 1.1449e-01
4.4400e+02 9.7500e-02
4.4800e+02 9.6966e-02
4.5200e+02 1.1728e-01
4.5600e+02 1.2538e-01
4.6000e+02 1.3494e-01
4.6400e+02 1.4418e-01
4.6800e+02 1.5275e-01
4.7200e+02 1.8362e-01
4.7600e+02 1.8881e-01
4.8000e+02 1.8368e-01
4.8400e+02 1.8217e-01
4.8800e+02 1.7999e-01
4.9200e+02 1.7195e-01
4.9600e+02 1.6066e-01
5.0000e+02 1.5652e-01
5.0400e+02 1.6363e-01
5.0800e+02 1.6103e-01
5.1200e+02 1.5102e-01
5.1600e+02 1.4009e-01
5.2000e+02 1.5216e-01
5.2400e+02 1.6404e-01
5.2800e+02 1.5510e-01
5.3200e+02 2.1301e-01
5.3600e+02 3.0799e-01
5.4000e+02 3.4330e-01
5.4400e+02 3.4705e-01
5.4800e+02 2.8193e-01
5.5200e+02 1.8295e-01
5.5600e+02 1.5123e-01
5.6000e+02 1.4878e-01
5.6400e+02 1.4140e-01
5.6800e+02 1.2173e-01
5.7200e+02 1.0673e-01
5.7600e+02 9.8418e-02
5.8000e+02 1.1090e-01
5.8400e+02 1.2490e-01
5.8800e+02 1.3384e-01
5.9200e+02 1.3962e-01
5.9600e+02 1.4159e-01
6.0000e+02 1.4409e-01
6.0400e+02 1.3981e-01
6.0800e+02 1.2496e-01
6.1200e+02 1.1263e-01
6.1600e+02 1.1307e-01
6.2000e+02 1.1220e-01
6.2400e+02 1.0564e-01
6.2800e+02 1.0365e-01
6.3200e+02 1.1151e-01
6.3600e+02 1.2726e-01
6.4000e+02 1.4743e-01
6.4400e+02 1.5351e-01
6.4800e+02 1.4564e-01
6.5200e+02 1.4822e-01
6.5600e+02 1.7251e-01
6.6000e+02 1.7661e-01
6.6400e+02 1.8899e-01
6.6800e+02 1.6269e-01
6.7200e+02 1.1780e-01
6.7600e+02 1.2062e-01
6.8000e+02 1.3376e-01
6.8400e+02 1.4288e-01
6.8800e+02 1.3873e-01
6.9200e+02 1.3321e-01
6.9600e+02 1.2183e-01
7.0000e+02 1.0430e-01
7.0400e+02 9.2936e-02
7.0800e+02 9.3264e-02
7.1200e+02 9.1969e-02
7.1600e+02 9.1341e-02
7.2000e+02 1.0903e-01
7.2400e+02 1.2767e-01
7.2800e+02 1.3506e-01
7.3200e+02 1.2295e-01
7.3600e+02 1.0788e-01
7.4000e+02 1.1213e-01
7.4400e+02 1.2030e-01
7.4800e+02 1.1505e-01
7.5200e+02 1.1123e-01
7.5600e+02 1.2725e-01
7.6000e+02 1.4729e-01
7.6400e+02 1.4476e-01
7.6800e+02 1.1131e-01
7.7200e+02 1.6138e-01
7.7600e+02 2.7897e-01
7.8000e+02 3.0761e-01
7.8400e+02 3.0637e-01
7.8800e+02 2.3379e-01
7.9200e+02 1.3126e-01
7.9600e+02 1.1668e-01
8.0000e+02 1.1516e-01
8.0400e+02 1.1181e-01
8.0800e+02 1.0086e-01
8.1200e+02 9.8860e-02
8.1600e+02 1.0284e-01
8.2000e+02 1.0935e-01
8.2400e+02 1.2033e-01
8.2800e+02 1.3187e-01
8.3200e+02 1.3611e-01
8.3600e+02 1.3195e-01
8.4000e+02 1.2532e-01
8.4400e+02 1.1198e-01
8.4800e+02 9.9450e-02
8.5200e+02 1.0559e-01
8.5600e+02 1.1266e-01
8.6000e+02 1.2163e-01
8.6400e+02 1.2432e-01
8.6800e+02 1.1782e-01
8.7200e+02 1.1494e-01
8.7600e+02 1.1099e-01
8.8000e+02 1.2325e-01
8.8400e+02 1.4154e-01
8.8800e+02 1.4336e-01
8.9200e+02 1.4423e-01
8.9600e+02 1.7402e-01
9.0000e+02 1.7918e-01
9.0400e+02 1.7557e-01
9.0800e+02 1.4869e-01
9.1200e+02 1.1499e-01
9.1600e+02 1.1259e-01
9.2000e+02 1.1414e-01
9.2400e+02 9.6466e-02
9.2800e+02 8.6607e-02
9.3200e+02 9.1876e-02
9.3600e+02 9.6963e-02
9.4000e+02 1.0210e-01
9.4400e+02 9.7612e-02
9.4800e+02 1.0270e-01
9.5200e+02 1.0842e-01
9.5600e+02 1.0729e-01
9.6000e+02 1.0477e-01
9.6400e+02 9.4081e-02
9.6800e+02 8.3453e-02
9.7200e+02 8.1859e-02
9.7600e+02 8.8757e-02
9.8000e+02 9.7097e-02
9.8400e+02 9.0683e-02
9.8800e+02 8.7197e-02
9.9200e+02 8.0548e-02
9.9600e+02 7.8784e-02
1.0000e+03 8.0754e-02
1.0040e+03 8.5934e-02
1.0080e+03 8.8097e-02
1.0120e+03 8.9179e-02
1.0160e+03 9.4714e-02
1.0200e+03 1.0569e-01
1.0240e+03 1.1046e-01
1.0280e+03 9.7766e-02
1.0320e+03 8.2775e-02
1.0360e+03 8.3150e-02
1.0400e+03 9.6435e-02
1.0440e+03 1.0321e-01
1.0480e+03 1.0735e-01
1.0520e+03 1.1458e-01
1.0560e+03 1.1552e-01
1.0600e+03 1.0836e-01
1.0640e+03 9.1155e-02
1.0680e+03 7.6059e-02
1.0720e+03 6.5963e-02
1.0760e+03 6.9535e-02
1.0800e+03 8.3383e-02
1.0840e+03 8.7121e-02
1.0880e+03 8.4823e-02
1.0920e+03 9.0828e-02
1.0960e+03 8.9686e-02
1.1000e+03 7.1206e-02
1.1040e+03 7.0675e-02
1.1080e+03 1.1587e-01
1.1120e+03 1.4565e-01
1.1160e+03 1.4889e-01
1.1200e+03 1.3231e-01
1.1240e+03 9.3682e-02
1.1280e+03 7.8235e-02
1.1320e+03 1.1268e-01
1.1360e+03 1.7867e-01
1.1400e+03 1.9804e-01
1.1440e+03 2.0254e-01
1.1480e+03 1.6302e-01
1.1520e+03 9.3392e-02
1.1560e+03 7.4442e-02
1.1600e+03 7.6221e-02
1.1640e+03 7.5844e-02
1.1680e+03 7.1353e-02
1.1720e+03 7.1821e-02
1.1760e+03 8.0413e-02
1.1800e+03 9.9288e-02
1.1840e+03 1.1320e-01
1.1880e+03 1.1861e-01
1.1920e+03 1.2225e-01
1.1960e+03 1.2144e-01
1.2000e+03 1.0424e-01
1.2040e+03 8.7703e-02
1.2080e+03 8.0017e-02
1.2120e+03 7.6945e-02
1.2160e+03 7.7242e-02
1.2200e+03 7.5380e-02
1.2240e+03 6.3784e-02
1.2280e+03 6.0170e-02
1.2320e+03 7.6690e-02
1.2360e+03 9.2787e-02
1.2400e+03 1.0129e-01
1.2440e+03 9.7501e-02
1.2480e+03 1.0240e-01
1.2520e+03 1.5677e-01
1.2560e+03 2.1059e-01
1.2600e+03 2.1385e-01
1.2640e+03 2.1680e-01
1.2680e+03 1.8088e-01
1.2720e+03 1.0656e-01
1.2760e+03 7.3578e-02
1.2800e+03 6.9376e-02
1.2840e+03 7.9626e-02
1.2880e+03 9.2607e-02
1.2920e+03 1.0030e-01
1.2960e+03 9.2385e-02
1.3000e+03 7.9160e-02
1.3040e+03 8.1796e-02
1.3080e+03 8.3576e-02
1.3120e+03 8.0149e-02
1.3160e+03 8.4885e-02
1.3200e+03 9.1988e-02
1.3240e+03 9.8995e-02
1.3280e+03 1.0259e-01
1.3320e+03 9.9711e-02
1.3360e+03 9.4355e-02
1.3400e+03 8.4049e-02
1.3440e+03 6.3620e-02
1.3480e+03 4.5884e-02
1.3520e+03 5.0637e-02
1.3560e+03 6.4105e-02
1.3600e+03 7.6755e-02
1.3640e+03 7.4455e-02
1.3680e+03 6.4111e-02
1.3720e+03 6.4159e-02
1.3760e+03 8.8543e-02
1.3800e+03 1.0629e-01
1.3840e+03 1.1549e-01
1.3880e+03 1.1262e-01
1.3920e+03 8.9937e-02
1.3960e+03 7.4778e-02
1.4000e+03 6.5957e-02
1.4040e+03 7.0085e-02
1.4080e+03 7.2422e-02
1.4120e+03 7.7585e-02
1.4160e+03 8.0778e-02
1.4200e+03 8.1277e-02
1.4240e+03 8.4040e-02
1.4280e+03 8.6855e-02
1.4320e+03 9.3883e-02
1.4360e+03 9.1809e-02
1.4400e+03 8.4408e-02
1.4440e+03 8.2269e-02
1.4480e+03 8.5165e-02
1.4520e+03 8.7706e-02
1.4560e+03 8.4270e-02
1.4600e+03 7.6694e-02
1.4640e+03 7.1084e-02
1.4680e+03 7.8618e-02
1.4720e+03 8.8755e-02
1.4760e+03 9.5106e-02
1.4800e+03 9.5057e-02
1.4840e+03 9.4543e-02
1.4880e+03 9.4351e-02
1.4920e+03 9.6554e-02
1.4960e+03 1.0954e-01
1.5000e+03 1.1258e-01
1.5040e+03 1.1492e-01
1.5080e+03 1.1855e-01
1.5120e+03 1.0451e-01
1.5160e+03 9.3457e-02
1.5200e+03 8.9647e-02
1.5240e+03 9.0948e-02
1.5280e+03 8.8562e-02
1.5320e+03 8.9710e-02
1.5360e+03 9.6230e-02
1.5400e+03 9.5947e-02
1.5440e+03 9.4240e-02
1.5480e+03 9.2419e-02
1.5520e+03 9.3585e-02
1.5560e+03 9.3438e-02
1.5600e+03 9.4108e-02
1.5640e+03 9.7814e-02
1.5680e+03 9.8916e-02
1.5720e+03 9.7456e-02
1.5760e+03 9.1622e-02
1.5800e+03 8.2809e-02
1.5840e+03 7.6743e-02
1.5880e+03 7.5490e-02
1.5920e+03 7.0186e-02
1.5960e+03 6.4138e-02
1.6000e+03 7.1239e-02
1.6640e+03 6.9723e-02
1.7920e+03 7.5815e-02
1.9200e+03 8.6421e-02
2.0480e+03 8.6003e-02
2.1760e+03 7.7717e-02
2.3040e+03 6.9335e-02
2.4320e+03 6.3104e-02
2.5600e+03 6.3908e-02
2.6880e+03 5.8202e-02
2.8160e+03 5.4341e-02
2.9440e+03 5.4463e-02
3.0720e+03 5.8764e-02
3.2000e+03 6.1932e-02
3.3280e+03 6.4500e-02
3.4560e+03 7.4252e-02
3.5840e+03 8.1216e-02
3.7120e+03 7.5640e-02
3.8400e+03 6.4150e-02
3.9680e+03 6.1464e-02
4.0960e+03 6.5922e-02
4.2240e+03 6.8315e-02
4.3520e+03 6.6664e-02
4.4800e+03 6.4877e-02
4.6080e+03 5.9268e-02
4.7360e+03 4.9082e-02
4.8640e+03 4.5579e-02
4.9920e+03 4.8596e-02
5.1200e+03 4.6248e-02
5.2480e+03 4.8780e-02
5.3760e+03 5.2780e-02
5.5040e+03 5.4126e-02
5.6320e+03 5.8510e-02
5.7600e+03 6.0974e-02
5.8880e+03 6.2438e-02
6.0160e+03 5.5931e-02
6.1440e+03 4.8800e-02
6.2720e+03 6.1256e-02
6.4000e+03 8.1981e-02
6.5280e+03 8.9347e-02
6.6560e+03 8.3112e-02
6.7840e+03 6.8292e-02
6.9120e+03 5.4765e-02
7.0400e+03 4.4584e-02
7.1680e+03 4.2332e-02
7.2960e+03 4.5809e-02
7.4240e+03 4.9412e-02
7.5520e+03 5.4505e-02
7.6800e+03 5.6309e-02
7.8080e+03 6.4336e-02
7.9360e+03 6.9447e-02
8.0640e+03 6.8498e-02
8.1920e+03 5.9941e-02
8.3200e+03 5.3529e-02
8.4480e+03 5.4696e-02
8.5760e+03 5.7094e-02
8.7040e+03 5.3359e-02
8.8320e+03 4.2319e-02
8.9600e+03 3.7116e-02
9.0880e+03 3.5959e-02
9.2160e+03 3.7391e-02
9.3440e+03 3.7129e-02
9.4720e+03 4.0749e-02
9.6000e+03 4.9759e-02
9.7280e+03 5.3379e-02
9.8560e+03 5.0058e-02
9.9840e+03 4.0939e-02
1.0112e+04 3.6080e-02
1.0240e+04 4.4519e-02
1.0368e+04 4.8354e-02
1.0496e+04 4.7892e-02
1.0624e+04 4.5655e-02
1.0752e+04 4.5526e-02
1.0880e+04 5.0596e-02
1.1008e+04 5.3577e-02
1.1136e+04 5.7737e-02
1.1264e+04 6.4603e-02
1.1392e+04 7.1785e-02
1.1520e+04 7.1055e-02
1.1648e+04 6.3874e-02
1.1776e+04 6.2944e-02
1.1904e+04 6.7635e-02
1.2032e+04 7.4019e-02
1.2160e+04 6.8713e-02
1.2288e+04 5.0810e-02
1.2416e+04 4.0479e-02
1.2544e+04 4.3895e-02
1.2672e+04 4.7412e-02
1.2800e+04 4.7355e-02
1.2928e+04 5.4887e-02
1.3056e+04 6.2875e-02
1.3184e+04 6.2896e-02
1.3312e+04 6.0806e-02
1.3440e+04 5.5842e-02
1.3568e+04 5.5366e-02
1.3696e+04 6.2274e-02
1.3824e+04 6.9801e-02
1.3952e+04 7.5660e-02
1.4080e+04 7.8576e-02
1.4208e+04 7.5314e-02
1.4336e+04 7.0285e-02
1.4464e+04 6.3977e-02
1.4592e+04 5.6189e-02
1.4720e+04 5.1465e-02
1.4848e+04 4.8221e-02
1.4976e+04 5.0774e-02
1.5104e+04 5.6413e-02
1.5232e+04 6.5870e-02
1.5360e+04 7.3164e-02
1.5488e+04 6.9527e-02
1.5616e+04 6.3717e-02
1.5744e+04 6.2157e-02
1.5872e+04 6.2309e-02
1.6000e+04 6.4964e-02
1.6128e+04 6.5807e-02
1.6256e+04 6.0319e-02
1.6384e+04 5.4594e-02
1.6512e+04 5.7376e-02
1.6640e+04 8.6514e-02
1.6768e+04 1.0614e-01
1.6896e+04 1.0031e-01
1.7024e+04 8.8581e-02
1.7152e+04 7.1197e-02
1.7280e+04 6.4339e-02
1.7408e+04 6.3738e-02
1.7536e+04 6.9085e-02
1.7664e+04 7.1611e-02
1.7792e+04 6.9218e-02
1.7920e+04 6.4149e-02
1.8048e+04 6.0838e-02
1.8176e+04 5.8664e-02
1.8304e+04 5.8357e-02
1.8432e+04 6.0620e-02
1.8560e+04 6.2074e-02
1.8688e+04 6.1151e-02
1.8816e+04 5.4280e-02
1.8944e+04 5.2025e-02
1.9072e+04 5.4219e-02
1.9200e+04 5.1946e-02
1.9328e+04 4.9646e-02
1.9456e+04 5.3676e-02
1.9584e+04 6.7031e-02
1.9712e+04 7.4633e-02
1.9840e+04 7.1900e-02
1.9968e+04 6.8978e-02
2.0096e+04 6.3986e-02
2.0224e+04 5.6742e-02
2.0352e+04 5.0131e-02
2.0480e+04 5.0816e-02
2.0608e+04 5.3852e-02
2.0736e+04 5.5341e-02
2.0864e+04 5.3466e-02
2.0992e+04 4.9889e-02
2.1120e+04 5.0164e-02
2.1248e+04 5.3702e-02
2.1376e+04 5.8759e-02
2.1504e+04 5.7417e-02
2.1632e+04 5.4625e-02
2.1760e+04 5.4694e-02
2.1888e+04 5.1408e-02
2.2016e+04 5.1263e-02
2.2144e+04 4.5895e-02
2.2272e+04 4.0043e-02
2.2400e+04 4.5799e-02
2.2528e+04 6.0880e-02
2.2656e+04 7.1770e-02
2.2784e+04 7.6258e-02
2.2912e+04 8.2361e-02
2.3040e+04 7.9876e-02
2.3168e+04 6.8308e-02
2.3296e+04 5.9233e-02
2.3424e+04 5.7907e-02
2.3552e+04 5.7148e-02
2.3680e+04 6.0492e-02
2.3808e+04 6.4184e-02
2.3936e+04 6.9305e-02
2.4064e+04 7.3110e-02
2.4192e+04 6.7983e-02
2.4320e+04 5.7591e-02
2.4448e+04 5.1056e-02
2.4576e+04 5.5215e-02
2.4704e+04 6.2597e-02
2.4832e+04 7.2588e-02
2.4960e+04 7.7726e-02
2.5088e+04 7.3257e-02
2.5216e+04 5.9184e-02
2.5344e+04 4.6044e-02
2.5472e+04 4.7835e-02
2.5600e+04 5.4084e-02
2.5728e+04 5.3444e-02
2.5856e+04 5.5668e-02
2.5984e+04 6.1878e-02
2.6112e+04 6.5206e-02
2.6240e+04 6.5079e-02
2.6368e+04 6.2106e-02
2.6496e+04 6.3355e-02
2.6624e+04 6.2900e-02
2.6752e+04 6.4741e-02
2.6880e+04 6.6045e-02
2.7008e+04 6.4294e-02
2.7136e+04 6.0549e-02
2.7264e+04 5.8801e-02
2.7392e+04 5.8331e-02
2.7520e+04 5.9760e-02
2.7648e+04 6.0487e-02
2.7776e+04 6.5260e-02
2.7904e+04 6.5927e-02
2.8032e+04 5.7414e-02
2.8160e+04 4.6365e-02
2.8288e+04 4.3403e-02
2.8416e+04 5.6112e-02
2.8544e+04 6.5430e-02
2.8672e+04 6.5001e-02
2.8800e+04 5.9988e-02
2.8928e+04 6.0188e-02
2.9056e+04 6.4855e-02
2.9184e+04 6.3173e-02
2.9312e+04 5.9628e-02
2.9440e+04 6.0806e-02
2.9568e+04 5.6920e-02
2.9696e+04 5.6156e-02
2.9824e+04 6.3540e-02
2.9952e+04 6.7887e-02
3.0080e+04 7.1962e-02
3.0208e+04 7.4824e-02
3.0336e+04 7.9380e-02
3.0464e+04 8.4110e-02
3.0592e+04 8.5285e-02
3.0720e+04 8.4225e-02
3.0848e+04 7.5175e-02
3.0976e+04 6.7662e-02
3.1104e+04 6.3772e-02
3.1232e+04 6.6763e-02
3.1360e+04 7.1493e-02
3.1488e+04 7.6432e-02
3.1616e+04 8.0991e-02
3.1744e+04 8.3879e-02
3.1872e+04 8.8381e-02
3.2000e+04 9.1768e-02
3.2128e+04 9.0886e-02
3.2256e+04 9.9023e-02
3.2384e+04 9.8634e-02
3.2512e+04 9.7221e-02
3.2640e+04 1.0254e-01
3.2768e+04 1.1187e-01
3.2896e+04 1.2716e-01
3.3024e+04 1.3614e-01
3.3152e+04 1.4949e-01
3.3280e+04 2.2715e-01
3.3408e+04 2.7789e-01
3.3536e+04 2.7211e-01
3.3664e+04 2.9240e-01
3.3792e+04 3.1414e-01
3.3920e+04 3.4727e-01
3.4048e+04 3.2691e-01
3.4176e+04 2.2369e-01
3.4304e+04 1.3690e-01
3.4432e+04 1.0067e-01
3.4560e+04 9.7372e-02
3.4688e+04 1.0896e-01
3.4816e+04 1.1103e-01
3.4944e+04 8.8080e-02
3.5072e+04 7.8422e-02
3.5200e+04 8.6093e-02
3.5328e+04 9.4322e-02
3.5456e+04 8.6523e-02
3.5584e+04 7.2484e-02
3.5712e+04 6.7763e-02
3.5840e+04 8.9081e-02
3.5968e+04 1.0362e-01
3.6096e+04 9.1081e-02
3.6224e+04 7.2217e-02
3.6352e+04 6.8424e-02
3.6480e+04 6.7066e-02
3.6608e+04 6.5011e-02
3.6736e+04 6.6437e-02
3.6864e+04 6.3565e-02
3.6992e+04 6.2268e-02
3.7120e+04 6.4399e-02
3.7248e+04 7.0476e-02
3.7376e+04 7.6301e-02
3.7504e+04 7.8104e-02
3.7632e+04 7.3048e-02
3.7760e+04 6.1169e-02
3.7888e+04 5.3911e-02
3.8016e+04 5.7068e-02
3.8144e+04 6.6220e-02
3.8272e+04 7.0039e-02
3.8400e+04 6.1196e-02
3.8528e+04 5.5762e-02
3.8656e+04 6.3348e-02
3.8784e+04 6.9580e-02
3.8912e+04 7.2273e-02
3.9040e+04 7.2486e-02
3.9168e+04 7.4696e-02
3.9296e+04 7.2135e-02
3.9424e+04 6.3963e-02
3.9552e+04 5.7044e-02
3.9680e+04 5.5353e-02
3.9808e+04 5.5895e-02
3.9936e+04 5.3281e-02
4.0064e+04 5.1128e-02
4.0192e+04 5.3013e-02
4.0320e+04 5.3232e-02
4.0448e+04 5.8050e-02
4.0576e+04 5.8911e-02
4.0704e+04 5.9580e-02
4.0832e+04 6.7435e-02
4.0960e+04 6.4586e-02
4.1088e+04 5.8973e-02
4.1216e+04 5.4567e-02
4.1344e+04 4.6950e-02
4.1472e+04 4.2293e-02
4.1600e+04 4.3733e-02
4.1728e+04 4.2890e-02
4.1856e+04 4.3596e-02
4.1984e+04 5.2958e-02
4.2112e+04 6.2329e-02
4.2240e+04 6.2516e-02
4.2368e+04 5.5565e-02
4.2496e+04 4.4478e-02
4.2624e+04 4.0238e-02
4.2752e+04 4.1594e-02
4.2880e+04 4.3977e-02
4.3008e+04 4.8839e-02
4.3136e+04 5.5602e-02
4.3264e+04 6.1203e-02
4.3392e+04 6.3868e-02
4.3520e+04 6.0426e-02
4.3648e+04 5.1788e-02
4.3776e+04 4.4260e-02
4.3904e+04 3.7407e-02
4.4032e+04 4.0040e-02
4.4160e+04 4.9224e-02
4.4288e+04 5.5342e-02
4.4416e+04 5.4604e-02
4.4544e+04 4.8957e-02
4.4672e+04 4.1173e-02
4.4800e+04 4.3272e-02
4.4928e+04 5.4398e-02
4.5056e+04 5.6890e-02
4.5184e+04 5.0669e-02
4.5312e+04 4.6865e-02
4.5440e+04 4.8251e-02
4.5568e+04 5.1965e-02
4.5696e+04 4.9685e-02
4.5824e+04 4.2637e-02
4.5952e+04 4.0306e-02
4.6080e+04 4.7203e-02
4.6208e+04 5.2380e-02
4.6336e+04 5.0160e-02
4.6464e+04 5.1508e-02
4.6592e+04 5.4879e-02
4.6720e+04 5.6770e-02
4.6848e+04 5.6167e-02
4.6976e+04 5.0175e-02
4.7104e+04 4.8881e-02
4.7232e+04 5.1841e-02
4.7360e+04 5.9781e-02
4.7488e+04 6.4741e-02
4.7616e+04 6.5351e-02
4.7744e+04 6.2857e-02
4.7872e+04 5.7244e-02
4.8000e+04 4.8439e-02
4.8128e+04 4.0360e-02
4.8256e+04 4.1185e-02
4.8384e+04 4.5341e-02
4.8512e+04 4.7098e-02
4.8640e+04 4.4663e-02
4.8768e+04 4.2207e-02
4.8896e+04 4.8730e-02
4.9024e+04 5.4676e-02
4.9152e+04 5.3012e-02
4.9280e+04 4.8235e-02
4.9408e+04 4.6822e-02
4.9536e+04 4.7901e-02
4.9664e+04 4.8307e-02
4.9792e+04 5.0365e-02
4.9920e+04 5.0711e-02
5.0048e+04 5.3612e-02
5.0176e+04 5.9348e-02
5.0304e+04 5.4903e-02
5.0432e+04 4.8223e-02
5.0560e+04 4.8394e-02
5.0688e+04 4.8536e-02
5.0816e+04 4.7741e-02
5.0944e+04 5.1849e-02
5.1072e+04 6.1086e-02
5.1200e+04 6.5546e-02
