#Mirror displacement noise requirements in [m/sqrt(Hz). The mirror vibration levels have to be below these values in order to keep the contribution of these noises to DARM below the target sensitivity by the safety factor 10.
#freq, SAS Noise,ETMX,ETMY,ITMX,ITMY,BS,PRM,SRM
1,7.775e-16,2.3873e-13,2.2802e-13,4.003e-12,1.1343e-13,1.3245e-13,1.1093e-12,1.0236e-13
1.0093,7.2126e-16,2.2125e-13,2.1172e-13,1.3935e-11,1.075e-13,1.2914e-13,1.1238e-12,9.9457e-14
1.0186,6.7359e-16,2.0644e-13,1.979e-13,7.4148e-12,1.0247e-13,1.2657e-13,1.144e-12,9.7157e-14
1.028,6.239e-16,1.9105e-13,1.8345e-13,2.8728e-12,9.6785e-14,1.2287e-13,1.1531e-12,9.4021e-14
1.0376,5.8201e-16,1.7808e-13,1.7126e-13,1.7281e-12,9.1994e-14,1.1998e-13,1.1686e-12,9.1535e-14
1.0472,5.3843e-16,1.6462e-13,1.5855e-13,1.1977e-12,8.665e-14,1.1605e-13,1.1728e-12,8.8287e-14
1.0569,5.0157e-16,1.5324e-13,1.478e-13,9.0225e-13,8.2124e-14,1.1291e-13,1.1836e-12,8.5663e-14
1.0667,4.6689e-16,1.4255e-13,1.3767e-13,7.1129e-13,7.7723e-14,1.0965e-13,1.1919e-12,8.298e-14
1.0765,4.343e-16,1.3252e-13,1.2814e-13,5.7794e-13,7.346e-14,1.0631e-13,1.1981e-12,8.0258e-14
1.0865,4.0378e-16,1.2313e-13,1.192e-13,4.7983e-13,6.9354e-14,1.0293e-13,1.2022e-12,7.7524e-14
1.0966,3.7509e-16,1.1432e-13,1.1079e-13,4.0467e-13,6.5387e-14,9.9491e-14,1.2041e-12,7.4766e-14
1.1067,3.4829e-16,1.0609e-13,1.0293e-13,3.4551e-13,6.1586e-14,9.6046e-14,1.2043e-12,7.2024e-14
1.117,3.2303e-16,9.8349e-14,9.5512e-14,2.9767e-13,5.791e-14,9.2542e-14,1.2019e-12,6.9255e-14
1.1273,2.9966e-16,9.1189e-14,8.8643e-14,2.5863e-13,5.4437e-14,8.9118e-14,1.1987e-12,6.6563e-14
1.1378,2.7954e-16,8.5026e-14,8.2727e-14,2.2752e-13,5.1435e-14,8.6243e-14,1.2011e-12,6.4296e-14
1.1483,2.5888e-16,7.8708e-14,7.6647e-14,1.9985e-13,4.8228e-14,8.2805e-14,1.194e-12,6.1623e-14
1.1589,2.4119e-16,7.3298e-14,7.1438e-14,1.7746e-13,4.5472e-14,7.9931e-14,1.1931e-12,5.9383e-14
1.1697,2.2469e-16,6.8256e-14,6.6577e-14,1.5822e-13,4.2854e-14,7.7107e-14,1.1913e-12,5.7191e-14
1.1805,2.0909e-16,6.3495e-14,6.198e-14,1.4144e-13,4.0329e-14,7.4263e-14,1.1875e-12,5.4995e-14
1.1915,1.9314e-16,5.8629e-14,5.7272e-14,1.259e-13,3.7658e-14,7.0956e-14,1.1742e-12,5.2467e-14
1.2025,1.7959e-16,5.4495e-14,5.327e-14,1.1312e-13,3.5384e-14,6.821e-14,1.1681e-12,5.0363e-14
1.2136,1.678e-16,5.0901e-14,4.979e-14,1.0239e-13,3.34e-14,6.586e-14,1.1671e-12,4.856e-14
1.2249,1.5575e-16,4.7229e-14,4.6229e-14,9.2262e-14,3.1307e-14,6.314e-14,1.1578e-12,4.6492e-14
1.2362,1.4452e-16,4.3812e-14,4.291e-14,8.3283e-14,2.933e-14,6.0491e-14,1.1477e-12,4.4485e-14
1.2477,1.3479e-16,4.0849e-14,4.0032e-14,7.5695e-14,2.761e-14,5.8224e-14,1.143e-12,4.2764e-14
1.2592,1.2484e-16,3.7824e-14,3.7088e-14,6.8431e-14,2.5803e-14,5.5631e-14,1.13e-12,4.0811e-14
1.2709,1.1629e-16,3.5223e-14,3.4557e-14,6.2309e-14,2.4246e-14,5.3436e-14,1.1231e-12,3.9156e-14
1.2826,1.0834e-16,3.2805e-14,3.2202e-14,5.6818e-14,2.278e-14,5.1316e-14,1.1161e-12,3.7561e-14
1.2945,1.008e-16,3.0515e-14,2.9969e-14,5.1806e-14,2.137e-14,4.92e-14,1.1073e-12,3.5974e-14
1.3065,9.3684e-17,2.8354e-14,2.7861e-14,4.7239e-14,2.0022e-14,4.7104e-14,1.0971e-12,3.4406e-14
1.3186,8.7047e-17,2.6339e-14,2.5893e-14,4.3106e-14,1.8749e-14,4.507e-14,1.0864e-12,3.2888e-14
1.3308,8.0824e-17,2.4451e-14,2.4047e-14,3.9345e-14,1.754e-14,4.308e-14,1.0748e-12,3.1406e-14
1.3432,7.5005e-17,2.2685e-14,2.2321e-14,3.5923e-14,1.6397e-14,4.1143e-14,1.0625e-12,2.9967e-14
1.3556,6.9961e-17,2.1155e-14,2.0824e-14,3.2994e-14,1.5405e-14,3.9484e-14,1.0556e-12,2.8733e-14
1.3682,6.4845e-17,1.9604e-14,1.9305e-14,3.0134e-14,1.4378e-14,3.7641e-14,1.0419e-12,2.7368e-14
1.3808,6.041e-17,1.826e-14,1.7988e-14,2.7682e-14,1.3485e-14,3.6058e-14,1.0336e-12,2.6196e-14
1.3936,5.6244e-17,1.6997e-14,1.6751e-14,2.5431e-14,1.2638e-14,3.4511e-14,1.0246e-12,2.5052e-14
1.4065,5.2323e-17,1.5809e-14,1.5586e-14,2.3359e-14,1.1833e-14,3.2996e-14,1.0148e-12,2.3934e-14
1.4196,4.8645e-17,1.4695e-14,1.4493e-14,2.1454e-14,1.107e-14,3.1521e-14,1.0044e-12,2.2847e-14
1.4327,4.5198e-17,1.3652e-14,1.3468e-14,1.9702e-14,1.0348e-14,3.0085e-14,9.9346e-13,2.1791e-14
1.446,4.1967e-17,1.2673e-14,1.2508e-14,1.8091e-14,9.6656e-15,2.8689e-14,9.8201e-13,2.0766e-14
1.4594,3.8949e-17,1.176e-14,1.161e-14,1.6611e-14,9.0224e-15,2.734e-14,9.7027e-13,1.9776e-14
1.4729,3.6313e-17,1.0963e-14,1.0826e-14,1.5329e-14,8.4593e-15,2.6167e-14,9.6311e-13,1.8916e-14
1.4865,3.3836e-17,1.0213e-14,1.0089e-14,1.4143e-14,7.9257e-15,2.5025e-14,9.5554e-13,1.8079e-14
1.5003,3.1344e-17,9.4596e-15,9.3474e-15,1.2978e-14,7.3813e-15,2.3789e-14,9.4259e-13,1.7176e-14
1.5142,2.9162e-17,8.8e-15,8.6981e-15,1.1966e-14,6.9034e-15,2.2708e-14,9.3402e-13,1.6386e-14
1.5282,2.7121e-17,8.1828e-15,8.0903e-15,1.1032e-14,6.4529e-15,2.1663e-14,9.2529e-13,1.5623e-14
1.5424,2.5207e-17,7.6042e-15,7.5203e-15,1.0167e-14,6.0273e-15,2.0649e-14,9.1626e-13,1.4884e-14
1.5567,2.3531e-17,7.0976e-15,7.0212e-15,9.4146e-15,5.6537e-15,1.9766e-14,9.1152e-13,1.4241e-14
1.5711,2.1843e-17,6.5876e-15,6.5183e-15,8.6714e-15,5.273e-15,1.8812e-14,9.0196e-13,1.3546e-14
1.5856,2.0358e-17,6.1392e-15,6.0761e-15,8.0217e-15,4.9374e-15,1.7973e-14,8.9641e-13,1.2936e-14
1.6003,1.8873e-17,5.6905e-15,5.6334e-15,7.3826e-15,4.5977e-15,1.7077e-14,8.864e-13,1.2285e-14
1.6151,1.7569e-17,5.2969e-15,5.2449e-15,6.8248e-15,4.2989e-15,1.6291e-14,8.8053e-13,1.1715e-14
1.6301,1.6353e-17,4.9296e-15,4.8824e-15,6.3097e-15,4.0185e-15,1.5536e-14,8.7491e-13,1.1168e-14
1.6452,1.5207e-17,4.5835e-15,4.5406e-15,5.8292e-15,3.7525e-15,1.4801e-14,8.6892e-13,1.0634e-14
1.6604,1.4134e-17,4.2596e-15,4.2207e-15,5.3839e-15,3.5019e-15,1.4091e-14,8.6298e-13,1.012e-14
1.6758,1.3182e-17,3.9724e-15,3.9369e-15,4.9909e-15,3.2792e-15,1.346e-14,8.6056e-13,9.6634e-15
1.6913,1.2233e-17,3.686e-15,3.6537e-15,4.6043e-15,3.0549e-15,1.279e-14,8.5434e-13,9.1797e-15
1.707,1.14e-17,3.4349e-15,3.4055e-15,4.2667e-15,2.8579e-15,1.2205e-14,8.524e-13,8.7567e-15
1.7228,1.062e-17,3.1994e-15,3.1726e-15,3.9527e-15,2.6722e-15,1.164e-14,8.5067e-13,8.3483e-15
1.7388,9.8792e-18,2.976e-15,2.9517e-15,3.6575e-15,2.4949e-15,1.1084e-14,8.4849e-13,7.9473e-15
1.7549,9.188e-18,2.7675e-15,2.7454e-15,3.384e-15,2.3285e-15,1.0551e-14,8.4683e-13,7.5628e-15
1.7711,8.5402e-18,2.5721e-15,2.552e-15,3.1297e-15,2.1719e-15,1.0037e-14,8.455e-13,7.192e-15
1.7875,7.9671e-18,2.3993e-15,2.381e-15,2.9056e-15,2.033e-15,9.5816e-15,8.4815e-13,6.8639e-15
1.8041,7.3964e-18,2.2273e-15,2.2106e-15,2.6848e-15,1.8936e-15,9.1014e-15,8.4764e-13,6.5182e-15
1.8208,6.8928e-18,2.0754e-15,2.0603e-15,2.4906e-15,1.7704e-15,8.6774e-15,8.5143e-13,6.2129e-15
1.8377,6.4198e-18,1.9329e-15,1.9191e-15,2.3094e-15,1.6542e-15,8.2675e-15,8.5592e-13,5.918e-15
1.8547,5.981e-18,1.8006e-15,1.788e-15,2.1423e-15,1.5459e-15,7.8786e-15,8.6198e-13,5.6383e-15
1.8719,5.6829e-18,1.7107e-15,1.699e-15,2.0271e-15,1.4733e-15,7.6562e-15,8.868e-13,5.478e-15
1.8892,5.2129e-18,1.5692e-15,1.5586e-15,1.8519e-15,1.3555e-15,7.1823e-15,8.824e-13,5.1379e-15
1.9067,4.8219e-18,1.4513e-15,1.4418e-15,1.7063e-15,1.2574e-15,6.7934e-15,8.8717e-13,4.8587e-15
1.9244,4.4721e-18,1.346e-15,1.3373e-15,1.5765e-15,1.1695e-15,6.4422e-15,8.9637e-13,4.6067e-15
1.9422,4.1639e-18,1.2531e-15,1.2453e-15,1.4624e-15,1.0919e-15,6.1325e-15,9.1149e-13,4.3845e-15
1.9602,3.8757e-18,1.1663e-15,1.1591e-15,1.3563e-15,1.0191e-15,5.8352e-15,9.2916e-13,4.1713e-15
1.9783,3.6056e-18,1.085e-15,1.0784e-15,1.2573e-15,9.506e-16,5.5491e-15,9.4972e-13,3.9662e-15
1.9966,3.3653e-18,1.0126e-15,1.0066e-15,1.1695e-15,8.8954e-16,5.2938e-15,9.7739e-13,3.7832e-15
2.0151,3.1269e-18,9.408e-16,9.3538e-16,1.0831e-15,8.2864e-16,5.0273e-15,1.0055e-12,3.5922e-15
2.0338,2.9147e-18,8.7688e-16,8.7193e-16,1.0063e-15,7.743e-16,4.7889e-15,1.0426e-12,3.4214e-15
2.0526,2.7152e-18,8.1681e-16,8.123e-16,9.345e-16,7.2306e-16,4.5587e-15,1.0863e-12,3.2566e-15
2.0716,2.5287e-18,7.6068e-16,7.5657e-16,8.6767e-16,6.7501e-16,4.3382e-15,1.1389e-12,3.0988e-15
2.0908,2.3527e-18,7.077e-16,7.0395e-16,8.0489e-16,6.295e-16,4.1239e-15,1.202e-12,2.9455e-15
2.1102,2.1877e-18,6.5802e-16,6.5461e-16,7.4626e-16,5.8667e-16,3.9176e-15,1.2795e-12,2.7979e-15
2.1297,2.0401e-18,6.1359e-16,6.1048e-16,6.9395e-16,5.4831e-16,3.7322e-15,1.3814e-12,2.6653e-15
2.1495,1.8951e-18,5.6995e-16,5.6712e-16,6.4286e-16,5.1045e-16,3.5415e-15,1.507e-12,2.5289e-15
2.1694,1.7658e-18,5.3105e-16,5.2846e-16,5.9741e-16,4.7665e-16,3.3706e-15,1.6795e-12,2.4068e-15
2.1895,1.6436e-18,4.9426e-16,4.919e-16,5.546e-16,4.4458e-16,3.2043e-15,1.9161e-12,2.288e-15
2.2098,1.5345e-18,4.6142e-16,4.5927e-16,5.1646e-16,4.1591e-16,3.0553e-15,2.2696e-12,2.1815e-15
2.2302,1.4271e-18,4.2911e-16,4.2715e-16,4.7914e-16,3.8759e-16,2.9019e-15,2.8203e-12,2.0719e-15
2.2509,1.3307e-18,4.0011e-16,3.9832e-16,4.4569e-16,3.6212e-16,2.7631e-15,3.8273e-12,1.9728e-15
2.2717,1.2403e-18,3.7291e-16,3.7128e-16,4.1444e-16,3.3817e-16,2.6298e-15,6.1062e-12,1.8776e-15
2.2928,1.155e-18,3.4727e-16,3.4577e-16,3.8507e-16,3.1552e-16,2.5006e-15,1.2818e-11,1.7853e-15
2.314,1.0751e-18,3.2321e-16,3.2185e-16,3.5761e-16,2.9422e-16,2.3764e-15,9.2331e-12,1.6967e-15
2.3354,1.0007e-18,3.0085e-16,2.9961e-16,3.3216e-16,2.7437e-16,2.2583e-15,4.446e-12,1.6124e-15
2.3571,9.333e-19,2.8056e-16,2.7943e-16,3.0911e-16,2.5633e-16,2.1501e-15,2.7712e-12,1.5352e-15
2.3789,8.7008e-19,2.6155e-16,2.6051e-16,2.8758e-16,2.3938e-16,2.0462e-15,1.9622e-12,1.4611e-15
2.4009,8.1057e-19,2.4365e-16,2.4271e-16,2.6736e-16,2.2339e-16,1.9458e-15,1.4906e-12,1.3894e-15
2.4232,7.5481e-19,2.2688e-16,2.2602e-16,2.4848e-16,2.0837e-16,1.8495e-15,1.1834e-12,1.3207e-15
2.4456,7.0455e-19,2.1177e-16,2.1098e-16,2.3149e-16,1.9481e-16,1.762e-15,9.7093e-13,1.2583e-15
2.4683,6.5527e-19,1.9695e-16,1.9623e-16,2.1489e-16,1.8147e-16,1.6725e-15,8.1147e-13,1.1945e-15
2.4911,6.1095e-19,1.8362e-16,1.8296e-16,1.9999e-16,1.6947e-16,1.5915e-15,6.9138e-13,1.1367e-15
2.5142,5.6934e-19,1.7111e-16,1.7051e-16,1.8603e-16,1.5817e-16,1.5135e-15,5.9653e-13,1.0811e-15
2.5375,5.3025e-19,1.5936e-16,1.5881e-16,1.7296e-16,1.4753e-16,1.4384e-15,5.1984e-13,1.0276e-15
2.561,4.9499e-19,1.4876e-16,1.4826e-16,1.6118e-16,1.3792e-16,1.3702e-15,4.5801e-13,9.7895e-16
2.5847,4.6178e-19,1.3877e-16,1.3831e-16,1.5012e-16,1.2885e-16,1.3043e-15,4.0621e-13,9.3198e-16
2.6087,4.3053e-19,1.2938e-16,1.2896e-16,1.3973e-16,1.203e-16,1.2407e-15,3.6225e-13,8.8667e-16
2.6328,4.012e-19,1.2056e-16,1.2018e-16,1.3e-16,1.1226e-16,1.1796e-15,3.2459e-13,8.4313e-16
2.6572,3.7368e-19,1.1229e-16,1.1194e-16,1.2089e-16,1.047e-16,1.1209e-15,2.9202e-13,8.0128e-16
2.6818,3.4877e-19,1.048e-16,1.0448e-16,1.1266e-16,9.7856e-17,1.0673e-15,2.6433e-13,7.6308e-16
2.7067,3.2541e-19,9.7777e-17,9.7485e-17,1.0496e-16,9.142e-17,1.0159e-15,2.4002e-13,7.2642e-16
2.7317,3.0332e-19,9.114e-17,9.0873e-17,9.7697e-17,8.5326e-17,9.66e-16,2.1842e-13,6.9085e-16
2.757,2.8266e-19,8.493e-17,8.4686e-17,9.0913e-17,7.9614e-17,9.1825e-16,1.9927e-13,6.5682e-16
2.7826,2.639e-19,7.9292e-17,7.9069e-17,8.4762e-17,7.4422e-17,8.7447e-16,1.8259e-13,6.2562e-16
2.8083,2.4567e-19,7.3812e-17,7.3608e-17,7.8799e-17,6.9363e-17,8.3031e-16,1.672e-13,5.9414e-16
2.8343,2.2908e-19,6.8828e-17,6.8642e-17,7.3383e-17,6.4758e-17,7.897e-16,1.5369e-13,5.652e-16
2.8606,2.1411e-19,6.4329e-17,6.4158e-17,6.8498e-17,6.0596e-17,7.5278e-16,1.4186e-13,5.3888e-16
2.8871,1.9953e-19,5.9949e-17,5.9793e-17,6.3755e-17,5.6536e-17,7.1547e-16,1.3078e-13,5.1229e-16
2.9138,1.8626e-19,5.5961e-17,5.5818e-17,5.9441e-17,5.2835e-17,6.8113e-16,1.2097e-13,4.8781e-16
2.9408,1.7376e-19,5.2205e-17,5.2075e-17,5.5386e-17,4.9344e-17,6.48e-16,1.1198e-13,4.6419e-16
2.9681,1.6206e-19,4.8688e-17,4.8569e-17,5.1594e-17,4.607e-17,6.1629e-16,1.0377e-13,4.4158e-16
2.9955,1.5136e-19,4.5473e-17,4.5364e-17,4.8132e-17,4.3073e-17,5.8694e-16,9.642e-14,4.2066e-16
3.0233,1.4098e-19,4.2357e-17,4.2257e-17,4.4784e-17,4.0163e-17,5.5748e-16,8.9455e-14,3.9965e-16
3.0513,1.3159e-19,3.9536e-17,3.9444e-17,4.1755e-17,3.7527e-17,5.3058e-16,8.3255e-14,3.8047e-16
3.0796,1.2302e-19,3.696e-17,3.6876e-17,3.8993e-17,3.5117e-17,5.0574e-16,7.7683e-14,3.6276e-16
3.1081,1.1466e-19,3.445e-17,3.4373e-17,3.6307e-17,3.2765e-17,4.8063e-16,7.2339e-14,3.4485e-16
3.1369,1.0712e-19,3.2184e-17,3.2114e-17,3.3884e-17,3.0639e-17,4.5779e-16,6.7577e-14,3.2856e-16
3.1659,9.9952e-20,3.0032e-17,2.9968e-17,3.1587e-17,2.8618e-17,4.3551e-16,6.3107e-14,3.1267e-16
3.1952,9.3233e-20,2.8014e-17,2.7955e-17,2.9436e-17,2.6719e-17,4.1416e-16,5.8959e-14,2.9744e-16
3.2248,8.7128e-20,2.618e-17,2.6126e-17,2.7482e-17,2.4993e-17,3.9458e-16,5.5226e-14,2.8347e-16
3.2547,8.1371e-20,2.4452e-17,2.4402e-17,2.5644e-17,2.3364e-17,3.7568e-16,5.1735e-14,2.6998e-16
3.2849,7.5952e-20,2.2824e-17,2.2779e-17,2.3915e-17,2.1828e-17,3.5747e-16,4.8469e-14,2.5699e-16
3.3153,7.0855e-20,2.1294e-17,2.1252e-17,2.2291e-17,2.0382e-17,3.3995e-16,4.5413e-14,2.4448e-16
3.346,6.621e-20,1.9899e-17,1.9861e-17,2.0813e-17,1.9063e-17,3.2382e-16,4.2647e-14,2.3296e-16
3.377,6.1842e-20,1.8587e-17,1.8553e-17,1.9424e-17,1.7821e-17,3.0831e-16,4.0055e-14,2.2189e-16
3.4083,5.773e-20,1.7353e-17,1.7321e-17,1.8119e-17,1.6651e-17,2.9337e-16,3.7619e-14,2.1122e-16
3.4398,5.3972e-20,1.6225e-17,1.6195e-17,1.6927e-17,1.5581e-17,2.7957e-16,3.5404e-14,2.0137e-16
3.4717,5.0427e-20,1.516e-17,1.5134e-17,1.5804e-17,1.457e-17,2.6625e-16,3.3315e-14,1.9185e-16
3.5038,4.71e-20,1.4162e-17,1.4137e-17,1.4751e-17,1.3621e-17,2.5347e-16,3.1354e-14,1.8272e-16
3.5363,4.3959e-20,1.3219e-17,1.3197e-17,1.3758e-17,1.2723e-17,2.4113e-16,2.9501e-14,1.739e-16
3.569,4.1102e-20,1.2361e-17,1.2341e-17,1.2856e-17,1.1907e-17,2.2979e-16,2.782e-14,1.6579e-16
3.6021,3.8399e-20,1.155e-17,1.1531e-17,1.2004e-17,1.1134e-17,2.1881e-16,2.6224e-14,1.5794e-16
3.6355,3.5866e-20,1.079e-17,1.0773e-17,1.1205e-17,1.0408e-17,2.083e-16,2.4725e-14,1.5043e-16
3.6691,3.354e-20,1.0092e-17,1.0077e-17,1.0473e-17,9.742e-18,1.9853e-16,2.335e-14,1.4344e-16
3.7031,3.1353e-20,9.4363e-18,9.4218e-18,9.7856e-18,9.1148e-18,1.8915e-16,2.2051e-14,1.3673e-16
3.7374,2.9289e-20,8.8171e-18,8.8038e-18,9.1372e-18,8.5224e-18,1.8009e-16,2.0819e-14,1.3024e-16
3.772,2.7401e-20,8.251e-18,8.2387e-18,8.5448e-18,7.9804e-18,1.7171e-16,1.9692e-14,1.2425e-16
3.807,2.5626e-20,7.7185e-18,7.7073e-18,7.9881e-18,7.4702e-18,1.6367e-16,1.8626e-14,1.1849e-16
3.8422,2.3946e-20,7.2148e-18,7.2045e-18,7.462e-18,6.9871e-18,1.5587e-16,1.761e-14,1.1291e-16
3.8778,2.2405e-20,6.7529e-18,6.7435e-18,6.9799e-18,6.5438e-18,1.4864e-16,1.6677e-14,1.0773e-16
3.9137,2.0959e-20,6.3195e-18,6.3109e-18,6.5279e-18,6.1276e-18,1.4172e-16,1.5796e-14,1.0277e-16
3.95,1.9601e-20,5.9124e-18,5.9044e-18,6.1037e-18,5.7362e-18,1.3508e-16,1.4963e-14,9.8011e-17
3.9866,1.8346e-20,5.5366e-18,5.5293e-18,5.7123e-18,5.3748e-18,1.2886e-16,1.4191e-14,9.3557e-17
4.0235,1.7169e-20,5.184e-18,5.1773e-18,5.3454e-18,5.0353e-18,1.2292e-16,1.3461e-14,8.9293e-17
4.0608,1.6052e-20,4.8494e-18,4.8432e-18,4.9975e-18,4.713e-18,1.1713e-16,1.2761e-14,8.5143e-17
4.0984,1.5007e-20,4.5365e-18,4.5309e-18,4.6725e-18,4.4114e-18,1.1162e-16,1.2101e-14,8.1188e-17
4.1363,1.404e-20,4.2472e-18,4.242e-18,4.3722e-18,4.1323e-18,1.0645e-16,1.1489e-14,7.7477e-17
4.1747,1.3158e-20,3.9832e-18,3.9784e-18,4.0981e-18,3.8774e-18,1.0169e-16,1.0929e-14,7.406e-17
4.2133,1.2305e-20,3.7281e-18,3.7237e-18,3.8337e-18,3.631e-18,9.6947e-17,1.0379e-14,7.0654e-17
4.2523,1.1517e-20,3.4925e-18,3.4884e-18,3.5895e-18,3.4032e-18,9.2504e-17,9.8692e-15,6.7462e-17
4.2917,1.08e-20,3.2781e-18,3.2744e-18,3.3675e-18,3.1959e-18,8.8434e-17,9.4056e-15,6.4539e-17
4.3315,1.0099e-20,3.0686e-18,3.0651e-18,3.1507e-18,2.9931e-18,8.4312e-17,8.9425e-15,6.1575e-17
4.3716,9.4713e-21,2.8811e-18,2.878e-18,2.9568e-18,2.8117e-18,8.0625e-17,8.5311e-15,5.8925e-17
4.4121,8.8656e-21,2.7004e-18,2.6975e-18,2.77e-18,2.6365e-18,7.6959e-17,8.1271e-15,5.6288e-17
4.453,8.3085e-21,2.5341e-18,2.5315e-18,2.5982e-18,2.4753e-18,7.3551e-17,7.7551e-15,5.3837e-17
4.4942,7.7826e-21,2.3773e-18,2.3749e-18,2.4364e-18,2.3232e-18,7.0268e-17,7.4008e-15,5.1474e-17
4.5358,7.2978e-21,2.2329e-18,2.2306e-18,2.2873e-18,2.183e-18,6.7209e-17,7.0741e-15,4.9273e-17
4.5778,6.8416e-21,2.097e-18,2.0949e-18,2.1472e-18,2.0511e-18,6.4276e-17,6.7646e-15,4.7161e-17
4.6202,6.4107e-21,1.9688e-18,1.9669e-18,2.015e-18,1.9265e-18,6.145e-17,6.47e-15,4.5125e-17
4.663,6.0136e-21,1.8507e-18,1.8489e-18,1.8934e-18,1.8117e-18,5.8819e-17,6.1995e-15,4.323e-17
4.7062,5.6393e-21,1.7395e-18,1.7379e-18,1.7789e-18,1.7036e-18,5.6292e-17,5.9436e-15,4.1409e-17
4.7498,5.2936e-21,1.6369e-18,1.6354e-18,1.6732e-18,1.6037e-18,5.3935e-17,5.709e-15,3.9711e-17
4.7938,4.9678e-21,1.5403e-18,1.5389e-18,1.5739e-18,1.5097e-18,5.1673e-17,5.4882e-15,3.8081e-17
4.8382,4.6612e-21,1.4494e-18,1.4482e-18,1.4805e-18,1.4212e-18,4.9507e-17,5.2813e-15,3.6519e-17
4.883,4.3776e-21,1.3655e-18,1.3643e-18,1.3942e-18,1.3394e-18,4.7484e-17,5.0937e-15,3.506e-17
4.9282,4.1095e-21,1.2862e-18,1.2851e-18,1.3128e-18,1.2621e-18,4.5535e-17,4.9185e-15,3.3655e-17
4.9739,3.8628e-21,1.2134e-18,1.2123e-18,1.2379e-18,1.1911e-18,4.3729e-17,4.764e-15,3.2353e-17
5.02,3.6296e-21,1.1446e-18,1.1437e-18,1.1674e-18,1.124e-18,4.1992e-17,4.623e-15,3.1101e-17
5.0665,3.4097e-21,1.0799e-18,1.079e-18,1.1009e-18,1.0608e-18,4.0327e-17,4.4972e-15,2.9901e-17
5.1134,3.2072e-21,1.0203e-18,1.0195e-18,1.0398e-18,1.0026e-18,3.8784e-17,4.3939e-15,2.8789e-17
5.1607,3.0192e-21,9.6502e-19,9.6427e-19,9.8318e-19,9.4863e-19,3.7337e-17,4.313e-15,2.7748e-17
5.2085,2.8421e-21,9.1307e-19,9.1238e-19,9.2995e-19,8.9788e-19,3.5956e-17,4.2545e-15,2.6754e-17
5.2568,2.6745e-21,8.6399e-19,8.6335e-19,8.7967e-19,8.499e-19,3.4627e-17,4.2216e-15,2.5798e-17
5.3055,2.5176e-21,8.1813e-19,8.1753e-19,8.327e-19,8.0505e-19,3.3369e-17,4.2239e-15,2.4895e-17
5.3546,2.3744e-21,7.7629e-19,7.7573e-19,7.8986e-19,7.6412e-19,3.222e-17,4.2776e-15,2.4072e-17
5.4042,2.2371e-21,7.3626e-19,7.3574e-19,7.489e-19,7.2495e-19,3.1096e-17,4.3886e-15,2.3267e-17
5.4543,2.1093e-21,6.9909e-19,6.986e-19,7.1087e-19,6.8857e-19,3.0043e-17,4.5906e-15,2.2515e-17
5.5048,1.9917e-21,6.6488e-19,6.6443e-19,6.7588e-19,6.5508e-19,2.9073e-17,4.9324e-15,2.1824e-17
5.5558,1.88e-21,6.3247e-19,6.3205e-19,6.4274e-19,6.2334e-19,2.814e-17,5.491e-15,2.116e-17
5.6072,1.7753e-21,6.0215e-19,6.0176e-19,6.1174e-19,5.9363e-19,2.726e-17,6.4315e-15,2.0534e-17
5.6592,1.6787e-21,5.7415e-19,5.7378e-19,5.8313e-19,5.662e-19,2.6449e-17,8.0879e-15,1.9959e-17
5.7116,1.5888e-21,5.4812e-19,5.4778e-19,5.5654e-19,5.4069e-19,2.5696e-17,1.1004e-14,1.9424e-17
5.7645,1.5017e-21,5.2298e-19,5.2266e-19,5.3086e-19,5.1603e-19,2.4955e-17,1.4075e-14,1.8893e-17
5.8179,1.4236e-21,5.0034e-19,5.0004e-19,5.0775e-19,4.9383e-19,2.4303e-17,1.1816e-14,1.8426e-17
5.8718,1.3489e-21,4.7871e-19,4.7843e-19,4.8567e-19,4.7261e-19,2.3672e-17,8.099e-15,1.797e-17
5.9262,1.2785e-21,4.5833e-19,4.5807e-19,4.6488e-19,4.526e-19,2.3074e-17,5.8912e-15,1.7535e-17
5.981,1.2136e-21,4.3948e-19,4.3923e-19,4.4565e-19,4.3409e-19,2.2525e-17,4.6358e-15,1.7135e-17
6.0364,1.1523e-21,4.2167e-19,4.2143e-19,4.2749e-19,4.166e-19,2.2002e-17,3.8663e-15,1.6753e-17
6.0923,1.0954e-21,4.0509e-19,4.0487e-19,4.1059e-19,4.0032e-19,2.1517e-17,3.3627e-15,1.6399e-17
6.1488,1.0424e-21,3.8961e-19,3.894e-19,3.9481e-19,3.851e-19,2.1064e-17,3.0139e-15,1.607e-17
6.2057,9.9241e-22,3.7498e-19,3.7478e-19,3.799e-19,3.7073e-19,2.0633e-17,2.7602e-15,1.5758e-17
6.2632,9.4517e-22,3.6114e-19,3.6095e-19,3.6579e-19,3.5712e-19,2.0223e-17,2.5682e-15,1.5462e-17
6.3212,9.0127e-22,3.4821e-19,3.4803e-19,3.5262e-19,3.4442e-19,1.9842e-17,2.4194e-15,1.5188e-17
6.3798,8.6044e-22,3.3612e-19,3.3595e-19,3.4031e-19,3.3253e-19,1.9489e-17,2.3011e-15,1.4936e-17
6.4389,8.218e-22,3.2464e-19,3.2448e-19,3.2862e-19,3.2124e-19,1.9152e-17,2.204e-15,1.4698e-17
6.4985,7.853e-22,3.1377e-19,3.1361e-19,3.1754e-19,3.1054e-19,1.8832e-17,2.1228e-15,1.4472e-17
6.5587,7.5188e-22,3.0368e-19,3.0354e-19,3.0728e-19,3.0063e-19,1.8544e-17,2.0554e-15,1.427e-17
6.6194,7.1964e-22,2.9396e-19,2.9382e-19,2.9738e-19,2.9106e-19,1.826e-17,1.9963e-15,1.4073e-17
6.6807,6.9014e-22,2.8494e-19,2.8481e-19,2.882e-19,2.8218e-19,1.8005e-17,1.9463e-15,1.3898e-17
6.7426,6.6208e-22,2.7631e-19,2.7619e-19,2.7942e-19,2.737e-19,1.776e-17,1.902e-15,1.373e-17
6.8051,6.3554e-22,2.681e-19,2.6798e-19,2.7106e-19,2.6561e-19,1.7528e-17,1.8626e-15,1.3573e-17
6.8681,6.1077e-22,2.6035e-19,2.6023e-19,2.6318e-19,2.5798e-19,1.7313e-17,1.8279e-15,1.3428e-17
6.9317,5.8756e-22,2.53e-19,2.5289e-19,2.557e-19,2.5074e-19,1.7111e-17,1.7969e-15,1.3294e-17
6.9959,5.6554e-22,2.4597e-19,2.4587e-19,2.4855e-19,2.4382e-19,1.6919e-17,1.7688e-15,1.3168e-17
7.0607,5.4494e-22,2.393e-19,2.392e-19,2.4177e-19,2.3725e-19,1.6741e-17,1.7436e-15,1.3052e-17
7.1261,5.2523e-22,2.3288e-19,2.3279e-19,2.3525e-19,2.3093e-19,1.6568e-17,1.7202e-15,1.2941e-17
7.1921,5.069e-22,2.2681e-19,2.2672e-19,2.2907e-19,2.2495e-19,1.6409e-17,1.6992e-15,1.284e-17
7.2587,4.8963e-22,2.2101e-19,2.2092e-19,2.2318e-19,2.1923e-19,1.6259e-17,1.68e-15,1.2747e-17
7.326,4.7313e-22,2.1542e-19,2.1533e-19,2.175e-19,2.1372e-19,1.6115e-17,1.662e-15,1.2658e-17
7.3938,4.5765e-22,2.1008e-19,2.1001e-19,2.1208e-19,2.0846e-19,1.598e-17,1.6456e-15,1.2577e-17
7.4623,4.4283e-22,2.0493e-19,2.0486e-19,2.0685e-19,2.0339e-19,1.5849e-17,1.6301e-15,1.2499e-17
7.5314,4.2893e-22,2.0001e-19,1.9994e-19,2.0185e-19,1.9853e-19,1.5728e-17,1.6159e-15,1.2429e-17
7.6012,4.1583e-22,1.953e-19,1.9523e-19,1.9706e-19,1.9388e-19,1.5613e-17,1.6027e-15,1.2364e-17
7.6716,4.035e-22,1.9078e-19,1.9071e-19,1.9247e-19,1.8943e-19,1.5506e-17,1.5904e-15,1.2305e-17
7.7426,3.9157e-22,1.8638e-19,1.8632e-19,1.8801e-19,1.8509e-19,1.54e-17,1.5785e-15,1.2247e-17
7.8144,3.8021e-22,1.8214e-19,1.8208e-19,1.837e-19,1.809e-19,1.5299e-17,1.5673e-15,1.2193e-17
7.8867,3.6963e-22,1.7808e-19,1.7803e-19,1.7959e-19,1.769e-19,1.5206e-17,1.5569e-15,1.2146e-17
7.9598,3.5955e-22,1.7417e-19,1.7411e-19,1.7561e-19,1.7303e-19,1.5117e-17,1.547e-15,1.2102e-17
8.0335,3.4989e-22,1.7037e-19,1.7031e-19,1.7176e-19,1.6928e-19,1.503e-17,1.5374e-15,1.2061e-17
8.1079,3.4068e-22,1.6669e-19,1.6664e-19,1.6803e-19,1.6565e-19,1.4948e-17,1.5281e-15,1.2023e-17
8.183,3.32e-22,1.6315e-19,1.631e-19,1.6444e-19,1.6216e-19,1.487e-17,1.5194e-15,1.1988e-17
8.2588,3.2373e-22,1.5973e-19,1.5968e-19,1.6097e-19,1.5877e-19,1.4796e-17,1.5109e-15,1.1957e-17
8.3353,3.1578e-22,1.564e-19,1.5635e-19,1.576e-19,1.5548e-19,1.4723e-17,1.5026e-15,1.1928e-17
8.4125,3.0826e-22,1.5318e-19,1.5314e-19,1.5434e-19,1.523e-19,1.4655e-17,1.4946e-15,1.1902e-17
8.4904,3.0121e-22,1.5009e-19,1.5005e-19,1.512e-19,1.4925e-19,1.4591e-17,1.487e-15,1.1881e-17
8.5691,2.9444e-22,1.4708e-19,1.4704e-19,1.4815e-19,1.4627e-19,1.453e-17,1.4794e-15,1.1862e-17
8.6484,2.8804e-22,1.4417e-19,1.4413e-19,1.452e-19,1.4339e-19,1.4472e-17,1.4721e-15,1.1845e-17
8.7285,2.8206e-22,1.4137e-19,1.4133e-19,1.4236e-19,1.4062e-19,1.4419e-17,1.4652e-15,1.1833e-17
8.8094,2.7635e-22,1.3865e-19,1.3861e-19,1.3961e-19,1.3793e-19,1.4368e-17,1.4583e-15,1.1824e-17
8.891,2.7103e-22,1.3603e-19,1.3599e-19,1.3696e-19,1.3534e-19,1.4322e-17,1.4517e-15,1.1819e-17
8.9733,2.6596e-22,1.3348e-19,1.3345e-19,1.3438e-19,1.3283e-19,1.4279e-17,1.4452e-15,1.1815e-17
9.0564,2.6128e-22,1.3104e-19,1.3101e-19,1.3191e-19,1.3041e-19,1.424e-17,1.439e-15,1.1817e-17
9.1403,2.5689e-22,1.2868e-19,1.2865e-19,1.2952e-19,1.2807e-19,1.4205e-17,1.433e-15,1.1822e-17
9.225,2.5297e-22,1.2643e-19,1.264e-19,1.2724e-19,1.2585e-19,1.4178e-17,1.4275e-15,1.1834e-17
9.3104,2.4928e-22,1.2425e-19,1.2422e-19,1.2504e-19,1.2369e-19,1.4153e-17,1.4221e-15,1.1849e-17
9.3966,2.4599e-22,1.2218e-19,1.2215e-19,1.2293e-19,1.2164e-19,1.4136e-17,1.4172e-15,1.1869e-17
9.4837,2.4311e-22,1.202e-19,1.2018e-19,1.2094e-19,1.1969e-19,1.4125e-17,1.4129e-15,1.1897e-17
9.5715,2.4069e-22,1.1834e-19,1.1831e-19,1.1905e-19,1.1784e-19,1.4124e-17,1.4091e-15,1.1933e-17
9.6602,2.3859e-22,1.1657e-19,1.1654e-19,1.1726e-19,1.1609e-19,1.4129e-17,1.4059e-15,1.1975e-17
9.7496,2.3705e-22,1.1492e-19,1.149e-19,1.1559e-19,1.1446e-19,1.4146e-17,1.4036e-15,1.2028e-17
9.84,2.3603e-22,1.1341e-19,1.1338e-19,1.1406e-19,1.1296e-19,1.4175e-17,1.4023e-15,1.2092e-17
9.9311,2.3554e-22,1.1202e-19,1.12e-19,1.1266e-19,1.1159e-19,1.4218e-17,1.4022e-15,1.2169e-17
10.023,2.3571e-22,1.1079e-19,1.1077e-19,1.1141e-19,1.1038e-19,1.4278e-17,1.4035e-15,1.2262e-17
10.116,2.3651e-22,1.0972e-19,1.097e-19,1.1032e-19,1.0932e-19,1.4357e-17,1.4064e-15,1.2371e-17
10.21,2.3832e-22,1.0888e-19,1.0886e-19,1.0947e-19,1.0849e-19,1.4465e-17,1.4119e-15,1.2507e-17
10.304,2.411e-22,1.0828e-19,1.0826e-19,1.0885e-19,1.079e-19,1.4603e-17,1.4201e-15,1.2671e-17
10.4,2.4475e-22,1.0789e-19,1.0787e-19,1.0846e-19,1.0753e-19,1.4772e-17,1.4311e-15,1.2864e-17
10.496,2.496e-22,1.0781e-19,1.0779e-19,1.0837e-19,1.0746e-19,1.4984e-17,1.4459e-15,1.3096e-17
10.593,2.5674e-22,1.0828e-19,1.0826e-19,1.0883e-19,1.0793e-19,1.5276e-17,1.4679e-15,1.3399e-17
10.691,2.6518e-22,1.091e-19,1.0909e-19,1.0965e-19,1.0876e-19,1.5623e-17,1.4951e-15,1.3755e-17
10.79,2.7596e-22,1.1055e-19,1.1053e-19,1.1109e-19,1.1021e-19,1.6066e-17,1.5309e-15,1.4199e-17
10.89,2.8996e-22,1.1284e-19,1.1282e-19,1.1339e-19,1.125e-19,1.6643e-17,1.579e-15,1.4765e-17
10.991,3.0797e-22,1.1622e-19,1.162e-19,1.1678e-19,1.1588e-19,1.7397e-17,1.6431e-15,1.5494e-17
11.093,3.3143e-22,1.2112e-19,1.211e-19,1.2169e-19,1.2077e-19,1.8398e-17,1.7298e-15,1.645e-17
11.196,3.5938e-22,1.2739e-19,1.2737e-19,1.2798e-19,1.2703e-19,1.9635e-17,1.8377e-15,1.7627e-17
11.299,4.0013e-22,1.3726e-19,1.3724e-19,1.3789e-19,1.3689e-19,2.1467e-17,1.9998e-15,1.935e-17
11.404,4.581e-22,1.5215e-19,1.5213e-19,1.5284e-19,1.5175e-19,2.4144e-17,2.2386e-15,2.1852e-17
11.51,5.3381e-22,1.7248e-19,1.7245e-19,1.7325e-19,1.7204e-19,2.7767e-17,2.5625e-15,2.5237e-17
11.616,6.5079e-22,2.051e-19,2.0507e-19,2.0601e-19,2.0459e-19,3.3497e-17,3.0767e-15,3.0574e-17
11.724,8.7509e-22,2.6968e-19,2.6964e-19,2.7085e-19,2.6902e-19,4.4679e-17,4.0842e-15,4.0955e-17
11.832,1.31e-21,3.9765e-19,3.9759e-19,3.9934e-19,3.967e-19,6.6826e-17,6.0798e-15,6.1524e-17
11.942,3.3035e-21,9.9289e-19,9.9275e-19,9.9707e-19,9.9059e-19,1.6925e-16,1.5325e-14,1.5651e-16
12.053,4.0149e-20,1.2046e-17,1.2044e-17,1.2096e-17,1.2019e-17,2.0825e-15,1.8768e-13,1.9344e-15
12.164,2.2228e-21,6.6933e-19,6.6923e-19,6.7207e-19,6.6785e-19,1.1735e-16,1.0527e-14,1.0951e-16
12.277,1.1816e-21,3.589e-19,3.5885e-19,3.6035e-19,3.5813e-19,6.3814e-17,5.6978e-15,5.9821e-17
12.391,7.6997e-22,2.3745e-19,2.3742e-19,2.3839e-19,2.3695e-19,4.2812e-17,3.8051e-15,4.0321e-17
12.505,5.855e-22,1.8374e-19,1.8372e-19,1.8447e-19,1.8337e-19,3.3593e-17,2.9722e-15,3.1788e-17
12.621,4.6131e-22,1.4817e-19,1.4815e-19,1.4874e-19,1.4787e-19,2.7465e-17,2.4192e-15,2.6115e-17
12.738,3.8612e-22,1.2694e-19,1.2692e-19,1.2742e-19,1.267e-19,2.3856e-17,2.0922e-15,2.2794e-17
12.856,3.317e-22,1.118e-19,1.1178e-19,1.1222e-19,1.1159e-19,2.1299e-17,1.86e-15,2.0451e-17
12.975,2.9048e-22,1.0046e-19,1.0045e-19,1.0084e-19,1.0028e-19,1.9403e-17,1.6873e-15,1.8724e-17
13.095,2.5826e-22,9.1703e-20,9.1692e-20,9.2039e-20,9.1541e-20,1.7952e-17,1.5548e-15,1.7412e-17
13.217,2.3235e-22,8.471e-20,8.47e-20,8.5016e-20,8.4565e-20,1.6808e-17,1.45e-15,1.6386e-17
13.339,2.112e-22,7.9029e-20,7.902e-20,7.9311e-20,7.8898e-20,1.5893e-17,1.3658e-15,1.5575e-17
13.463,1.9356e-22,7.4295e-20,7.4286e-20,7.4556e-20,7.4175e-20,1.5141e-17,1.2964e-15,1.4917e-17
13.587,1.7965e-22,7.0517e-20,7.0509e-20,7.0762e-20,7.0407e-20,1.4563e-17,1.2425e-15,1.4424e-17
13.713,1.668e-22,6.7042e-20,6.7035e-20,6.7272e-20,6.694e-20,1.4029e-17,1.1929e-15,1.3971e-17
13.84,1.5625e-22,6.4138e-20,6.4131e-20,6.4355e-20,6.4044e-20,1.3599e-17,1.1525e-15,1.3617e-17
13.968,1.4708e-22,6.1577e-20,6.1571e-20,6.1783e-20,6.149e-20,1.3228e-17,1.1176e-15,1.3319e-17
14.098,1.3881e-22,5.9245e-20,5.9239e-20,5.9441e-20,5.9163e-20,1.2893e-17,1.0862e-15,1.3055e-17
14.228,1.3137e-22,5.7118e-20,5.7112e-20,5.7304e-20,5.7042e-20,1.2591e-17,1.0579e-15,1.2823e-17
14.36,1.2467e-22,5.5173e-20,5.5168e-20,5.535e-20,5.5102e-20,1.2319e-17,1.0324e-15,1.2619e-17
14.493,1.1856e-22,5.3372e-20,5.3367e-20,5.3541e-20,5.3305e-20,1.207e-17,1.0091e-15,1.2436e-17
14.627,1.1339e-22,5.1779e-20,5.1774e-20,5.1941e-20,5.1716e-20,1.1859e-17,9.8932e-16,1.2291e-17
14.763,1.0829e-22,5.0221e-20,5.0216e-20,5.0376e-20,5.0162e-20,1.1648e-17,9.698e-16,1.2145e-17
14.9,1.038e-22,4.8798e-20,4.8794e-20,4.8947e-20,4.8743e-20,1.1461e-17,9.525e-16,1.2023e-17
15.038,9.9705e-23,4.7466e-20,4.7462e-20,4.7609e-20,4.7414e-20,1.1288e-17,9.3662e-16,1.1914e-17
15.177,9.5843e-23,4.6193e-20,4.6189e-20,4.6331e-20,4.6145e-20,1.1122e-17,9.2159e-16,1.1812e-17
15.317,9.2226e-23,4.4981e-20,4.4977e-20,4.5113e-20,4.4935e-20,1.0964e-17,9.0745e-16,1.1718e-17
15.459,8.882e-23,4.3821e-20,4.3817e-20,4.3948e-20,4.3778e-20,1.0812e-17,8.9407e-16,1.163e-17
15.602,8.5618e-23,4.2711e-20,4.2708e-20,4.2834e-20,4.2671e-20,1.0667e-17,8.8143e-16,1.1549e-17
15.747,8.2789e-23,4.1681e-20,4.1677e-20,4.1799e-20,4.1643e-20,1.0536e-17,8.7016e-16,1.1482e-17
15.893,7.9914e-23,4.0654e-20,4.0651e-20,4.0768e-20,4.0619e-20,1.04e-17,8.5871e-16,1.1409e-17
16.04,7.7346e-23,3.9693e-20,3.969e-20,3.9803e-20,3.966e-20,1.0276e-17,8.484e-16,1.1348e-17
16.189,7.4903e-23,3.8765e-20,3.8762e-20,3.8871e-20,3.8734e-20,1.0155e-17,8.3856e-16,1.1291e-17
16.339,7.2567e-23,3.7866e-20,3.7863e-20,3.7968e-20,3.7837e-20,1.0036e-17,8.2911e-16,1.1236e-17
16.49,7.033e-23,3.6994e-20,3.6991e-20,3.7093e-20,3.6967e-20,9.9197e-18,8.2004e-16,1.1183e-17
16.643,6.8189e-23,3.6149e-20,3.6146e-20,3.6244e-20,3.6123e-20,9.8057e-18,8.1133e-16,1.1133e-17
16.797,6.6256e-23,3.5348e-20,3.5346e-20,3.5441e-20,3.5325e-20,9.6992e-18,8.0342e-16,1.1091e-17
16.952,6.4283e-23,3.4551e-20,3.4548e-20,3.464e-20,3.4529e-20,9.589e-18,7.9537e-16,1.1044e-17
17.109,6.2491e-23,3.3792e-20,3.379e-20,3.3879e-20,3.3772e-20,9.4852e-18,7.8802e-16,1.1004e-17
17.268,6.0761e-23,3.3054e-20,3.3051e-20,3.3137e-20,3.3034e-20,9.3825e-18,7.8091e-16,1.0966e-17
17.428,5.9094e-23,3.2334e-20,3.2332e-20,3.2415e-20,3.2316e-20,9.281e-18,7.7407e-16,1.0928e-17
17.589,5.7473e-23,3.1631e-20,3.1628e-20,3.1709e-20,3.1614e-20,9.18e-18,7.6742e-16,1.0891e-17
17.752,5.5921e-23,3.0947e-20,3.0945e-20,3.1022e-20,3.0931e-20,9.0806e-18,7.6104e-16,1.0855e-17
17.917,5.4493e-23,3.0291e-20,3.0289e-20,3.0365e-20,3.0277e-20,8.9855e-18,7.5518e-16,1.0825e-17
18.082,5.3028e-23,2.9638e-20,2.9636e-20,2.9709e-20,2.9625e-20,8.8871e-18,7.4917e-16,1.079e-17
18.25,5.1692e-23,2.9013e-20,2.9012e-20,2.9082e-20,2.9001e-20,8.7935e-18,7.437e-16,1.0761e-17
18.419,5.0393e-23,2.8402e-20,2.8401e-20,2.8469e-20,2.8391e-20,8.7002e-18,7.384e-16,1.0732e-17
18.59,4.9133e-23,2.7805e-20,2.7803e-20,2.7869e-20,2.7795e-20,8.6075e-18,7.3326e-16,1.0703e-17
18.762,4.7903e-23,2.722e-20,2.7218e-20,2.7282e-20,2.7211e-20,8.5149e-18,7.2826e-16,1.0674e-17
18.936,4.6777e-23,2.6659e-20,2.6657e-20,2.6719e-20,2.665e-20,8.4261e-18,7.2371e-16,1.065e-17
19.111,4.5617e-23,2.6099e-20,2.6098e-20,2.6158e-20,2.6092e-20,8.3345e-18,7.1903e-16,1.0622e-17
19.288,4.4559e-23,2.5563e-20,2.5561e-20,2.562e-20,2.5556e-20,8.2467e-18,7.1479e-16,1.0599e-17
19.467,4.3521e-23,2.5036e-20,2.5035e-20,2.5091e-20,2.503e-20,8.1588e-18,7.1065e-16,1.0575e-17
19.647,4.2503e-23,2.452e-20,2.4518e-20,2.4573e-20,2.4514e-20,8.0709e-18,7.066e-16,1.0551e-17
19.829,4.1525e-23,2.4016e-20,2.4015e-20,2.4068e-20,2.4011e-20,7.9839e-18,7.0275e-16,1.0528e-17
20.012,4.0571e-23,2.3522e-20,2.3521e-20,2.3573e-20,2.3518e-20,7.8971e-18,6.99e-16,1.0505e-17
20.198,3.9688e-23,2.3046e-20,2.3045e-20,2.3095e-20,2.3042e-20,7.8129e-18,6.9558e-16,1.0485e-17
20.385,3.878e-23,2.2572e-20,2.2571e-20,2.2619e-20,2.2569e-20,7.7266e-18,6.9205e-16,1.0462e-17
20.574,3.794e-23,2.2115e-20,2.2114e-20,2.2161e-20,2.2113e-20,7.6429e-18,6.8884e-16,1.0443e-17
20.764,3.7133e-23,2.1669e-20,2.1668e-20,2.1713e-20,2.1667e-20,7.56e-18,6.8579e-16,1.0424e-17
20.957,3.6377e-23,2.1236e-20,2.1235e-20,2.1279e-20,2.1235e-20,7.4791e-18,6.8299e-16,1.0407e-17
21.151,3.5606e-23,2.0807e-20,2.0806e-20,2.0849e-20,2.0806e-20,7.3965e-18,6.8011e-16,1.0388e-17
21.347,3.4894e-23,2.0393e-20,2.0392e-20,2.0434e-20,2.0392e-20,7.3164e-18,6.7753e-16,1.0372e-17
21.544,3.4171e-23,1.9983e-20,1.9982e-20,2.0022e-20,1.9983e-20,7.2349e-18,6.749e-16,1.0354e-17
21.744,3.3498e-23,1.9585e-20,1.9585e-20,1.9624e-20,1.9586e-20,7.1555e-18,6.7251e-16,1.0338e-17
21.945,3.2878e-23,1.9202e-20,1.9201e-20,1.9239e-20,1.9202e-20,7.0783e-18,6.704e-16,1.0325e-17
22.149,3.2252e-23,1.8822e-20,1.8821e-20,1.8858e-20,1.8823e-20,7.0002e-18,6.6826e-16,1.0311e-17
22.354,3.1641e-23,1.845e-20,1.8449e-20,1.8485e-20,1.8451e-20,6.9224e-18,6.662e-16,1.0296e-17
22.561,3.1082e-23,1.8091e-20,1.809e-20,1.8125e-20,1.8093e-20,6.8469e-18,6.6443e-16,1.0285e-17
22.77,3.0538e-23,1.7739e-20,1.7739e-20,1.7773e-20,1.7741e-20,6.7718e-18,6.6273e-16,1.0274e-17
22.981,3.0019e-23,1.7396e-20,1.7396e-20,1.7429e-20,1.7398e-20,6.6977e-18,6.6117e-16,1.0264e-17
23.193,2.9516e-23,1.7061e-20,1.706e-20,1.7092e-20,1.7063e-20,6.6241e-18,6.5971e-16,1.0255e-17
23.408,2.907e-23,1.6739e-20,1.6738e-20,1.6769e-20,1.6741e-20,6.5533e-18,6.5858e-16,1.0249e-17
23.625,2.8629e-23,1.6422e-20,1.6421e-20,1.6451e-20,1.6424e-20,6.4826e-18,6.5749e-16,1.0244e-17
23.844,2.8204e-23,1.6112e-20,1.6111e-20,1.6141e-20,1.6115e-20,6.4125e-18,6.5651e-16,1.0239e-17
24.065,2.7815e-23,1.5813e-20,1.5812e-20,1.5841e-20,1.5816e-20,6.3444e-18,6.5576e-16,1.0236e-17
24.288,2.7468e-23,1.5524e-20,1.5523e-20,1.5551e-20,1.5527e-20,6.2785e-18,6.5529e-16,1.0238e-17
24.513,2.7142e-23,1.5243e-20,1.5242e-20,1.527e-20,1.5246e-20,6.2139e-18,6.5498e-16,1.0241e-17
24.74,2.6847e-23,1.4971e-20,1.4971e-20,1.4997e-20,1.4975e-20,6.151e-18,6.5489e-16,1.0246e-17
24.969,2.6588e-23,1.471e-20,1.4709e-20,1.4735e-20,1.4713e-20,6.0905e-18,6.5509e-16,1.0256e-17
25.2,2.6367e-23,1.4458e-20,1.4458e-20,1.4483e-20,1.4462e-20,6.0324e-18,6.556e-16,1.0269e-17
25.433,2.6184e-23,1.4217e-20,1.4217e-20,1.4241e-20,1.4221e-20,5.977e-18,6.5644e-16,1.0287e-17
25.669,2.6036e-23,1.3986e-20,1.3986e-20,1.401e-20,1.3991e-20,5.9241e-18,6.576e-16,1.0309e-17
25.907,2.5944e-23,1.3769e-20,1.3769e-20,1.3792e-20,1.3773e-20,5.8754e-18,6.5928e-16,1.0339e-17
26.147,2.5901e-23,1.3565e-20,1.3564e-20,1.3587e-20,1.3569e-20,5.8305e-18,6.6145e-16,1.0376e-17
26.389,2.5917e-23,1.3374e-20,1.3374e-20,1.3397e-20,1.3379e-20,5.7905e-18,6.6425e-16,1.0422e-17
26.633,2.5994e-23,1.32e-20,1.3199e-20,1.3221e-20,1.3204e-20,5.7559e-18,6.6774e-16,1.0478e-17
26.88,2.6157e-23,1.3045e-20,1.3045e-20,1.3066e-20,1.305e-20,5.7287e-18,6.7218e-16,1.0549e-17
27.129,2.6399e-23,1.291e-20,1.2909e-20,1.2931e-20,1.2914e-20,5.7091e-18,6.7763e-16,1.0634e-17
27.38,2.6753e-23,1.2801e-20,1.28e-20,1.2821e-20,1.2806e-20,5.7001e-18,6.8449e-16,1.0742e-17
27.634,2.7242e-23,1.2724e-20,1.2724e-20,1.2744e-20,1.2729e-20,5.7046e-18,6.9315e-16,1.0877e-17
27.89,2.7871e-23,1.2682e-20,1.2681e-20,1.2702e-20,1.2687e-20,5.7241e-18,7.0384e-16,1.1043e-17
28.148,2.8684e-23,1.2684e-20,1.2684e-20,1.2704e-20,1.269e-20,5.7636e-18,7.1728e-16,1.1252e-17
28.409,2.9751e-23,1.275e-20,1.275e-20,1.277e-20,1.2756e-20,5.8317e-18,7.3463e-16,1.1522e-17
28.672,3.1152e-23,1.2901e-20,1.29e-20,1.2921e-20,1.2906e-20,5.9389e-18,7.5738e-16,1.1875e-17
28.938,3.2914e-23,1.3148e-20,1.3148e-20,1.3168e-20,1.3154e-20,6.0919e-18,7.8657e-16,1.2329e-17
29.206,3.5261e-23,1.3552e-20,1.3552e-20,1.3573e-20,1.3558e-20,6.3189e-18,8.2616e-16,1.2945e-17
29.476,3.8431e-23,1.4183e-20,1.4182e-20,1.4204e-20,1.4189e-20,6.6546e-18,8.8111e-16,1.38e-17
29.749,4.2867e-23,1.5171e-20,1.5171e-20,1.5194e-20,1.5179e-20,7.1625e-18,9.6054e-16,1.5038e-17
30.025,4.9386e-23,1.6761e-20,1.6761e-20,1.6786e-20,1.6769e-20,7.9615e-18,1.0815e-15,1.6923e-17
30.303,5.9155e-23,1.9317e-20,1.9316e-20,1.9346e-20,1.9327e-20,9.2309e-18,1.2703e-15,1.9868e-17
30.583,7.5974e-23,2.3971e-20,2.397e-20,2.4007e-20,2.3983e-20,1.1523e-17,1.6067e-15,2.5114e-17
30.867,1.0889e-22,3.3456e-20,3.3455e-20,3.3505e-20,3.3473e-20,1.6178e-17,2.2856e-15,3.5705e-17
31.153,3.9147e-22,1.1765e-19,1.1765e-19,1.1782e-19,1.1771e-19,5.7221e-17,8.1926e-15,1.279e-16
31.441,2.0603e-20,6.1811e-18,6.181e-18,6.1901e-18,6.1844e-18,3.0235e-15,4.3873e-13,6.8446e-15
31.732,1.9458e-22,5.8758e-20,5.8757e-20,5.8843e-20,5.879e-20,2.8904e-17,4.2513e-15,6.6277e-17
32.026,9.6866e-23,2.9792e-20,2.9792e-20,2.9835e-20,2.9809e-20,1.4737e-17,2.1973e-15,3.423e-17
32.323,6.2243e-23,1.9752e-20,1.9752e-20,1.978e-20,1.9763e-20,9.8246e-18,1.4851e-15,2.3117e-17
32.622,4.5861e-23,1.5141e-20,1.5141e-20,1.5163e-20,1.515e-20,7.5721e-18,1.1605e-15,1.805e-17
32.924,3.6078e-23,1.2478e-20,1.2478e-20,1.2496e-20,1.2486e-20,6.2739e-18,9.7505e-16,1.5152e-17
33.229,2.9787e-23,1.0819e-20,1.0819e-20,1.0834e-20,1.0825e-20,5.4684e-18,8.6188e-16,1.3382e-17
33.537,2.532e-23,9.6727e-21,9.6725e-21,9.6863e-21,9.6784e-21,4.9145e-18,7.8559e-16,1.2186e-17
33.848,2.1996e-23,8.8367e-21,8.8365e-21,8.849e-21,8.842e-21,4.5128e-18,7.3173e-16,1.1339e-17
34.161,1.9447e-23,8.2021e-21,8.2019e-21,8.2134e-21,8.207e-21,4.21e-18,6.9247e-16,1.072e-17
34.478,1.7501e-23,7.7135e-21,7.7133e-21,7.7241e-21,7.7182e-21,3.979e-18,6.6399e-16,1.0269e-17
34.797,1.5922e-23,7.3119e-21,7.3118e-21,7.3219e-21,7.3164e-21,3.7905e-18,6.4179e-16,9.9146e-18
35.119,1.4619e-23,6.973e-21,6.9729e-21,6.9826e-21,6.9774e-21,3.6324e-18,6.2408e-16,9.6303e-18
35.445,1.3541e-23,6.6826e-21,6.6825e-21,6.6917e-21,6.6869e-21,3.4978e-18,6.0987e-16,9.4001e-18
35.773,1.2652e-23,6.4307e-21,6.4306e-21,6.4394e-21,6.4348e-21,3.3819e-18,5.9846e-16,9.2132e-18
36.104,1.1885e-23,6.2037e-21,6.2036e-21,6.2121e-21,6.2077e-21,3.2777e-18,5.8874e-16,9.0524e-18
36.439,1.1238e-23,5.9997e-21,5.9996e-21,6.0078e-21,6.0037e-21,3.1845e-18,5.8065e-16,8.9166e-18
36.776,1.0673e-23,5.8115e-21,5.8114e-21,5.8193e-21,5.8154e-21,3.0986e-18,5.7358e-16,8.7964e-18
37.117,1.0171e-23,5.6358e-21,5.6358e-21,5.6433e-21,5.6396e-21,3.0183e-18,5.6728e-16,8.688e-18
37.461,9.723e-24,5.4707e-21,5.4706e-21,5.4779e-21,5.4744e-21,2.9427e-18,5.616e-16,8.5889e-18
37.807,9.3318e-24,5.3159e-21,5.3158e-21,5.3229e-21,5.3195e-21,2.8719e-18,5.5658e-16,8.4997e-18
38.158,8.9775e-24,5.1684e-21,5.1683e-21,5.1752e-21,5.172e-21,2.8041e-18,5.5193e-16,8.4161e-18
38.511,8.6534e-24,5.0271e-21,5.027e-21,5.0337e-21,5.0306e-21,2.7389e-18,5.4757e-16,8.3366e-18
38.868,8.3642e-24,4.8924e-21,4.8923e-21,4.8988e-21,4.8958e-21,2.6765e-18,5.4356e-16,8.2624e-18
39.228,8.0972e-24,4.7625e-21,4.7624e-21,4.7686e-21,4.7658e-21,2.6161e-18,5.3974e-16,8.1907e-18
39.591,7.8506e-24,4.6369e-21,4.6369e-21,4.6429e-21,4.6402e-21,2.5573e-18,5.3607e-16,8.1211e-18
39.958,7.6261e-24,4.5159e-21,4.5158e-21,4.5217e-21,4.5191e-21,2.5004e-18,5.3258e-16,8.0541e-18
40.328,7.4149e-24,4.3981e-21,4.3981e-21,4.4038e-21,4.4013e-21,2.4447e-18,5.2916e-16,7.9877e-18
40.701,7.2175e-24,4.2837e-21,4.2836e-21,4.2892e-21,4.2868e-21,2.3902e-18,5.258e-16,7.9222e-18
41.078,7.0355e-24,4.1726e-21,4.1726e-21,4.1779e-21,4.1757e-21,2.337e-18,5.2254e-16,7.8577e-18
41.459,6.8636e-24,4.0642e-21,4.0642e-21,4.0694e-21,4.0672e-21,2.2848e-18,5.1929e-16,7.7933e-18
41.843,6.7e-24,3.9582e-21,3.9582e-21,3.9632e-21,3.9612e-21,2.2333e-18,5.1603e-16,7.7283e-18
42.23,6.5478e-24,3.8549e-21,3.8548e-21,3.8597e-21,3.8578e-21,2.1828e-18,5.128e-16,7.6636e-18
42.622,6.4034e-24,3.7537e-21,3.7537e-21,3.7584e-21,3.7566e-21,2.1331e-18,5.0955e-16,7.5981e-18
43.016,6.2678e-24,3.6548e-21,3.6548e-21,3.6594e-21,3.6576e-21,2.0841e-18,5.0628e-16,7.5321e-18
43.415,6.1352e-24,3.5574e-21,3.5574e-21,3.5618e-21,3.5601e-21,2.0355e-18,5.0291e-16,7.4643e-18
43.817,6.0134e-24,3.4623e-21,3.4622e-21,3.4666e-21,3.4649e-21,1.9877e-18,4.9953e-16,7.3961e-18
44.223,5.8931e-24,3.3684e-21,3.3683e-21,3.3725e-21,3.371e-21,1.9402e-18,4.9601e-16,7.3255e-18
44.632,5.7809e-24,3.2763e-21,3.2762e-21,3.2803e-21,3.2788e-21,1.8933e-18,4.9243e-16,7.2537e-18
45.046,5.6744e-24,3.1856e-21,3.1856e-21,3.1895e-21,3.1881e-21,1.8468e-18,4.8874e-16,7.18e-18
45.463,5.5682e-24,3.0958e-21,3.0958e-21,3.0996e-21,3.0982e-21,1.8004e-18,4.8484e-16,7.103e-18
45.884,5.4682e-24,3.0074e-21,3.0073e-21,3.011e-21,3.0097e-21,1.7544e-18,4.8082e-16,7.0237e-18
46.309,5.3747e-24,2.9201e-21,2.9201e-21,2.9236e-21,2.9224e-21,1.7087e-18,4.7664e-16,6.942e-18
46.738,5.2826e-24,2.8335e-21,2.8335e-21,2.8369e-21,2.8357e-21,1.6629e-18,4.7221e-16,6.8565e-18
47.171,5.194e-24,2.7476e-21,2.7475e-21,2.7509e-21,2.7498e-21,1.6173e-18,4.6754e-16,6.7671e-18
47.608,5.1103e-24,2.6623e-21,2.6623e-21,2.6655e-21,2.6645e-21,1.5716e-18,4.6261e-16,6.6737e-18
48.049,5.0271e-24,2.5773e-21,2.5772e-21,2.5804e-21,2.5793e-21,1.5257e-18,4.5732e-16,6.5751e-18
48.494,4.9475e-24,2.4925e-21,2.4924e-21,2.4954e-21,2.4945e-21,1.4796e-18,4.5169e-16,6.4713e-18
48.943,4.8716e-24,2.4077e-21,2.4077e-21,2.4106e-21,2.4097e-21,1.4333e-18,4.4565e-16,6.3617e-18
49.396,4.7994e-24,2.3229e-21,2.3229e-21,2.3256e-21,2.3248e-21,1.3865e-18,4.3916e-16,6.2456e-18
49.854,4.7269e-24,2.2375e-21,2.2374e-21,2.2401e-21,2.2393e-21,1.339e-18,4.3212e-16,6.1216e-18
50.315,4.6594e-24,2.1516e-21,2.1516e-21,2.1541e-21,2.1533e-21,1.2909e-18,4.2451e-16,5.9896e-18
50.782,4.5925e-24,2.0647e-21,2.0647e-21,2.0672e-21,2.0665e-21,1.242e-18,4.1621e-16,5.8483e-18
51.252,4.5275e-24,1.9768e-21,1.9768e-21,1.9792e-21,1.9785e-21,1.1921e-18,4.0717e-16,5.6967e-18
51.727,4.4665e-24,1.8876e-21,1.8876e-21,1.8899e-21,1.8892e-21,1.1411e-18,3.973e-16,5.534e-18
52.206,4.406e-24,1.7968e-21,1.7968e-21,1.7989e-21,1.7984e-21,1.0888e-18,3.8651e-16,5.3589e-18
52.689,4.3475e-24,1.7043e-21,1.7043e-21,1.7063e-21,1.7057e-21,1.0352e-18,3.7469e-16,5.1705e-18
53.177,4.2907e-24,1.6098e-21,1.6098e-21,1.6117e-21,1.6112e-21,9.8007e-19,3.6176e-16,4.9677e-18
53.67,4.2358e-24,1.5133e-21,1.5133e-21,1.515e-21,1.5146e-21,9.234e-19,3.4765e-16,4.7497e-18
54.167,4.1833e-24,1.4147e-21,1.4147e-21,1.4164e-21,1.4159e-21,8.6518e-19,3.3229e-16,4.516e-18
54.669,4.1312e-24,1.3146e-21,1.3146e-21,1.3161e-21,1.3157e-21,8.0571e-19,3.1572e-16,4.2675e-18
55.175,4.0804e-24,1.2136e-21,1.2136e-21,1.215e-21,1.2146e-21,7.4541e-19,2.9806e-16,4.0063e-18
55.686,4.0334e-24,1.1128e-21,1.1128e-21,1.1141e-21,1.1138e-21,6.8496e-19,2.7953e-16,3.7354e-18
56.202,3.9852e-24,1.0164e-21,1.0164e-21,1.0176e-21,1.0173e-21,6.2691e-19,2.6116e-16,3.469e-18
56.722,3.9393e-24,9.2948e-22,9.2947e-22,9.3054e-22,9.3028e-22,5.7443e-19,2.4431e-16,3.225e-18
57.248,3.8953e-24,8.612e-22,8.6119e-22,8.6219e-22,8.6195e-22,5.3329e-19,2.316e-16,3.0377e-18
57.778,3.8525e-24,8.2273e-22,8.2272e-22,8.2367e-22,8.2344e-22,5.1045e-19,2.2641e-16,2.9498e-18
58.313,3.8102e-24,8.1891e-22,8.189e-22,8.1984e-22,8.1962e-22,5.0904e-19,2.3063e-16,2.9843e-18
58.853,3.7698e-24,8.4222e-22,8.4221e-22,8.4318e-22,8.4296e-22,5.245e-19,2.4279e-16,3.1193e-18
59.398,3.73e-24,8.8029e-22,8.8029e-22,8.8129e-22,8.8106e-22,5.4921e-19,2.5979e-16,3.3132e-18
59.948,3.6919e-24,9.2266e-22,9.2265e-22,9.237e-22,9.2347e-22,5.7667e-19,2.7881e-16,3.5287e-18
60.504,3.6537e-24,9.636e-22,9.6359e-22,9.6469e-22,9.6445e-22,6.033e-19,2.9819e-16,3.7443e-18
61.064,3.6173e-24,1.0004e-21,1.0004e-21,1.0015e-21,1.0013e-21,6.2741e-19,3.1708e-16,3.9492e-18
61.63,3.5827e-24,1.0322e-21,1.0322e-21,1.0334e-21,1.0331e-21,6.4843e-19,3.3515e-16,4.1392e-18
62.2,3.5478e-24,1.0587e-21,1.0587e-21,1.0599e-21,1.0597e-21,6.6617e-19,3.5223e-16,4.3122e-18
62.777,3.5148e-24,1.0804e-21,1.0804e-21,1.0816e-21,1.0814e-21,6.8092e-19,3.6838e-16,4.4692e-18
63.358,3.4815e-24,1.0975e-21,1.0975e-21,1.0988e-21,1.0985e-21,6.9276e-19,3.8357e-16,4.6102e-18
63.945,3.4499e-24,1.1108e-21,1.1108e-21,1.112e-21,1.1118e-21,7.022e-19,3.98e-16,4.7375e-18
64.537,3.4185e-24,1.1205e-21,1.1205e-21,1.1217e-21,1.1215e-21,7.0938e-19,4.117e-16,4.8516e-18
65.135,3.3884e-24,1.1273e-21,1.1273e-21,1.1285e-21,1.1283e-21,7.1471e-19,4.2485e-16,4.9548e-18
65.738,3.3589e-24,1.1315e-21,1.1315e-21,1.1328e-21,1.1325e-21,7.184e-19,4.375e-16,5.0478e-18
66.347,3.3301e-24,1.1336e-21,1.1336e-21,1.1348e-21,1.1346e-21,7.2072e-19,4.4979e-16,5.132e-18
66.962,3.3023e-24,1.1339e-21,1.1339e-21,1.1352e-21,1.1349e-21,7.2189e-19,4.6183e-16,5.209e-18
67.582,3.2748e-24,1.1327e-21,1.1327e-21,1.134e-21,1.1337e-21,7.2206e-19,4.7367e-16,5.279e-18
68.208,3.2487e-24,1.1304e-21,1.1304e-21,1.1317e-21,1.1314e-21,7.2152e-19,4.855e-16,5.3442e-18
68.84,3.2225e-24,1.127e-21,1.127e-21,1.1282e-21,1.128e-21,7.2023e-19,4.9727e-16,5.404e-18
69.477,3.1975e-24,1.1229e-21,1.1229e-21,1.1242e-21,1.124e-21,7.1852e-19,5.0919e-16,5.4605e-18
70.121,3.1725e-24,1.1182e-21,1.1182e-21,1.1194e-21,1.1192e-21,7.163e-19,5.2123e-16,5.513e-18
70.77,3.1482e-24,1.113e-21,1.113e-21,1.1142e-21,1.114e-21,7.138e-19,5.3353e-16,5.563e-18
71.426,3.1246e-24,1.1075e-21,1.1075e-21,1.1088e-21,1.1085e-21,7.111e-19,5.4618e-16,5.611e-18
72.087,3.101e-24,1.1017e-21,1.1017e-21,1.103e-21,1.1028e-21,7.0815e-19,5.5915e-16,5.6566e-18
72.755,3.0781e-24,1.0959e-21,1.0959e-21,1.0971e-21,1.0969e-21,7.0515e-19,5.7264e-16,5.7013e-18
73.429,3.0568e-24,1.0903e-21,1.0903e-21,1.0915e-21,1.0913e-21,7.0225e-19,5.8678e-16,5.7462e-18
74.109,3.0348e-24,1.0845e-21,1.0845e-21,1.0857e-21,1.0855e-21,6.992e-19,6.0143e-16,5.7892e-18
74.795,3.0145e-24,1.079e-21,1.079e-21,1.0802e-21,1.08e-21,6.9634e-19,6.1693e-16,5.8331e-18
75.488,2.9931e-24,1.0734e-21,1.0734e-21,1.0746e-21,1.0744e-21,6.9335e-19,6.3301e-16,5.8751e-18
76.187,2.9723e-24,1.068e-21,1.068e-21,1.0692e-21,1.069e-21,6.9047e-19,6.4999e-16,5.9174e-18
76.893,2.9528e-24,1.063e-21,1.063e-21,1.0641e-21,1.064e-21,6.8783e-19,6.6803e-16,5.9608e-18
77.605,2.9342e-24,1.0583e-21,1.0583e-21,1.0595e-21,1.0593e-21,6.854e-19,6.8721e-16,6.0052e-18
78.324,2.9143e-24,1.0535e-21,1.0535e-21,1.0547e-21,1.0545e-21,6.8285e-19,7.0728e-16,6.0478e-18
79.049,2.8961e-24,1.0493e-21,1.0493e-21,1.0505e-21,1.0503e-21,6.8066e-19,7.2884e-16,6.0927e-18
79.781,2.8782e-24,1.0454e-21,1.0454e-21,1.0465e-21,1.0464e-21,6.7862e-19,7.5178e-16,6.138e-18
80.52,2.8604e-24,1.0417e-21,1.0417e-21,1.0428e-21,1.0427e-21,6.7671e-19,7.762e-16,6.1837e-18
81.266,2.8423e-24,1.0381e-21,1.0381e-21,1.0392e-21,1.0391e-21,6.7486e-19,8.0217e-16,6.2288e-18
82.019,2.825e-24,1.0349e-21,1.0349e-21,1.0361e-21,1.0359e-21,6.7324e-19,8.3005e-16,6.2752e-18
82.779,2.8085e-24,1.0322e-21,1.0322e-21,1.0333e-21,1.0331e-21,6.7187e-19,8.6007e-16,6.3229e-18
83.545,2.7918e-24,1.0295e-21,1.0295e-21,1.0307e-21,1.0305e-21,6.7058e-19,8.922e-16,6.3703e-18
84.319,2.7758e-24,1.0273e-21,1.0273e-21,1.0284e-21,1.0282e-21,6.6949e-19,9.2686e-16,6.4186e-18
85.1,2.7608e-24,1.0254e-21,1.0254e-21,1.0265e-21,1.0264e-21,6.6867e-19,9.6442e-16,6.4684e-18
85.888,2.7449e-24,1.0236e-21,1.0236e-21,1.0247e-21,1.0245e-21,6.6783e-19,1.0048e-15,6.5169e-18
86.684,2.7293e-24,1.022e-21,1.022e-21,1.0231e-21,1.0229e-21,6.6712e-19,1.0485e-15,6.5656e-18
87.487,2.7144e-24,1.0207e-21,1.0207e-21,1.0218e-21,1.0216e-21,6.666e-19,1.0961e-15,6.6149e-18
88.297,2.6993e-24,1.0195e-21,1.0195e-21,1.0206e-21,1.0205e-21,6.6616e-19,1.1479e-15,6.6638e-18
89.115,2.6854e-24,1.0188e-21,1.0188e-21,1.0199e-21,1.0197e-21,6.6596e-19,1.2048e-15,6.7139e-18
89.94,2.6709e-24,1.018e-21,1.018e-21,1.0192e-21,1.019e-21,6.6575e-19,1.2669e-15,6.7627e-18
90.773,2.6575e-24,1.0177e-21,1.0177e-21,1.0188e-21,1.0186e-21,6.6576e-19,1.3354e-15,6.8124e-18
91.614,2.6433e-24,1.0173e-21,1.0173e-21,1.0184e-21,1.0182e-21,6.6573e-19,1.4109e-15,6.8602e-18
92.463,2.6304e-24,1.0172e-21,1.0172e-21,1.0183e-21,1.0182e-21,6.6593e-19,1.4948e-15,6.9091e-18
93.319,2.6167e-24,1.0171e-21,1.0171e-21,1.0182e-21,1.0181e-21,6.6607e-19,1.5879e-15,6.9558e-18
94.183,2.604e-24,1.0173e-21,1.0173e-21,1.0184e-21,1.0183e-21,6.6639e-19,1.6923e-15,7.003e-18
95.056,2.5908e-24,1.0175e-21,1.0175e-21,1.0186e-21,1.0184e-21,6.6667e-19,1.8092e-15,7.0482e-18
95.936,2.5786e-24,1.0179e-21,1.0179e-21,1.019e-21,1.0189e-21,6.6711e-19,1.9414e-15,7.0936e-18
96.825,2.5664e-24,1.0184e-21,1.0184e-21,1.0195e-21,1.0194e-21,6.6759e-19,2.0911e-15,7.1377e-18
97.721,2.5546e-24,1.019e-21,1.019e-21,1.0201e-21,1.02e-21,6.6813e-19,2.2613e-15,7.1808e-18
98.627,2.5421e-24,1.0195e-21,1.0195e-21,1.0206e-21,1.0205e-21,6.6857e-19,2.4549e-15,7.2212e-18
99.54,2.5305e-24,1.0203e-21,1.0203e-21,1.0214e-21,1.0213e-21,6.6915e-19,2.6759e-15,7.2613e-18
100.46,2.5196e-24,1.0212e-21,1.0212e-21,1.0223e-21,1.0222e-21,6.6983e-19,2.9272e-15,7.3007e-18
101.39,2.5081e-24,1.022e-21,1.022e-21,1.0231e-21,1.0229e-21,6.704e-19,3.209e-15,7.3372e-18
102.33,2.4967e-24,1.0228e-21,1.0228e-21,1.0239e-21,1.0237e-21,6.7098e-19,3.5186e-15,7.3718e-18
103.28,2.4864e-24,1.0238e-21,1.0238e-21,1.0249e-21,1.0248e-21,6.717e-19,3.8454e-15,7.4061e-18
104.24,2.4752e-24,1.0246e-21,1.0246e-21,1.0257e-21,1.0256e-21,6.7226e-19,4.1636e-15,7.4367e-18
105.2,2.4651e-24,1.0257e-21,1.0257e-21,1.0268e-21,1.0266e-21,6.7295e-19,4.4342e-15,7.4668e-18
106.18,2.4559e-24,1.0269e-21,1.0269e-21,1.028e-21,1.0279e-21,6.7374e-19,4.6069e-15,7.4961e-18
107.16,2.446e-24,1.0279e-21,1.0279e-21,1.029e-21,1.0289e-21,6.7438e-19,4.6397e-15,7.5218e-18
108.15,2.4361e-24,1.0289e-21,1.0289e-21,1.03e-21,1.0299e-21,6.75e-19,4.5259e-15,7.5451e-18
109.15,2.4264e-24,1.0299e-21,1.0299e-21,1.031e-21,1.0309e-21,6.7559e-19,4.2963e-15,7.5661e-18
110.16,2.4176e-24,1.031e-21,1.031e-21,1.0321e-21,1.032e-21,6.7626e-19,4.0007e-15,7.586e-18
111.18,2.408e-24,1.0319e-21,1.0319e-21,1.033e-21,1.0329e-21,6.7678e-19,3.6827e-15,7.6022e-18
112.21,2.3995e-24,1.033e-21,1.033e-21,1.0341e-21,1.034e-21,6.774e-19,3.3736e-15,7.6173e-18
113.25,2.391e-24,1.034e-21,1.034e-21,1.0352e-21,1.035e-21,6.7796e-19,3.0879e-15,7.6298e-18
114.3,2.3828e-24,1.0351e-21,1.0351e-21,1.0362e-21,1.0361e-21,6.785e-19,2.8315e-15,7.6401e-18
115.36,2.3746e-24,1.036e-21,1.036e-21,1.0371e-21,1.037e-21,6.7899e-19,2.6046e-15,7.6476e-18
116.43,2.3667e-24,1.037e-21,1.037e-21,1.0381e-21,1.038e-21,6.7946e-19,2.4051e-15,7.6529e-18
117.51,2.3588e-24,1.0379e-21,1.0379e-21,1.039e-21,1.0389e-21,6.7987e-19,2.2298e-15,7.6555e-18
118.6,2.352e-24,1.0389e-21,1.0389e-21,1.04e-21,1.0399e-21,6.8036e-19,2.0759e-15,7.657e-18
119.7,2.3454e-24,1.0399e-21,1.0399e-21,1.041e-21,1.0409e-21,6.8081e-19,1.9401e-15,7.6561e-18
120.8,2.3381e-24,1.0407e-21,1.0407e-21,1.0418e-21,1.0417e-21,6.8111e-19,1.8195e-15,7.6515e-18
121.92,2.332e-24,1.0416e-21,1.0416e-21,1.0427e-21,1.0426e-21,6.815e-19,1.7124e-15,7.6459e-18
123.05,2.3267e-24,1.0426e-21,1.0426e-21,1.0438e-21,1.0436e-21,6.8192e-19,1.6169e-15,7.6388e-18
124.19,2.3212e-24,1.0435e-21,1.0435e-21,1.0446e-21,1.0445e-21,6.8225e-19,1.5311e-15,7.6287e-18
125.34,2.3161e-24,1.0444e-21,1.0444e-21,1.0455e-21,1.0454e-21,6.8256e-19,1.4537e-15,7.6166e-18
126.5,2.3118e-24,1.0454e-21,1.0454e-21,1.0465e-21,1.0464e-21,6.829e-19,1.3839e-15,7.603e-18
127.68,2.3079e-24,1.0463e-21,1.0463e-21,1.0474e-21,1.0473e-21,6.8322e-19,1.3204e-15,7.5874e-18
128.86,2.3044e-24,1.0472e-21,1.0472e-21,1.0484e-21,1.0483e-21,6.8352e-19,1.2626e-15,7.5699e-18
130.05,2.3015e-24,1.0482e-21,1.0482e-21,1.0494e-21,1.0492e-21,6.8383e-19,1.2098e-15,7.5507e-18
131.26,2.2991e-24,1.0492e-21,1.0492e-21,1.0503e-21,1.0502e-21,6.8413e-19,1.1614e-15,7.5298e-18
132.47,2.2974e-24,1.0502e-21,1.0502e-21,1.0514e-21,1.0512e-21,6.8444e-19,1.117e-15,7.5074e-18
133.7,2.2966e-24,1.0513e-21,1.0513e-21,1.0525e-21,1.0523e-21,6.8478e-19,1.076e-15,7.4838e-18
134.94,2.2965e-24,1.0525e-21,1.0525e-21,1.0536e-21,1.0535e-21,6.8516e-19,1.0383e-15,7.459e-18
136.19,2.2982e-24,1.0538e-21,1.0538e-21,1.055e-21,1.0549e-21,6.8566e-19,1.0035e-15,7.4341e-18
137.45,2.3008e-24,1.0553e-21,1.0553e-21,1.0565e-21,1.0563e-21,6.862e-19,9.713e-16,7.4082e-18
138.72,2.304e-24,1.0568e-21,1.0568e-21,1.0579e-21,1.0578e-21,6.8674e-19,9.4136e-16,7.3809e-18
140.01,2.3097e-24,1.0586e-21,1.0586e-21,1.0598e-21,1.0597e-21,6.8751e-19,9.1377e-16,7.3547e-18
141.3,2.3159e-24,1.0605e-21,1.0605e-21,1.0617e-21,1.0615e-21,6.8826e-19,8.8803e-16,7.3271e-18
142.61,2.3246e-24,1.0627e-21,1.0627e-21,1.0639e-21,1.0638e-21,6.8924e-19,8.6425e-16,7.3005e-18
143.93,2.3358e-24,1.0653e-21,1.0653e-21,1.0665e-21,1.0663e-21,6.9043e-19,8.4227e-16,7.275e-18
145.27,2.3484e-24,1.0681e-21,1.0681e-21,1.0692e-21,1.0691e-21,6.9172e-19,8.2181e-16,7.2493e-18
146.61,2.3664e-24,1.0717e-21,1.0717e-21,1.0729e-21,1.0727e-21,6.9357e-19,8.0325e-16,7.2282e-18
147.97,2.3862e-24,1.0756e-21,1.0756e-21,1.0768e-21,1.0766e-21,6.9556e-19,7.8602e-16,7.2075e-18
149.34,2.4121e-24,1.0805e-21,1.0805e-21,1.0817e-21,1.0816e-21,6.982e-19,7.7054e-16,7.1921e-18
150.72,2.4424e-24,1.0861e-21,1.0861e-21,1.0873e-21,1.0872e-21,7.0129e-19,7.565e-16,7.1803e-18
152.12,2.4784e-24,1.0928e-21,1.0928e-21,1.094e-21,1.0939e-21,7.05e-19,7.4397e-16,7.1736e-18
153.53,2.5242e-24,1.1012e-21,1.1012e-21,1.1024e-21,1.1023e-21,7.0983e-19,7.3336e-16,7.1769e-18
154.95,2.5811e-24,1.1117e-21,1.1117e-21,1.1129e-21,1.1128e-21,7.1597e-19,7.2475e-16,7.1921e-18
156.38,2.6464e-24,1.1238e-21,1.1238e-21,1.125e-21,1.1249e-21,7.2315e-19,7.1775e-16,7.216e-18
157.83,2.7354e-24,1.1406e-21,1.1406e-21,1.1418e-21,1.1417e-21,7.333e-19,7.1416e-16,7.2679e-18
159.3,2.8392e-24,1.1606e-21,1.1606e-21,1.1618e-21,1.1617e-21,7.4547e-19,7.1286e-16,7.3376e-18
160.77,2.9752e-24,1.1875e-21,1.1875e-21,1.1888e-21,1.1887e-21,7.6205e-19,7.16e-16,7.4483e-18
162.26,3.1528e-24,1.2239e-21,1.2239e-21,1.2253e-21,1.2251e-21,7.8468e-19,7.2487e-16,7.6148e-18
163.76,3.3913e-24,1.275e-21,1.275e-21,1.2764e-21,1.2762e-21,8.1662e-19,7.4217e-16,7.8674e-18
165.28,3.7229e-24,1.3496e-21,1.3496e-21,1.3511e-21,1.351e-21,8.6359e-19,7.7262e-16,8.2588e-18
166.81,4.2029e-24,1.464e-21,1.464e-21,1.4657e-21,1.4655e-21,9.3586e-19,8.2471e-16,8.8831e-18
168.36,4.8909e-24,1.6379e-21,1.6379e-21,1.6397e-21,1.6395e-21,1.0459e-18,9.084e-16,9.8527e-18
169.91,6.0997e-24,1.9621e-21,1.9621e-21,1.9643e-21,1.964e-21,1.2516e-18,1.072e-15,1.17e-17
171.49,8.2598e-24,2.5714e-21,2.5714e-21,2.5743e-21,2.574e-21,1.6386e-18,1.3847e-15,1.5199e-17
173.08,1.3605e-23,4.1355e-21,4.1355e-21,4.1401e-21,4.1397e-21,2.6323e-18,2.196e-15,2.4226e-17
174.68,4.4904e-23,1.3487e-20,1.3487e-20,1.3502e-20,1.3501e-20,8.5753e-18,7.066e-15,7.8294e-17
176.3,3.2252e-23,9.697e-21,9.697e-21,9.7079e-21,9.7068e-21,6.1585e-18,5.0148e-15,5.5779e-17
177.93,1.1719e-23,3.5755e-21,3.5755e-21,3.5795e-21,3.5791e-21,2.2682e-18,1.8261e-15,2.0377e-17
179.58,7.3273e-24,2.2965e-21,2.2965e-21,2.2991e-21,2.2988e-21,1.4551e-18,1.1589e-15,1.2967e-17
181.24,5.2911e-24,1.7292e-21,1.7292e-21,1.7311e-21,1.7309e-21,1.0943e-18,8.6253e-16,9.6715e-18
182.92,4.2442e-24,1.4565e-21,1.4565e-21,1.4581e-21,1.458e-21,9.2066e-19,7.1848e-16,8.0692e-18
184.61,3.5915e-24,1.3e-21,1.3e-21,1.3015e-21,1.3014e-21,8.2075e-19,6.3448e-16,7.1336e-18
186.32,3.1522e-24,1.2041e-21,1.2041e-21,1.2054e-21,1.2053e-21,7.5921e-19,5.8164e-16,6.5433e-18
188.05,2.8576e-24,1.1453e-21,1.1453e-21,1.1466e-21,1.1465e-21,7.2125e-19,5.4785e-16,6.1637e-18
189.79,2.6256e-24,1.1032e-21,1.1032e-21,1.1044e-21,1.1043e-21,6.938e-19,5.2273e-16,5.8787e-18
191.55,2.4599e-24,1.0756e-21,1.0755e-21,1.0768e-21,1.0766e-21,6.7554e-19,5.0505e-16,5.675e-18
193.32,2.3233e-24,1.0547e-21,1.0547e-21,1.0559e-21,1.0558e-21,6.6154e-19,4.9099e-16,5.5097e-18
195.11,2.221e-24,1.0403e-21,1.0403e-21,1.0415e-21,1.0413e-21,6.5162e-19,4.803e-16,5.3803e-18
196.92,2.1376e-24,1.0295e-21,1.0295e-21,1.0307e-21,1.0305e-21,6.4397e-19,4.7159e-16,5.271e-18
198.75,2.0696e-24,1.0214e-21,1.0214e-21,1.0226e-21,1.0225e-21,6.3805e-19,4.644e-16,5.1771e-18
200.59,2.0139e-24,1.0155e-21,1.0155e-21,1.0166e-21,1.0165e-21,6.3342e-19,4.5839e-16,5.0946e-18
202.44,1.9655e-24,1.0109e-21,1.0109e-21,1.012e-21,1.0119e-21,6.2962e-19,4.5321e-16,5.0197e-18
204.32,1.9257e-24,1.0076e-21,1.0076e-21,1.0087e-21,1.0086e-21,6.2665e-19,4.4883e-16,4.9522e-18
206.21,1.8911e-24,1.0052e-21,1.0052e-21,1.0063e-21,1.0062e-21,6.2423e-19,4.4503e-16,4.8896e-18
208.12,1.8596e-24,1.0034e-21,1.0034e-21,1.0046e-21,1.0045e-21,6.2221e-19,4.4169e-16,4.8307e-18
210.05,1.8325e-24,1.0024e-21,1.0024e-21,1.0036e-21,1.0034e-21,6.2061e-19,4.3883e-16,4.7757e-18
212,1.8092e-24,1.002e-21,1.002e-21,1.0032e-21,1.003e-21,6.1939e-19,4.364e-16,4.7241e-18
213.96,1.788e-24,1.002e-21,1.002e-21,1.0032e-21,1.0031e-21,6.1844e-19,4.3431e-16,4.675e-18
215.94,1.7677e-24,1.0024e-21,1.0024e-21,1.0036e-21,1.0035e-21,6.1769e-19,4.3251e-16,4.6279e-18
217.94,1.7499e-24,1.0033e-21,1.0033e-21,1.0045e-21,1.0043e-21,6.1721e-19,4.3104e-16,4.5832e-18
219.96,1.734e-24,1.0046e-21,1.0045e-21,1.0057e-21,1.0056e-21,6.1697e-19,4.2987e-16,4.5406e-18
222,1.7184e-24,1.0061e-21,1.0061e-21,1.0073e-21,1.0071e-21,6.1688e-19,4.2895e-16,4.4996e-18
224.05,1.7044e-24,1.008e-21,1.008e-21,1.0092e-21,1.0091e-21,6.1701e-19,4.283e-16,4.4604e-18
226.13,1.6905e-24,1.0102e-21,1.0102e-21,1.0114e-21,1.0113e-21,6.173e-19,4.2788e-16,4.4228e-18
228.22,1.6778e-24,1.0128e-21,1.0128e-21,1.014e-21,1.0138e-21,6.1777e-19,4.2771e-16,4.3868e-18
230.34,1.6657e-24,1.0156e-21,1.0156e-21,1.0168e-21,1.0167e-21,6.1842e-19,4.2778e-16,4.3524e-18
232.47,1.6546e-24,1.0188e-21,1.0188e-21,1.02e-21,1.0199e-21,6.1924e-19,4.2808e-16,4.3195e-18
234.62,1.6433e-24,1.0223e-21,1.0223e-21,1.0235e-21,1.0234e-21,6.2022e-19,4.2859e-16,4.2879e-18
236.8,1.6338e-24,1.0261e-21,1.0261e-21,1.0273e-21,1.0272e-21,6.2138e-19,4.2934e-16,4.2578e-18
238.99,1.6237e-24,1.0302e-21,1.0302e-21,1.0314e-21,1.0313e-21,6.2269e-19,4.303e-16,4.229e-18
241.2,1.6137e-24,1.0346e-21,1.0346e-21,1.0358e-21,1.0357e-21,6.2416e-19,4.3146e-16,4.2016e-18
243.44,1.604e-24,1.0393e-21,1.0393e-21,1.0405e-21,1.0404e-21,6.2579e-19,4.3283e-16,4.1754e-18
245.69,1.5958e-24,1.0443e-21,1.0443e-21,1.0456e-21,1.0454e-21,6.2759e-19,4.3442e-16,4.1505e-18
247.97,1.5868e-24,1.0497e-21,1.0497e-21,1.0509e-21,1.0508e-21,6.2955e-19,4.362e-16,4.1269e-18
250.26,1.5779e-24,1.0553e-21,1.0553e-21,1.0566e-21,1.0564e-21,6.3167e-19,4.3819e-16,4.1045e-18
252.58,1.5701e-24,1.0613e-21,1.0613e-21,1.0625e-21,1.0624e-21,6.3394e-19,4.4037e-16,4.0832e-18
254.92,1.5614e-24,1.0675e-21,1.0675e-21,1.0688e-21,1.0687e-21,6.3638e-19,4.4275e-16,4.0632e-18
257.28,1.5541e-24,1.0741e-21,1.0741e-21,1.0754e-21,1.0753e-21,6.3897e-19,4.4532e-16,4.0442e-18
259.67,1.5459e-24,1.081e-21,1.081e-21,1.0823e-21,1.0822e-21,6.4172e-19,4.4809e-16,4.0264e-18
262.07,1.5377e-24,1.0883e-21,1.0883e-21,1.0896e-21,1.0894e-21,6.4463e-19,4.5104e-16,4.0097e-18
264.5,1.5306e-24,1.0958e-21,1.0958e-21,1.0971e-21,1.097e-21,6.4768e-19,4.5417e-16,3.9939e-18
266.95,1.5235e-24,1.1036e-21,1.1036e-21,1.105e-21,1.1048e-21,6.5089e-19,4.5749e-16,3.9792e-18
269.42,1.5157e-24,1.1118e-21,1.1118e-21,1.1132e-21,1.113e-21,6.5425e-19,4.6099e-16,3.9656e-18
271.92,1.509e-24,1.1203e-21,1.1203e-21,1.1217e-21,1.1215e-21,6.5775e-19,4.6466e-16,3.9528e-18
274.43,1.5013e-24,1.1291e-21,1.1291e-21,1.1305e-21,1.1303e-21,6.6141e-19,4.6852e-16,3.941e-18
276.98,1.4948e-24,1.1382e-21,1.1382e-21,1.1396e-21,1.1394e-21,6.652e-19,4.7253e-16,3.93e-18
279.54,1.4881e-24,1.1476e-21,1.1476e-21,1.149e-21,1.1489e-21,6.6913e-19,4.7671e-16,3.92e-18
282.13,1.4807e-24,1.1574e-21,1.1574e-21,1.1588e-21,1.1586e-21,6.7322e-19,4.8107e-16,3.9108e-18
284.74,1.4743e-24,1.1674e-21,1.1674e-21,1.1689e-21,1.1687e-21,6.7742e-19,4.8558e-16,3.9023e-18
287.38,1.4681e-24,1.1778e-21,1.1778e-21,1.1792e-21,1.179e-21,6.8175e-19,4.9024e-16,3.8946e-18
290.04,1.4616e-24,1.1884e-21,1.1884e-21,1.1899e-21,1.1897e-21,6.8622e-19,4.9506e-16,3.8876e-18
292.73,1.4544e-24,1.1994e-21,1.1994e-21,1.2009e-21,1.2007e-21,6.9083e-19,5.0004e-16,3.8815e-18
295.44,1.4482e-24,1.2106e-21,1.2106e-21,1.2121e-21,1.212e-21,6.9555e-19,5.0515e-16,3.8759e-18
298.18,1.4422e-24,1.2222e-21,1.2222e-21,1.2237e-21,1.2235e-21,7.0037e-19,5.104e-16,3.871e-18
300.94,1.436e-24,1.234e-21,1.234e-21,1.2355e-21,1.2354e-21,7.0533e-19,5.1579e-16,3.8666e-18
303.73,1.4301e-24,1.2461e-21,1.2461e-21,1.2477e-21,1.2475e-21,7.1038e-19,5.2131e-16,3.8629e-18
306.54,1.4241e-24,1.2585e-21,1.2585e-21,1.2601e-21,1.2599e-21,7.1555e-19,5.2696e-16,3.8597e-18
309.38,1.4183e-24,1.2712e-21,1.2712e-21,1.2728e-21,1.2726e-21,7.2082e-19,5.3273e-16,3.857e-18
312.24,1.4124e-24,1.2842e-21,1.2842e-21,1.2858e-21,1.2856e-21,7.262e-19,5.3862e-16,3.8549e-18
315.14,1.4066e-24,1.2974e-21,1.2974e-21,1.2991e-21,1.2989e-21,7.3167e-19,5.4462e-16,3.8532e-18
318.06,1.4011e-24,1.311e-21,1.3109e-21,1.3126e-21,1.3124e-21,7.3723e-19,5.5074e-16,3.852e-18
321,1.3954e-24,1.3248e-21,1.3247e-21,1.3264e-21,1.3262e-21,7.4289e-19,5.5696e-16,3.8512e-18
323.97,1.3899e-24,1.3388e-21,1.3388e-21,1.3405e-21,1.3403e-21,7.4863e-19,5.6328e-16,3.8508e-18
326.97,1.3845e-24,1.3531e-21,1.3531e-21,1.3549e-21,1.3547e-21,7.5446e-19,5.6969e-16,3.8507e-18
330,1.3791e-24,1.3677e-21,1.3677e-21,1.3695e-21,1.3693e-21,7.6037e-19,5.762e-16,3.851e-18
333.06,1.3739e-24,1.3826e-21,1.3826e-21,1.3844e-21,1.3841e-21,7.6634e-19,5.8278e-16,3.8517e-18
336.14,1.3688e-24,1.3977e-21,1.3977e-21,1.3995e-21,1.3993e-21,7.7239e-19,5.8945e-16,3.8526e-18
339.26,1.365e-24,1.4129e-21,1.4129e-21,1.4148e-21,1.4146e-21,7.7848e-19,5.9617e-16,3.8537e-18
342.4,1.3602e-24,1.4285e-21,1.4285e-21,1.4304e-21,1.4302e-21,7.8466e-19,6.0298e-16,3.8552e-18
345.57,1.3558e-24,1.4444e-21,1.4444e-21,1.4463e-21,1.446e-21,7.9089e-19,6.0984e-16,3.8569e-18
348.77,1.3516e-24,1.4604e-21,1.4604e-21,1.4624e-21,1.4621e-21,7.9718e-19,6.1676e-16,3.8588e-18
352,1.3487e-24,1.4767e-21,1.4767e-21,1.4786e-21,1.4784e-21,8.0349e-19,6.2371e-16,3.8608e-18
355.26,1.3454e-24,1.4932e-21,1.4932e-21,1.4952e-21,1.4949e-21,8.0987e-19,6.3072e-16,3.8631e-18
358.55,1.3426e-24,1.5099e-21,1.5099e-21,1.5119e-21,1.5117e-21,8.1629e-19,6.3777e-16,3.8654e-18
361.87,1.3414e-24,1.5268e-21,1.5268e-21,1.5288e-21,1.5286e-21,8.2271e-19,6.4481e-16,3.8678e-18
365.23,1.3401e-24,1.5439e-21,1.5439e-21,1.546e-21,1.5457e-21,8.2918e-19,6.519e-16,3.8704e-18
368.61,1.3402e-24,1.5612e-21,1.5612e-21,1.5633e-21,1.563e-21,8.3565e-19,6.5898e-16,3.8729e-18
372.02,1.3429e-24,1.5786e-21,1.5786e-21,1.5807e-21,1.5804e-21,8.4208e-19,6.6602e-16,3.8752e-18
375.47,1.347e-24,1.5961e-21,1.5961e-21,1.5983e-21,1.598e-21,8.4852e-19,6.7306e-16,3.8775e-18
378.95,1.3559e-24,1.6136e-21,1.6136e-21,1.6158e-21,1.6155e-21,8.5484e-19,6.7999e-16,3.8793e-18
382.46,1.3686e-24,1.6311e-21,1.6311e-21,1.6333e-21,1.6331e-21,8.6109e-19,6.8683e-16,3.8807e-18
386,1.3913e-24,1.6482e-21,1.6482e-21,1.6505e-21,1.6502e-21,8.6706e-19,6.9344e-16,3.8809e-18
389.57,1.4274e-24,1.6648e-21,1.6648e-21,1.6671e-21,1.6668e-21,8.7263e-19,6.997e-16,3.8794e-18
393.18,1.4918e-24,1.6797e-21,1.6797e-21,1.6821e-21,1.6818e-21,8.7729e-19,7.0519e-16,3.8738e-18
396.82,1.6135e-24,1.6909e-21,1.6909e-21,1.6933e-21,1.693e-21,8.7991e-19,7.0901e-16,3.8595e-18
400.5,1.8692e-24,1.6916e-21,1.6916e-21,1.694e-21,1.6937e-21,8.7702e-19,7.0833e-16,3.8213e-18
404.21,2.5745e-24,1.6459e-21,1.6459e-21,1.6482e-21,1.6479e-21,8.5012e-19,6.8813e-16,3.6797e-18
407.95,6.1038e-24,1.3724e-21,1.3724e-21,1.3743e-21,1.3741e-21,7.0617e-19,5.7283e-16,3.0367e-18
411.73,8.359e-24,1.9787e-21,1.9787e-21,1.9815e-21,1.9811e-21,1.0143e-18,8.2445e-16,4.3334e-18
415.55,2.6984e-24,1.6934e-21,1.6934e-21,1.6958e-21,1.6955e-21,8.647e-19,7.0425e-16,3.6707e-18
419.39,1.8556e-24,1.7938e-21,1.7938e-21,1.7964e-21,1.7961e-21,9.1239e-19,7.4447e-16,3.8485e-18
423.28,1.5586e-24,1.8356e-21,1.8356e-21,1.8383e-21,1.838e-21,9.3e-19,7.6017e-16,3.898e-18
427.2,1.4194e-24,1.8652e-21,1.8652e-21,1.8679e-21,1.8676e-21,9.4123e-19,7.7063e-16,3.9204e-18
431.16,1.3449e-24,1.8906e-21,1.8906e-21,1.8934e-21,1.8931e-21,9.5025e-19,7.7922e-16,3.9334e-18
435.15,1.2965e-24,1.9147e-21,1.9147e-21,1.9175e-21,1.9172e-21,9.5844e-19,7.8708e-16,3.943e-18
439.18,1.2659e-24,1.9379e-21,1.9379e-21,1.9408e-21,1.9405e-21,9.6612e-19,7.9446e-16,3.9503e-18
443.25,1.2431e-24,1.961e-21,1.961e-21,1.9639e-21,1.9635e-21,9.7357e-19,8.0158e-16,3.9567e-18
447.35,1.2263e-24,1.9839e-21,1.9839e-21,1.9869e-21,1.9865e-21,9.8085e-19,8.085e-16,3.9624e-18
451.5,1.2122e-24,2.0069e-21,2.0069e-21,2.0099e-21,2.0096e-21,9.8805e-19,8.1527e-16,3.9678e-18
455.68,1.2007e-24,2.0301e-21,2.03e-21,2.0331e-21,2.0327e-21,9.9518e-19,8.2192e-16,3.973e-18
459.9,1.1906e-24,2.0533e-21,2.0533e-21,2.0564e-21,2.056e-21,1.0023e-18,8.2844e-16,3.9779e-18
464.16,1.1818e-24,2.0767e-21,2.0767e-21,2.0799e-21,2.0795e-21,1.0093e-18,8.3486e-16,3.9828e-18
468.46,1.1737e-24,2.1003e-21,2.1003e-21,2.1035e-21,2.1032e-21,1.0163e-18,8.4116e-16,3.9875e-18
472.8,1.1651e-24,2.1242e-21,2.1242e-21,2.1274e-21,2.1271e-21,1.0233e-18,8.4737e-16,3.9922e-18
477.18,1.1581e-24,2.1482e-21,2.1482e-21,2.1515e-21,2.1511e-21,1.0303e-18,8.5346e-16,3.9968e-18
481.6,1.1514e-24,2.1724e-21,2.1724e-21,2.1758e-21,2.1754e-21,1.0372e-18,8.5943e-16,4.0013e-18
486.06,1.1461e-24,2.1968e-21,2.1968e-21,2.2002e-21,2.1998e-21,1.0441e-18,8.6527e-16,4.0057e-18
490.56,1.14e-24,2.2214e-21,2.2214e-21,2.2249e-21,2.2245e-21,1.051e-18,8.7102e-16,4.0101e-18
495.1,1.1339e-24,2.2463e-21,2.2463e-21,2.2498e-21,2.2494e-21,1.0578e-18,8.7665e-16,4.0145e-18
499.69,1.1281e-24,2.2714e-21,2.2714e-21,2.275e-21,2.2746e-21,1.0647e-18,8.8216e-16,4.0188e-18
504.32,1.1224e-24,2.2967e-21,2.2967e-21,2.3003e-21,2.2999e-21,1.0715e-18,8.8755e-16,4.0231e-18
508.99,1.1168e-24,2.3222e-21,2.3222e-21,2.3259e-21,2.3255e-21,1.0782e-18,8.9281e-16,4.0273e-18
513.7,1.1113e-24,2.348e-21,2.348e-21,2.3518e-21,2.3514e-21,1.085e-18,8.9795e-16,4.0315e-18
518.46,1.1059e-24,2.374e-21,2.374e-21,2.3778e-21,2.3774e-21,1.0917e-18,9.0296e-16,4.0356e-18
523.26,1.1005e-24,2.4002e-21,2.4002e-21,2.4041e-21,2.4037e-21,1.0984e-18,9.0784e-16,4.0398e-18
528.11,1.0961e-24,2.4267e-21,2.4266e-21,2.4306e-21,2.4302e-21,1.1051e-18,9.1257e-16,4.0438e-18
533,1.0908e-24,2.4534e-21,2.4533e-21,2.4574e-21,2.457e-21,1.1117e-18,9.1718e-16,4.0478e-18
537.94,1.0855e-24,2.4803e-21,2.4803e-21,2.4844e-21,2.484e-21,1.1183e-18,9.2166e-16,4.0518e-18
542.92,1.0803e-24,2.5075e-21,2.5075e-21,2.5117e-21,2.5112e-21,1.1249e-18,9.2599e-16,4.0557e-18
547.95,1.0761e-24,2.5349e-21,2.5349e-21,2.5391e-21,2.5387e-21,1.1314e-18,9.3018e-16,4.0596e-18
553.02,1.071e-24,2.5625e-21,2.5625e-21,2.5669e-21,2.5664e-21,1.1379e-18,9.3423e-16,4.0634e-18
558.14,1.0659e-24,2.5904e-21,2.5904e-21,2.5948e-21,2.5944e-21,1.1444e-18,9.3814e-16,4.0672e-18
563.31,1.0618e-24,2.6185e-21,2.6185e-21,2.623e-21,2.6226e-21,1.1508e-18,9.419e-16,4.071e-18
568.53,1.0567e-24,2.6469e-21,2.6469e-21,2.6515e-21,2.6511e-21,1.1572e-18,9.4552e-16,4.0747e-18
573.8,1.0517e-24,2.6756e-21,2.6756e-21,2.6803e-21,2.6798e-21,1.1635e-18,9.49e-16,4.0784e-18
579.11,1.0476e-24,2.7045e-21,2.7044e-21,2.7092e-21,2.7087e-21,1.1698e-18,9.5232e-16,4.0819e-18
584.48,1.0427e-24,2.7336e-21,2.7336e-21,2.7384e-21,2.7379e-21,1.1761e-18,9.555e-16,4.0855e-18
589.89,1.0387e-24,2.763e-21,2.763e-21,2.7679e-21,2.7674e-21,1.1824e-18,9.5852e-16,4.089e-18
595.35,1.0338e-24,2.7926e-21,2.7926e-21,2.7976e-21,2.7971e-21,1.1886e-18,9.6141e-16,4.0925e-18
600.87,1.0298e-24,2.8225e-21,2.8225e-21,2.8276e-21,2.8271e-21,1.1947e-18,9.6413e-16,4.096e-18
606.43,1.0249e-24,2.8527e-21,2.8527e-21,2.8579e-21,2.8574e-21,1.2008e-18,9.6672e-16,4.0994e-18
612.05,1.021e-24,2.8831e-21,2.8831e-21,2.8884e-21,2.8879e-21,1.2069e-18,9.6914e-16,4.1027e-18
617.72,1.0162e-24,2.9138e-21,2.9138e-21,2.9192e-21,2.9187e-21,1.2129e-18,9.7143e-16,4.106e-18
623.44,1.0124e-24,2.9448e-21,2.9448e-21,2.9503e-21,2.9497e-21,1.2189e-18,9.7356e-16,4.1093e-18
629.21,1.0077e-24,2.976e-21,2.976e-21,2.9816e-21,2.9811e-21,1.2249e-18,9.7554e-16,4.1125e-18
635.04,1.0038e-24,3.0075e-21,3.0075e-21,3.0132e-21,3.0126e-21,1.2308e-18,9.7737e-16,4.1157e-18
640.92,9.9983e-25,3.0393e-21,3.0392e-21,3.045e-21,3.0445e-21,1.2366e-18,9.7905e-16,4.1188e-18
646.86,9.9603e-25,3.0713e-21,3.0713e-21,3.0772e-21,3.0766e-21,1.2424e-18,9.8058e-16,4.1219e-18
652.85,9.9233e-25,3.1036e-21,3.1036e-21,3.1096e-21,3.109e-21,1.2482e-18,9.8197e-16,4.1249e-18
658.9,9.889e-25,3.1362e-21,3.1362e-21,3.1423e-21,3.1417e-21,1.2539e-18,9.832e-16,4.1279e-18
665,9.8568e-25,3.169e-21,3.169e-21,3.1753e-21,3.1747e-21,1.2595e-18,9.8429e-16,4.1308e-18
671.16,9.8295e-25,3.2022e-21,3.2021e-21,3.2085e-21,3.2079e-21,1.2651e-18,9.8523e-16,4.1337e-18
677.38,9.8076e-25,3.2356e-21,3.2355e-21,3.242e-21,3.2414e-21,1.2707e-18,9.8602e-16,4.1365e-18
683.65,9.7947e-25,3.2692e-21,3.2692e-21,3.2758e-21,3.2752e-21,1.2762e-18,9.8666e-16,4.1392e-18
689.98,9.7963e-25,3.3032e-21,3.3031e-21,3.3099e-21,3.3093e-21,1.2816e-18,9.8715e-16,4.1419e-18
696.37,9.8247e-25,3.3373e-21,3.3373e-21,3.3442e-21,3.3436e-21,1.287e-18,9.8748e-16,4.1444e-18
702.82,9.903e-25,3.3716e-21,3.3716e-21,3.3786e-21,3.378e-21,1.2923e-18,9.8764e-16,4.1468e-18
709.33,1.0095e-24,3.406e-21,3.406e-21,3.4131e-21,3.4125e-21,1.2974e-18,9.8757e-16,4.1487e-18
715.9,1.0593e-24,3.4398e-21,3.4398e-21,3.447e-21,3.4464e-21,1.3022e-18,9.8714e-16,4.1497e-18
722.53,1.2394e-24,3.47e-21,3.47e-21,3.4774e-21,3.4767e-21,1.3054e-18,9.8547e-16,4.146e-18
729.23,2.6109e-24,3.4389e-21,3.4389e-21,3.4463e-21,3.4456e-21,1.2856e-18,9.6638e-16,4.0694e-18
735.98,2.3855e-24,3.4899e-21,3.4899e-21,3.4974e-21,3.4968e-21,1.2964e-18,9.703e-16,4.0902e-18
742.8,1.1889e-24,3.5799e-21,3.5799e-21,3.5877e-21,3.5871e-21,1.3214e-18,9.8464e-16,4.1555e-18
749.68,1.0241e-24,3.6211e-21,3.6211e-21,3.6291e-21,3.6284e-21,1.3281e-18,9.8517e-16,4.1631e-18
756.62,9.7031e-25,3.6594e-21,3.6594e-21,3.6675e-21,3.6669e-21,1.3335e-18,9.8469e-16,4.1669e-18
763.63,9.454e-25,3.6973e-21,3.6973e-21,3.7056e-21,3.7049e-21,1.3387e-18,9.8388e-16,4.1699e-18
770.7,9.3073e-25,3.7353e-21,3.7353e-21,3.7437e-21,3.7431e-21,1.3437e-18,9.8287e-16,4.1725e-18
777.84,9.2047e-25,3.7735e-21,3.7735e-21,3.7821e-21,3.7814e-21,1.3485e-18,9.8172e-16,4.1749e-18
785.05,9.1265e-25,3.8119e-21,3.8119e-21,3.8207e-21,3.8201e-21,1.3534e-18,9.8044e-16,4.1773e-18
792.32,9.0614e-25,3.8507e-21,3.8507e-21,3.8597e-21,3.859e-21,1.3581e-18,9.7902e-16,4.1796e-18
799.66,9.0043e-25,3.8898e-21,3.8898e-21,3.899e-21,3.8983e-21,1.3628e-18,9.7749e-16,4.1818e-18
807.06,8.9514e-25,3.9292e-21,3.9292e-21,3.9386e-21,3.9379e-21,1.3675e-18,9.7584e-16,4.184e-18
814.54,8.9015e-25,3.969e-21,3.969e-21,3.9785e-21,3.9778e-21,1.3721e-18,9.7408e-16,4.1861e-18
822.08,8.8546e-25,4.0091e-21,4.0091e-21,4.0188e-21,4.0181e-21,1.3766e-18,9.7221e-16,4.1882e-18
829.7,8.809e-25,4.0495e-21,4.0495e-21,4.0594e-21,4.0587e-21,1.3811e-18,9.7023e-16,4.1903e-18
837.38,8.7657e-25,4.0903e-21,4.0903e-21,4.1004e-21,4.0997e-21,1.3856e-18,9.6815e-16,4.1923e-18
845.14,8.7229e-25,4.1314e-21,4.1314e-21,4.1418e-21,4.141e-21,1.39e-18,9.6596e-16,4.1943e-18
852.96,8.6814e-25,4.1729e-21,4.1729e-21,4.1835e-21,4.1827e-21,1.3943e-18,9.6367e-16,4.1963e-18
860.86,8.6401e-25,4.2148e-21,4.2148e-21,4.2256e-21,4.2248e-21,1.3986e-18,9.6128e-16,4.1982e-18
868.84,8.5989e-25,4.257e-21,4.257e-21,4.268e-21,4.2672e-21,1.4029e-18,9.588e-16,4.2001e-18
876.89,8.5586e-25,4.2996e-21,4.2996e-21,4.3108e-21,4.31e-21,1.4071e-18,9.5622e-16,4.2019e-18
885.01,8.5192e-25,4.3425e-21,4.3425e-21,4.354e-21,4.3532e-21,1.4112e-18,9.5355e-16,4.2038e-18
893.2,8.4802e-25,4.3859e-21,4.3858e-21,4.3976e-21,4.3968e-21,1.4153e-18,9.5079e-16,4.2056e-18
901.48,8.4415e-25,4.4296e-21,4.4295e-21,4.4415e-21,4.4407e-21,1.4194e-18,9.4794e-16,4.2074e-18
909.83,8.4016e-25,4.4736e-21,4.4736e-21,4.4858e-21,4.485e-21,1.4234e-18,9.45e-16,4.2091e-18
918.25,8.3644e-25,4.5181e-21,4.5181e-21,4.5306e-21,4.5298e-21,1.4273e-18,9.4199e-16,4.2108e-18
926.76,8.326e-25,4.563e-21,4.5629e-21,4.5757e-21,4.5749e-21,1.4312e-18,9.3889e-16,4.2125e-18
935.34,8.2874e-25,4.6082e-21,4.6082e-21,4.6212e-21,4.6204e-21,1.4351e-18,9.3571e-16,4.2142e-18
944.01,8.2505e-25,4.6538e-21,4.6538e-21,4.6671e-21,4.6663e-21,1.4389e-18,9.3245e-16,4.2158e-18
952.75,8.2138e-25,4.6999e-21,4.6999e-21,4.7134e-21,4.7126e-21,1.4427e-18,9.2912e-16,4.2174e-18
961.57,8.1759e-25,4.7463e-21,4.7463e-21,4.7602e-21,4.7593e-21,1.4464e-18,9.2572e-16,4.219e-18
970.48,8.1393e-25,4.7932e-21,4.7931e-21,4.8073e-21,4.8065e-21,1.4501e-18,9.2225e-16,4.2205e-18
979.47,8.104e-25,4.8404e-21,4.8404e-21,4.8549e-21,4.854e-21,1.4537e-18,9.187e-16,4.222e-18
988.54,8.0677e-25,4.8881e-21,4.8881e-21,4.9029e-21,4.902e-21,1.4573e-18,9.151e-16,4.2235e-18
997.7,8.0323e-25,4.9362e-21,4.9362e-21,4.9513e-21,4.9504e-21,1.4608e-18,9.1142e-16,4.225e-18
1006.9,7.999e-25,4.9847e-21,4.9847e-21,5.0001e-21,4.9992e-21,1.4643e-18,9.0769e-16,4.2265e-18
1016.3,7.9667e-25,5.0336e-21,5.0336e-21,5.0494e-21,5.0485e-21,1.4677e-18,9.0389e-16,4.2279e-18
1025.7,7.9435e-25,5.083e-21,5.0829e-21,5.0991e-21,5.0982e-21,1.4711e-18,9.0003e-16,4.2293e-18
1035.2,8.1445e-25,5.1324e-21,5.1324e-21,5.1489e-21,5.148e-21,1.4744e-18,8.9606e-16,4.2304e-18
1044.8,1.7787e-24,5.161e-21,5.1609e-21,5.1777e-21,5.1768e-21,1.4715e-18,8.8836e-16,4.214e-18
1054.4,7.8769e-25,5.2336e-21,5.2336e-21,5.2508e-21,5.2499e-21,1.481e-18,8.8813e-16,4.2333e-18
1064.2,7.8068e-25,5.2848e-21,5.2848e-21,5.3024e-21,5.3015e-21,1.4843e-18,8.8407e-16,4.2346e-18
1074.1,7.771e-25,5.3364e-21,5.3364e-21,5.3544e-21,5.3534e-21,1.4874e-18,8.7995e-16,4.2359e-18
1084,7.7432e-25,5.3884e-21,5.3884e-21,5.4068e-21,5.4059e-21,1.4906e-18,8.7578e-16,4.2372e-18
1094.1,7.7226e-25,5.4409e-21,5.4408e-21,5.4597e-21,5.4587e-21,1.4937e-18,8.7157e-16,4.2384e-18
1104.2,7.7143e-25,5.4938e-21,5.4938e-21,5.513e-21,5.5121e-21,1.4967e-18,8.6731e-16,4.2396e-18
1114.4,7.7348e-25,5.5471e-21,5.5471e-21,5.5668e-21,5.5659e-21,1.4997e-18,8.6301e-16,4.2408e-18
1124.7,7.8196e-25,5.6009e-21,5.6009e-21,5.621e-21,5.62e-21,1.5026e-18,8.5865e-16,4.2418e-18
1135.2,8.2825e-25,5.6546e-21,5.6546e-21,5.6752e-21,5.6742e-21,1.5054e-18,8.5418e-16,4.2425e-18
1145.7,1.2298e-24,5.7029e-21,5.7029e-21,5.724e-21,5.723e-21,1.5065e-18,8.488e-16,4.2388e-18
1156.3,1.2029e-24,5.7588e-21,5.7588e-21,5.7803e-21,5.7793e-21,1.5095e-18,8.4446e-16,4.2404e-18
1167,8.072e-25,5.8208e-21,5.8208e-21,5.8428e-21,5.8418e-21,1.514e-18,8.4089e-16,4.2461e-18
1177.8,7.6283e-25,5.8776e-21,5.8776e-21,5.9002e-21,5.8992e-21,1.5169e-18,8.3645e-16,4.2475e-18
1188.7,7.473e-25,5.9346e-21,5.9346e-21,5.9576e-21,5.9566e-21,1.5196e-18,8.3193e-16,4.2487e-18
1199.7,7.3897e-25,5.992e-21,5.9919e-21,6.0155e-21,6.0145e-21,1.5223e-18,8.2737e-16,4.2498e-18
1210.8,7.3302e-25,6.0498e-21,6.0498e-21,6.074e-21,6.0729e-21,1.525e-18,8.2278e-16,4.2508e-18
1222,7.2813e-25,6.1082e-21,6.1081e-21,6.1329e-21,6.1318e-21,1.5276e-18,8.1816e-16,4.2519e-18
1233.4,7.2387e-25,6.167e-21,6.167e-21,6.1923e-21,6.1913e-21,1.5302e-18,8.1352e-16,4.2529e-18
1244.8,7.2018e-25,6.2264e-21,6.2264e-21,6.2523e-21,6.2513e-21,1.5327e-18,8.0886e-16,4.2539e-18
1256.3,7.1632e-25,6.2863e-21,6.2863e-21,6.3128e-21,6.3118e-21,1.5352e-18,8.0417e-16,4.2548e-18
1268,7.1285e-25,6.3468e-21,6.3468e-21,6.3739e-21,6.3728e-21,1.5377e-18,7.9946e-16,4.2558e-18
1279.7,7.0941e-25,6.4078e-21,6.4077e-21,6.4355e-21,6.4344e-21,1.5401e-18,7.9474e-16,4.2567e-18
1291.5,7.0599e-25,6.4693e-21,6.4693e-21,6.4977e-21,6.4966e-21,1.5425e-18,7.9e-16,4.2576e-18
1303.5,7.0258e-25,6.5314e-21,6.5313e-21,6.5604e-21,6.5594e-21,1.5448e-18,7.8524e-16,4.2585e-18
1315.6,6.9926e-25,6.594e-21,6.5939e-21,6.6237e-21,6.6227e-21,1.5471e-18,7.8047e-16,4.2594e-18
1327.8,6.9584e-25,6.6572e-21,6.6571e-21,6.6876e-21,6.6865e-21,1.5494e-18,7.7568e-16,4.2603e-18
1340.1,6.9249e-25,6.7209e-21,6.7209e-21,6.7521e-21,6.751e-21,1.5517e-18,7.7088e-16,4.2612e-18
1352.5,6.8915e-25,6.7852e-21,6.7852e-21,6.8172e-21,6.8161e-21,1.5539e-18,7.6608e-16,4.262e-18
1365,6.8603e-25,6.8501e-21,6.8501e-21,6.8828e-21,6.8817e-21,1.5561e-18,7.6126e-16,4.2629e-18
1377.7,6.8289e-25,6.9156e-21,6.9155e-21,6.9491e-21,6.9479e-21,1.5582e-18,7.5643e-16,4.2637e-18
1390.4,6.7949e-25,6.9816e-21,6.9816e-21,7.0159e-21,7.0148e-21,1.5603e-18,7.516e-16,4.2645e-18
1403.3,6.764e-25,7.0482e-21,7.0482e-21,7.0834e-21,7.0823e-21,1.5624e-18,7.4676e-16,4.2653e-18
1416.3,6.732e-25,7.1155e-21,7.1154e-21,7.1515e-21,7.1503e-21,1.5645e-18,7.4191e-16,4.266e-18
1429.4,6.7008e-25,7.1833e-21,7.1833e-21,7.2202e-21,7.219e-21,1.5665e-18,7.3706e-16,4.2668e-18
1442.6,6.6715e-25,7.2517e-21,7.2517e-21,7.2895e-21,7.2884e-21,1.5685e-18,7.3221e-16,4.2676e-18
1456,6.6398e-25,7.3208e-21,7.3208e-21,7.3595e-21,7.3583e-21,1.5704e-18,7.2735e-16,4.2683e-18
1469.5,6.608e-25,7.3905e-21,7.3904e-21,7.4301e-21,7.4289e-21,1.5724e-18,7.2249e-16,4.269e-18
1483.1,6.5782e-25,7.4607e-21,7.4607e-21,7.5013e-21,7.5002e-21,1.5743e-18,7.1763e-16,4.2697e-18
1496.8,6.5482e-25,7.5317e-21,7.5316e-21,7.5733e-21,7.5721e-21,1.5761e-18,7.1278e-16,4.2705e-18
1510.7,6.5182e-25,7.6032e-21,7.6032e-21,7.6458e-21,7.6447e-21,1.578e-18,7.0792e-16,4.2711e-18
1524.7,6.489e-25,7.6754e-21,7.6754e-21,7.7191e-21,7.7179e-21,1.5798e-18,7.0306e-16,4.2718e-18
1538.8,6.46e-25,7.7482e-21,7.7482e-21,7.793e-21,7.7918e-21,1.5816e-18,6.9821e-16,4.2725e-18
1553.1,6.4302e-25,7.8217e-21,7.8217e-21,7.8676e-21,7.8664e-21,1.5833e-18,6.9336e-16,4.2732e-18
1567.5,6.4021e-25,7.8959e-21,7.8959e-21,7.9429e-21,7.9417e-21,1.585e-18,6.8852e-16,4.2738e-18
1582,6.377e-25,7.9707e-21,7.9707e-21,8.0189e-21,8.0177e-21,1.5867e-18,6.8368e-16,4.2745e-18
1596.6,6.3544e-25,8.0462e-21,8.0462e-21,8.0956e-21,8.0944e-21,1.5884e-18,6.7885e-16,4.2751e-18
1611.4,6.3376e-25,8.1223e-21,8.1223e-21,8.173e-21,8.1717e-21,1.5901e-18,6.7402e-16,4.2757e-18
1626.3,6.338e-25,8.1992e-21,8.1991e-21,8.251e-21,8.2498e-21,1.5917e-18,6.692e-16,4.2763e-18
1641.4,6.4118e-25,8.2766e-21,8.2766e-21,8.3298e-21,8.3286e-21,1.5933e-18,6.6438e-16,4.2769e-18
1656.6,6.9804e-25,8.3544e-21,8.3544e-21,8.4089e-21,8.4077e-21,1.5947e-18,6.5954e-16,4.2772e-18
1671.9,1.1436e-24,8.429e-21,8.4289e-21,8.4848e-21,8.4836e-21,1.5955e-18,6.5441e-16,4.2756e-18
1687.4,6.4303e-25,8.5134e-21,8.5133e-21,8.5707e-21,8.5694e-21,1.5979e-18,6.4999e-16,4.2786e-18
1703.1,6.211e-25,8.5939e-21,8.5938e-21,8.6526e-21,8.6514e-21,1.5994e-18,6.4523e-16,4.2792e-18
1718.8,6.1372e-25,8.675e-21,8.6749e-21,8.7352e-21,8.734e-21,1.6009e-18,6.4047e-16,4.2798e-18
1734.8,6.0917e-25,8.7568e-21,8.7568e-21,8.8185e-21,8.8173e-21,1.6023e-18,6.3571e-16,4.2803e-18
1750.8,6.0541e-25,8.8393e-21,8.8393e-21,8.9027e-21,8.9014e-21,1.6037e-18,6.3097e-16,4.2809e-18
1767,6.02e-25,8.9226e-21,8.9226e-21,8.9876e-21,8.9863e-21,1.6051e-18,6.2624e-16,4.2814e-18
1783.4,5.9885e-25,9.0067e-21,9.0066e-21,9.0732e-21,9.072e-21,1.6065e-18,6.2152e-16,4.282e-18
1799.9,5.9586e-25,9.0915e-21,9.0914e-21,9.1597e-21,9.1585e-21,1.6079e-18,6.1682e-16,4.2825e-18
1816.6,5.9299e-25,9.177e-21,9.177e-21,9.247e-21,9.2458e-21,1.6092e-18,6.1213e-16,4.283e-18
1833.4,5.8996e-25,9.2633e-21,9.2633e-21,9.3351e-21,9.3339e-21,1.6105e-18,6.0745e-16,4.2835e-18
1850.4,5.8711e-25,9.3504e-21,9.3504e-21,9.4241e-21,9.4228e-21,1.6118e-18,6.0278e-16,4.284e-18
1867.5,5.844e-25,9.4383e-21,9.4383e-21,9.5138e-21,9.5126e-21,1.613e-18,5.9813e-16,4.2845e-18
1884.8,5.8152e-25,9.527e-21,9.5269e-21,9.6044e-21,9.6032e-21,1.6143e-18,5.935e-16,4.285e-18
1902.3,5.7873e-25,9.6164e-21,9.6164e-21,9.6959e-21,9.6947e-21,1.6155e-18,5.8887e-16,4.2854e-18
1919.9,5.7598e-25,9.7067e-21,9.7067e-21,9.7882e-21,9.787e-21,1.6167e-18,5.8427e-16,4.2859e-18
1937.7,5.7333e-25,9.7978e-21,9.7978e-21,9.8814e-21,9.8802e-21,1.6179e-18,5.7967e-16,4.2864e-18
1955.7,5.706e-25,9.8897e-21,9.8897e-21,9.9755e-21,9.9742e-21,1.6191e-18,5.7509e-16,4.2868e-18
1973.8,5.6808e-25,9.9824e-21,9.9824e-21,1.007e-20,1.0069e-20,1.6202e-18,5.7053e-16,4.2873e-18
1992,5.6694e-25,1.0076e-20,1.0076e-20,1.0166e-20,1.0165e-20,1.6213e-18,5.6598e-16,4.2877e-18
2010.5,6.1726e-25,1.017e-20,1.017e-20,1.0263e-20,1.0262e-20,1.6224e-18,5.6144e-16,4.288e-18
2029.1,5.6074e-25,1.0266e-20,1.0266e-20,1.0361e-20,1.0359e-20,1.6235e-18,5.5694e-16,4.2886e-18
2047.9,5.573e-25,1.0362e-20,1.0362e-20,1.0459e-20,1.0458e-20,1.6246e-18,5.5244e-16,4.289e-18
2066.9,5.5444e-25,1.0459e-20,1.0459e-20,1.0559e-20,1.0558e-20,1.6257e-18,5.4795e-16,4.2895e-18
2086,5.5177e-25,1.0557e-20,1.0557e-20,1.0659e-20,1.0658e-20,1.6267e-18,5.4348e-16,4.2899e-18
2105.3,5.4903e-25,1.0655e-20,1.0655e-20,1.0761e-20,1.0759e-20,1.6277e-18,5.3903e-16,4.2903e-18
2124.8,5.4652e-25,1.0755e-20,1.0755e-20,1.0863e-20,1.0862e-20,1.6287e-18,5.3459e-16,4.2907e-18
2144.5,5.4402e-25,1.0855e-20,1.0855e-20,1.0966e-20,1.0965e-20,1.6297e-18,5.3016e-16,4.2911e-18
2164.4,5.4142e-25,1.0957e-20,1.0957e-20,1.1071e-20,1.107e-20,1.6307e-18,5.2575e-16,4.2915e-18
2184.4,5.389e-25,1.1059e-20,1.1059e-20,1.1176e-20,1.1175e-20,1.6316e-18,5.2136e-16,4.2919e-18
2204.7,5.368e-25,1.1162e-20,1.1162e-20,1.1282e-20,1.1281e-20,1.6325e-18,5.1698e-16,4.2923e-18
2225.1,5.3485e-25,1.1267e-20,1.1267e-20,1.139e-20,1.1389e-20,1.6335e-18,5.1262e-16,4.2927e-18
2245.7,5.3408e-25,1.1372e-20,1.1372e-20,1.1498e-20,1.1497e-20,1.6344e-18,5.0827e-16,4.293e-18
2266.5,5.5064e-25,1.1478e-20,1.1478e-20,1.1607e-20,1.1606e-20,1.6352e-18,5.0393e-16,4.2934e-18
2287.5,9.8669e-25,1.1582e-20,1.1582e-20,1.1715e-20,1.1714e-20,1.6357e-18,4.995e-16,4.2928e-18
2308.7,5.499e-25,1.1693e-20,1.1693e-20,1.1829e-20,1.1828e-20,1.6369e-18,4.9531e-16,4.2941e-18
2330.1,5.2459e-25,1.1802e-20,1.1802e-20,1.1942e-20,1.1941e-20,1.6378e-18,4.9102e-16,4.2945e-18
2351.6,5.1968e-25,1.1912e-20,1.1912e-20,1.2056e-20,1.2054e-20,1.6386e-18,4.8674e-16,4.2949e-18
2373.4,5.1623e-25,1.2023e-20,1.2023e-20,1.217e-20,1.2169e-20,1.6394e-18,4.8248e-16,4.2953e-18
2395.4,5.1337e-25,1.2134e-20,1.2134e-20,1.2286e-20,1.2285e-20,1.6402e-18,4.7823e-16,4.2956e-18
2417.6,5.1078e-25,1.2247e-20,1.2247e-20,1.2403e-20,1.2402e-20,1.641e-18,4.74e-16,4.296e-18
2440,5.0812e-25,1.2361e-20,1.2361e-20,1.2521e-20,1.252e-20,1.6418e-18,4.6979e-16,4.2963e-18
2462.6,5.0569e-25,1.2476e-20,1.2476e-20,1.264e-20,1.2639e-20,1.6425e-18,4.6559e-16,4.2967e-18
2485.4,5.0306e-25,1.2592e-20,1.2592e-20,1.2761e-20,1.276e-20,1.6433e-18,4.614e-16,4.297e-18
2508.4,5.0062e-25,1.2709e-20,1.2709e-20,1.2882e-20,1.2881e-20,1.644e-18,4.5724e-16,4.2974e-18
2531.6,4.9818e-25,1.2827e-20,1.2827e-20,1.3005e-20,1.3004e-20,1.6447e-18,4.5309e-16,4.2977e-18
2555.1,4.9572e-25,1.2946e-20,1.2946e-20,1.3129e-20,1.3128e-20,1.6454e-18,4.4896e-16,4.2981e-18
2578.8,4.9334e-25,1.3067e-20,1.3067e-20,1.3254e-20,1.3253e-20,1.6461e-18,4.4486e-16,4.2984e-18
2602.6,4.9094e-25,1.3188e-20,1.3188e-20,1.338e-20,1.3379e-20,1.6468e-18,4.4078e-16,4.2987e-18
2626.8,4.8853e-25,1.331e-20,1.331e-20,1.3508e-20,1.3507e-20,1.6475e-18,4.3673e-16,4.2991e-18
2651.1,4.8609e-25,1.3434e-20,1.3434e-20,1.3637e-20,1.3636e-20,1.6481e-18,4.3271e-16,4.2994e-18
2675.6,4.8374e-25,1.3558e-20,1.3558e-20,1.3767e-20,1.3766e-20,1.6488e-18,4.2873e-16,4.2997e-18
2700.4,4.8127e-25,1.3684e-20,1.3684e-20,1.3898e-20,1.3897e-20,1.6494e-18,4.2478e-16,4.3001e-18
2725.4,4.7897e-25,1.3811e-20,1.3811e-20,1.403e-20,1.403e-20,1.65e-18,4.2088e-16,4.3004e-18
2750.7,4.7665e-25,1.3939e-20,1.3939e-20,1.4164e-20,1.4164e-20,1.6506e-18,4.1702e-16,4.3007e-18
2776.2,4.7432e-25,1.4068e-20,1.4068e-20,1.4299e-20,1.4299e-20,1.6512e-18,4.1322e-16,4.301e-18
2801.9,4.7207e-25,1.4198e-20,1.4198e-20,1.4436e-20,1.4435e-20,1.6518e-18,4.0947e-16,4.3014e-18
2827.8,4.698e-25,1.433e-20,1.433e-20,1.4574e-20,1.4573e-20,1.6524e-18,4.0578e-16,4.3017e-18
2854,4.6754e-25,1.4462e-20,1.4462e-20,1.4713e-20,1.4712e-20,1.653e-18,4.0215e-16,4.302e-18
2880.4,4.6529e-25,1.4596e-20,1.4596e-20,1.4854e-20,1.4853e-20,1.6535e-18,3.9859e-16,4.3023e-18
2907.1,4.6319e-25,1.4731e-20,1.4731e-20,1.4996e-20,1.4995e-20,1.6541e-18,3.951e-16,4.3026e-18
2934,4.6127e-25,1.4867e-20,1.4867e-20,1.5139e-20,1.5138e-20,1.6546e-18,3.9168e-16,4.303e-18
2961.2,4.602e-25,1.5004e-20,1.5004e-20,1.5284e-20,1.5283e-20,1.6551e-18,3.8834e-16,4.3033e-18
2988.7,4.6623e-25,1.5143e-20,1.5143e-20,1.543e-20,1.5429e-20,1.6556e-18,3.8506e-16,4.3036e-18
3016.3,5.5627e-25,1.5283e-20,1.5283e-20,1.5577e-20,1.5577e-20,1.6561e-18,3.8185e-16,4.3038e-18
3044.3,4.553e-25,1.5424e-20,1.5424e-20,1.5727e-20,1.5726e-20,1.6566e-18,3.7872e-16,4.3042e-18
3072.5,4.5035e-25,1.5566e-20,1.5566e-20,1.5877e-20,1.5877e-20,1.6571e-18,3.7564e-16,4.3045e-18
3100.9,4.4747e-25,1.571e-20,1.571e-20,1.6029e-20,1.6029e-20,1.6576e-18,3.7262e-16,4.3049e-18
3129.6,4.4506e-25,1.5855e-20,1.5855e-20,1.6183e-20,1.6183e-20,1.6581e-18,3.6966e-16,4.3052e-18
3158.6,4.4275e-25,1.6001e-20,1.6001e-20,1.6338e-20,1.6338e-20,1.6585e-18,3.6675e-16,4.3055e-18
3187.9,4.4047e-25,1.6149e-20,1.6149e-20,1.6495e-20,1.6495e-20,1.659e-18,3.6387e-16,4.3058e-18
3217.4,4.3829e-25,1.6297e-20,1.6297e-20,1.6653e-20,1.6653e-20,1.6594e-18,3.6104e-16,4.3061e-18
3247.2,4.3608e-25,1.6447e-20,1.6447e-20,1.6813e-20,1.6813e-20,1.6599e-18,3.5824e-16,4.3064e-18
3277.3,4.3386e-25,1.6599e-20,1.6599e-20,1.6974e-20,1.6974e-20,1.6603e-18,3.5547e-16,4.3068e-18
3307.6,4.3179e-25,1.6752e-20,1.6752e-20,1.7137e-20,1.7138e-20,1.6607e-18,3.5272e-16,4.3071e-18
3338.3,4.2954e-25,1.6906e-20,1.6906e-20,1.7302e-20,1.7302e-20,1.6612e-18,3.5e-16,4.3074e-18
3369.2,4.2744e-25,1.7061e-20,1.7061e-20,1.7469e-20,1.7469e-20,1.6616e-18,3.4729e-16,4.3077e-18
3400.4,4.2533e-25,1.7218e-20,1.7218e-20,1.7637e-20,1.7637e-20,1.662e-18,3.4459e-16,4.308e-18
3431.9,4.2326e-25,1.7377e-20,1.7377e-20,1.7806e-20,1.7807e-20,1.6624e-18,3.4191e-16,4.3084e-18
3463.7,4.2118e-25,1.7536e-20,1.7536e-20,1.7978e-20,1.7978e-20,1.6628e-18,3.3924e-16,4.3087e-18
3495.8,4.1907e-25,1.7697e-20,1.7697e-20,1.8151e-20,1.8152e-20,1.6631e-18,3.3658e-16,4.309e-18
3528.2,4.1695e-25,1.786e-20,1.786e-20,1.8326e-20,1.8327e-20,1.6635e-18,3.3393e-16,4.3093e-18
3560.8,4.1488e-25,1.8024e-20,1.8024e-20,1.8503e-20,1.8504e-20,1.6639e-18,3.3129e-16,4.3097e-18
3593.8,4.128e-25,1.8189e-20,1.8189e-20,1.8682e-20,1.8682e-20,1.6642e-18,3.2865e-16,4.31e-18
3627.1,4.108e-25,1.8356e-20,1.8356e-20,1.8862e-20,1.8863e-20,1.6646e-18,3.2603e-16,4.3103e-18
3660.7,4.0876e-25,1.8524e-20,1.8524e-20,1.9044e-20,1.9045e-20,1.665e-18,3.2341e-16,4.3107e-18
3694.6,4.0683e-25,1.8694e-20,1.8694e-20,1.9228e-20,1.923e-20,1.6653e-18,3.208e-16,4.311e-18
3728.8,4.0495e-25,1.8865e-20,1.8865e-20,1.9414e-20,1.9416e-20,1.6656e-18,3.182e-16,4.3113e-18
3763.4,4.0324e-25,1.9038e-20,1.9038e-20,1.9602e-20,1.9604e-20,1.666e-18,3.156e-16,4.3117e-18
3798.2,4.1056e-25,1.9213e-20,1.9213e-20,1.9792e-20,1.9794e-20,1.6663e-18,3.1302e-16,4.312e-18
3833.4,1.547e-24,1.9383e-20,1.9383e-20,1.9979e-20,1.9981e-20,1.6662e-18,3.1037e-16,4.3113e-18
3868.9,4.0219e-25,1.9566e-20,1.9566e-20,2.0178e-20,2.018e-20,1.6669e-18,3.0788e-16,4.3127e-18
3904.7,3.9517e-25,1.9745e-20,1.9745e-20,2.0374e-20,2.0376e-20,1.6672e-18,3.0533e-16,4.3131e-18
3940.9,3.9279e-25,1.9925e-20,1.9925e-20,2.0572e-20,2.0574e-20,1.6675e-18,3.0279e-16,4.3134e-18
3977.4,3.9074e-25,2.0107e-20,2.0107e-20,2.0772e-20,2.0774e-20,1.6678e-18,3.0026e-16,4.3138e-18
4014.2,3.887e-25,2.0291e-20,2.0291e-20,2.0974e-20,2.0977e-20,1.6681e-18,2.9775e-16,4.3141e-18
4051.4,3.8676e-25,2.0476e-20,2.0476e-20,2.1178e-20,2.1181e-20,1.6684e-18,2.9524e-16,4.3145e-18
4088.9,3.8476e-25,2.0663e-20,2.0663e-20,2.1385e-20,2.1388e-20,1.6687e-18,2.9275e-16,4.3149e-18
4126.8,3.8286e-25,2.0852e-20,2.0852e-20,2.1593e-20,2.1596e-20,1.6689e-18,2.9028e-16,4.3153e-18
4165,3.8094e-25,2.1042e-20,2.1042e-20,2.1804e-20,2.1807e-20,1.6692e-18,2.8781e-16,4.3156e-18
4203.6,3.7906e-25,2.1234e-20,2.1234e-20,2.2017e-20,2.202e-20,1.6695e-18,2.8536e-16,4.316e-18
4242.6,3.7706e-25,2.1427e-20,2.1427e-20,2.2233e-20,2.2236e-20,1.6697e-18,2.8293e-16,4.3164e-18
4281.9,3.7514e-25,2.1622e-20,2.1622e-20,2.245e-20,2.2454e-20,1.67e-18,2.8051e-16,4.3168e-18
4321.5,3.7335e-25,2.1819e-20,2.1819e-20,2.267e-20,2.2674e-20,1.6702e-18,2.7811e-16,4.3172e-18
4361.5,3.7145e-25,2.2017e-20,2.2017e-20,2.2892e-20,2.2896e-20,1.6705e-18,2.7572e-16,4.3176e-18
4401.9,3.6954e-25,2.2218e-20,2.2218e-20,2.3117e-20,2.3121e-20,1.6707e-18,2.7334e-16,4.318e-18
4442.7,3.6765e-25,2.242e-20,2.242e-20,2.3344e-20,2.3349e-20,1.671e-18,2.7099e-16,4.3184e-18
4483.9,3.6585e-25,2.2623e-20,2.2623e-20,2.3574e-20,2.3578e-20,1.6712e-18,2.6865e-16,4.3188e-18
4525.4,3.6394e-25,2.2829e-20,2.2829e-20,2.3806e-20,2.3811e-20,1.6714e-18,2.6632e-16,4.3192e-18
4567.3,3.6217e-25,2.3036e-20,2.3036e-20,2.404e-20,2.4045e-20,1.6716e-18,2.6401e-16,4.3196e-18
4609.6,3.6045e-25,2.3245e-20,2.3245e-20,2.4278e-20,2.4283e-20,1.6718e-18,2.6172e-16,4.32e-18
4652.3,3.5863e-25,2.3456e-20,2.3456e-20,2.4517e-20,2.4523e-20,1.6721e-18,2.5944e-16,4.3204e-18
4695.4,3.5732e-25,2.3668e-20,2.3668e-20,2.476e-20,2.4765e-20,1.6723e-18,2.5718e-16,4.3209e-18
4738.9,3.6241e-25,2.3883e-20,2.3883e-20,2.5005e-20,2.5011e-20,1.6725e-18,2.5494e-16,4.3213e-18
4782.8,3.5673e-25,2.4099e-20,2.4099e-20,2.5252e-20,2.5259e-20,1.6727e-18,2.5271e-16,4.3218e-18
4827.1,3.517e-25,2.4317e-20,2.4317e-20,2.5503e-20,2.551e-20,1.6729e-18,2.505e-16,4.3222e-18
4871.8,3.497e-25,2.4537e-20,2.4537e-20,2.5756e-20,2.5763e-20,1.6731e-18,2.4831e-16,4.3227e-18
4916.9,3.478e-25,2.4759e-20,2.4759e-20,2.6012e-20,2.6019e-20,1.6732e-18,2.4613e-16,4.3231e-18
4962.4,3.4595e-25,2.4982e-20,2.4982e-20,2.6271e-20,2.6279e-20,1.6734e-18,2.4397e-16,4.3236e-18
5008.4,3.4423e-25,2.5208e-20,2.5208e-20,2.6533e-20,2.6541e-20,1.6736e-18,2.4183e-16,4.3241e-18
5054.8,3.4244e-25,2.5435e-20,2.5435e-20,2.6798e-20,2.6806e-20,1.6738e-18,2.397e-16,4.3245e-18
5101.6,3.4074e-25,2.5664e-20,2.5665e-20,2.7066e-20,2.7074e-20,1.674e-18,2.3759e-16,4.325e-18
5148.9,3.3903e-25,2.5896e-20,2.5896e-20,2.7337e-20,2.7345e-20,1.6741e-18,2.355e-16,4.3255e-18
5196.6,3.3724e-25,2.6129e-20,2.6129e-20,2.7611e-20,2.762e-20,1.6743e-18,2.3342e-16,4.326e-18
5244.7,3.3553e-25,2.6364e-20,2.6364e-20,2.7888e-20,2.7897e-20,1.6745e-18,2.3136e-16,4.3265e-18
5293.3,3.3381e-25,2.6601e-20,2.6601e-20,2.8168e-20,2.8178e-20,1.6746e-18,2.2932e-16,4.3271e-18
5342.3,3.3211e-25,2.684e-20,2.6841e-20,2.8451e-20,2.8462e-20,1.6748e-18,2.2729e-16,4.3276e-18
5391.8,3.3043e-25,2.7081e-20,2.7082e-20,2.8738e-20,2.8749e-20,1.6749e-18,2.2528e-16,4.3281e-18
5441.7,3.2873e-25,2.7325e-20,2.7325e-20,2.9028e-20,2.9039e-20,1.6751e-18,2.2329e-16,4.3286e-18
5492.1,3.2713e-25,2.757e-20,2.757e-20,2.9322e-20,2.9333e-20,1.6752e-18,2.2131e-16,4.3292e-18
5543,3.2544e-25,2.7817e-20,2.7817e-20,2.9618e-20,2.9631e-20,1.6753e-18,2.1935e-16,4.3297e-18
5594.3,3.2375e-25,2.8066e-20,2.8066e-20,2.9919e-20,2.9931e-20,1.6755e-18,2.1741e-16,4.3303e-18
5646.1,3.222e-25,2.8317e-20,2.8317e-20,3.0223e-20,3.0236e-20,1.6756e-18,2.1548e-16,4.3309e-18
5698.4,3.2067e-25,2.8571e-20,2.8571e-20,3.053e-20,3.0544e-20,1.6757e-18,2.1357e-16,4.3315e-18
5751.2,3.206e-25,2.8826e-20,2.8826e-20,3.0841e-20,3.0855e-20,1.6759e-18,2.1167e-16,4.3321e-18
5804.5,3.2158e-25,2.9083e-20,2.9084e-20,3.1156e-20,3.1171e-20,1.676e-18,2.098e-16,4.3327e-18
5858.2,3.1593e-25,2.9343e-20,2.9343e-20,3.1475e-20,3.149e-20,1.6761e-18,2.0793e-16,4.3333e-18
5912.5,3.1413e-25,2.9605e-20,2.9605e-20,3.1797e-20,3.1813e-20,1.6762e-18,2.0609e-16,4.3339e-18
5967.3,3.1235e-25,2.9868e-20,2.9869e-20,3.2124e-20,3.214e-20,1.6764e-18,2.0426e-16,4.3345e-18
6022.5,3.1085e-25,3.0134e-20,3.0134e-20,3.2454e-20,3.2471e-20,1.6765e-18,2.0244e-16,4.3352e-18
6078.3,3.0922e-25,3.0402e-20,3.0402e-20,3.2788e-20,3.2806e-20,1.6766e-18,2.0065e-16,4.3358e-18
6134.6,3.0763e-25,3.0672e-20,3.0673e-20,3.3127e-20,3.3145e-20,1.6767e-18,1.9887e-16,4.3365e-18
6191.4,3.06e-25,3.0945e-20,3.0945e-20,3.347e-20,3.3489e-20,1.6768e-18,1.971e-16,4.3371e-18
6248.8,3.0442e-25,3.1219e-20,3.122e-20,3.3817e-20,3.3836e-20,1.6769e-18,1.9535e-16,4.3378e-18
6306.7,3.0292e-25,3.1496e-20,3.1496e-20,3.4168e-20,3.4188e-20,1.677e-18,1.9362e-16,4.3385e-18
6365.1,3.0131e-25,3.1775e-20,3.1775e-20,3.4523e-20,3.4544e-20,1.6771e-18,1.9191e-16,4.3392e-18
6424,2.9981e-25,3.2056e-20,3.2056e-20,3.4883e-20,3.4905e-20,1.6772e-18,1.9021e-16,4.3399e-18
6483.5,2.9833e-25,3.234e-20,3.234e-20,3.5248e-20,3.5271e-20,1.6773e-18,1.8854e-16,4.3407e-18
6543.6,2.9673e-25,3.2625e-20,3.2625e-20,3.5617e-20,3.5641e-20,1.6773e-18,1.8688e-16,4.3414e-18
6604.2,2.9522e-25,3.2913e-20,3.2913e-20,3.5991e-20,3.6016e-20,1.6774e-18,1.8524e-16,4.3422e-18
6665.4,2.9372e-25,3.3203e-20,3.3203e-20,3.637e-20,3.6395e-20,1.6775e-18,1.8362e-16,4.3429e-18
6727.1,2.9225e-25,3.3495e-20,3.3496e-20,3.6754e-20,3.678e-20,1.6776e-18,1.8202e-16,4.3437e-18
6789.4,2.9079e-25,3.379e-20,3.379e-20,3.7142e-20,3.7169e-20,1.6777e-18,1.8044e-16,4.3445e-18
6852.3,2.9041e-25,3.4087e-20,3.4087e-20,3.7536e-20,3.7564e-20,1.6777e-18,1.7889e-16,4.3453e-18
6915.8,4.6527e-25,3.4386e-20,3.4386e-20,3.7935e-20,3.7964e-20,1.6778e-18,1.7736e-16,4.3461e-18
6979.8,2.8715e-25,3.4687e-20,3.4688e-20,3.8339e-20,3.8369e-20,1.6779e-18,1.7586e-16,4.347e-18
7044.5,2.8488e-25,3.4991e-20,3.4991e-20,3.8749e-20,3.878e-20,1.6779e-18,1.7439e-16,4.3478e-18
7109.7,2.8335e-25,3.5297e-20,3.5297e-20,3.9164e-20,3.9196e-20,1.678e-18,1.7293e-16,4.3487e-18
7175.6,2.8193e-25,3.5606e-20,3.5606e-20,3.9584e-20,3.9617e-20,1.678e-18,1.7148e-16,4.3495e-18
7242,2.8042e-25,3.5916e-20,3.5917e-20,4.0011e-20,4.0045e-20,1.6781e-18,1.7003e-16,4.3504e-18
7309.1,2.7901e-25,3.6229e-20,3.6229e-20,4.0443e-20,4.0478e-20,1.6781e-18,1.6858e-16,4.3513e-18
7376.8,2.7761e-25,3.6545e-20,3.6545e-20,4.0881e-20,4.0917e-20,1.6782e-18,1.6714e-16,4.3522e-18
7445.1,2.7611e-25,3.6862e-20,3.6862e-20,4.1325e-20,4.1363e-20,1.6782e-18,1.657e-16,4.3531e-18
7514.1,2.7471e-25,3.7182e-20,3.7183e-20,4.1775e-20,4.1814e-20,1.6783e-18,1.6431e-16,4.3541e-18
7583.7,2.7331e-25,3.7505e-20,3.7505e-20,4.2232e-20,4.2272e-20,1.6783e-18,1.6297e-16,4.355e-18
7653.9,2.7191e-25,3.7829e-20,3.783e-20,4.2694e-20,4.2736e-20,1.6783e-18,1.6169e-16,4.356e-18
7724.8,2.7051e-25,3.8157e-20,3.8157e-20,4.3164e-20,4.3207e-20,1.6784e-18,1.6039e-16,4.357e-18
7796.4,2.6911e-25,3.8486e-20,3.8486e-20,4.364e-20,4.3685e-20,1.6784e-18,1.5906e-16,4.3579e-18
7868.6,2.6773e-25,3.8818e-20,3.8818e-20,4.4123e-20,4.4169e-20,1.6784e-18,1.5772e-16,4.3589e-18
7941.5,2.6642e-25,3.9152e-20,3.9152e-20,4.4613e-20,4.4661e-20,1.6784e-18,1.5637e-16,4.36e-18
8015,2.6507e-25,3.9489e-20,3.9489e-20,4.511e-20,4.516e-20,1.6784e-18,1.5504e-16,4.361e-18
8089.2,2.6399e-25,3.9828e-20,3.9827e-20,4.5615e-20,4.5666e-20,1.6784e-18,1.5373e-16,4.3621e-18
8164.2,2.6546e-25,4.0169e-20,4.0169e-20,4.6127e-20,4.6179e-20,1.6784e-18,1.5245e-16,4.3631e-18
8239.8,2.6104e-25,4.0513e-20,4.0512e-20,4.6646e-20,4.6701e-20,1.6784e-18,1.512e-16,4.3643e-18
8316.1,2.5964e-25,4.0859e-20,4.0858e-20,4.7173e-20,4.723e-20,1.6784e-18,1.4998e-16,4.3654e-18
8393.1,2.5822e-25,4.1207e-20,4.1207e-20,4.7709e-20,4.7767e-20,1.6784e-18,1.488e-16,4.3665e-18
8470.9,2.5691e-25,4.1558e-20,4.1558e-20,4.8252e-20,4.8312e-20,1.6783e-18,1.4764e-16,4.3677e-18
8549.3,2.556e-25,4.1911e-20,4.1911e-20,4.8804e-20,4.8866e-20,1.6783e-18,1.4652e-16,4.3689e-18
8628.5,2.5432e-25,4.2267e-20,4.2266e-20,4.9364e-20,4.9428e-20,1.6782e-18,1.4544e-16,4.3701e-18
8708.4,2.53e-25,4.2625e-20,4.2624e-20,4.9933e-20,5e-20,1.6782e-18,1.4439e-16,4.3714e-18
8789.1,2.517e-25,4.2985e-20,4.2984e-20,5.0511e-20,5.058e-20,1.6781e-18,1.4338e-16,4.3726e-18
8870.5,2.504e-25,4.3348e-20,4.3347e-20,5.1099e-20,5.1169e-20,1.678e-18,1.4242e-16,4.3739e-18
8952.7,2.4911e-25,4.3713e-20,4.3712e-20,5.1695e-20,5.1768e-20,1.6779e-18,1.415e-16,4.3752e-18
9035.6,2.4781e-25,4.4081e-20,4.4079e-20,5.2302e-20,5.2377e-20,1.6778e-18,1.4062e-16,4.3766e-18
9119.3,2.4651e-25,4.445e-20,4.4448e-20,5.2918e-20,5.2995e-20,1.6777e-18,1.3978e-16,4.3779e-18
9203.7,2.4532e-25,4.4822e-20,4.482e-20,5.3544e-20,5.3624e-20,1.6775e-18,1.3899e-16,4.3793e-18
9289,2.4403e-25,4.5197e-20,4.5195e-20,5.4181e-20,5.4264e-20,1.6774e-18,1.3824e-16,4.3807e-18
9375,2.4289e-25,4.5574e-20,4.5571e-20,5.4828e-20,5.4914e-20,1.6772e-18,1.3752e-16,4.3821e-18
9461.8,2.4462e-25,4.5953e-20,4.595e-20,5.5486e-20,5.5575e-20,1.6771e-18,1.3684e-16,4.3836e-18
9549.5,2.4048e-25,4.6334e-20,4.6331e-20,5.6156e-20,5.6247e-20,1.6769e-18,1.3617e-16,4.385e-18
9637.9,2.3904e-25,4.6718e-20,4.6714e-20,5.6836e-20,5.6931e-20,1.6768e-18,1.3551e-16,4.3865e-18
9727.2,2.3781e-25,4.7104e-20,4.71e-20,5.7529e-20,5.7627e-20,1.6766e-18,1.3484e-16,4.3881e-18
9817.3,2.3661e-25,4.7492e-20,4.7488e-20,5.8234e-20,5.8336e-20,1.6764e-18,1.3414e-16,4.3896e-18
9908.2,2.354e-25,4.7882e-20,4.7878e-20,5.8951e-20,5.9057e-20,1.6763e-18,1.334e-16,4.3912e-18
10000,2.3411e-25,4.8275e-20,4.8271e-20,5.9681e-20,5.9791e-20,1.6762e-18,1.3259e-16,4.3928e-18
