   1.0000000e-01   1.9579359e+00  -5.4202865e+00
   1.0069317e-01   1.9818222e+00  -5.5515034e+00
   1.0139114e-01   2.0065683e+00  -5.6873240e+00
   1.0209395e-01   2.0322183e+00  -5.8279833e+00
   1.0280163e-01   2.0588195e+00  -5.9737331e+00
   1.0351422e-01   2.0864225e+00  -6.1248426e+00
   1.0423174e-01   2.1150813e+00  -6.2816005e+00
   1.0495424e-01   2.1448539e+00  -6.4443167e+00
   1.0568175e-01   2.1758026e+00  -6.6133242e+00
   1.0641430e-01   2.2079944e+00  -6.7889810e+00
   1.0715193e-01   2.2415012e+00  -6.9716733e+00
   1.0789467e-01   2.2764006e+00  -7.1618173e+00
   1.0864256e-01   2.3127762e+00  -7.3598629e+00
   1.0939564e-01   2.3507184e+00  -7.5662967e+00
   1.1015393e-01   2.3903249e+00  -7.7816462e+00
   1.1091748e-01   2.4317015e+00  -8.0064838e+00
   1.1168632e-01   2.4749632e+00  -8.2414320e+00
   1.1246050e-01   2.5202345e+00  -8.4871683e+00
   1.1324004e-01   2.5676513e+00  -8.7444323e+00
   1.1402498e-01   2.6173613e+00  -9.0140320e+00
   1.1481536e-01   2.6695260e+00  -9.2968522e+00
   1.1561122e-01   2.7243220e+00  -9.5938641e+00
   1.1641260e-01   2.7819425e+00  -9.9061350e+00
   1.1721954e-01   2.8425998e+00  -1.0234841e+01
   1.1803206e-01   2.9065270e+00  -1.0581281e+01
   1.1885022e-01   2.9739810e+00  -1.0946894e+01
   1.1967405e-01   3.0452454e+00  -1.1333273e+01
   1.2050359e-01   3.1206335e+00  -1.1742194e+01
   1.2133889e-01   3.2004927e+00  -1.2175634e+01
   1.2217997e-01   3.2852084e+00  -1.2635808e+01
   1.2302688e-01   3.3752097e+00  -1.3125196e+01
   1.2387966e-01   3.4709747e+00  -1.3646588e+01
   1.2473835e-01   3.5730374e+00  -1.4203135e+01
   1.2560300e-01   3.6819955e+00  -1.4798399e+01
   1.2647363e-01   3.7985194e+00  -1.5436425e+01
   1.2735031e-01   3.9233618e+00  -1.6121824e+01
   1.2823306e-01   4.0573697e+00  -1.6859864e+01
   1.2912193e-01   4.2014972e+00  -1.7656591e+01
   1.3001696e-01   4.3568197e+00  -1.8518967e+01
   1.3091819e-01   4.5245501e+00  -1.9455038e+01
   1.3182567e-01   4.7060549e+00  -2.0474135e+01
   1.3273945e-01   4.9028718e+00  -2.1587121e+01
   1.3365955e-01   5.1167243e+00  -2.2806684e+01
   1.3458604e-01   5.3495335e+00  -2.4147689e+01
   1.3551894e-01   5.6034204e+00  -2.5627595e+01
   1.3645831e-01   5.8806913e+00  -2.7266948e+01
   1.3740420e-01   6.1837949e+00  -2.9089942e+01
   1.3835664e-01   6.5152291e+00  -3.1125031e+01
   1.3931568e-01   6.8773684e+00  -3.3405563e+01
   1.4028137e-01   7.2721640e+00  -3.5970322e+01
   1.4125375e-01   7.7006506e+00  -3.8863812e+01
   1.4223288e-01   8.1621751e+00  -4.2135954e+01
   1.4321879e-01   8.6532533e+00  -4.5840662e+01
   1.4421154e-01   9.1660014e+00  -5.0032493e+01
   1.4521116e-01   9.6862263e+00  -5.4760349e+01
   1.4621772e-01   1.0191583e+01  -6.0057248e+01
   1.4723125e-01   1.0650739e+01  -6.5926043e+01
   1.4825181e-01   1.1025030e+01  -7.2323156e+01
   1.4927944e-01   1.1274016e+01  -7.9145836e+01
   1.5031420e-01   1.1364775e+01  -8.6231169e+01
   1.5135612e-01   1.1281854e+01  -9.3373181e+01
   1.5240528e-01   1.1032761e+01  -1.0035605e+02
   1.5346170e-01   1.0645593e+01  -1.0699132e+02
   1.5452544e-01   1.0160228e+01  -1.1314428e+02
   1.5559656e-01   9.6180252e+00  -1.1874189e+02
   1.5667511e-01   9.0543868e+00  -1.2376505e+02
   1.5776113e-01   8.4955740e+00  -1.2823321e+02
   1.5885467e-01   7.9587851e+00  -1.3218864e+02
   1.5995580e-01   7.4538574e+00  -1.3568399e+02
   1.6106456e-01   6.9853446e+00  -1.3877410e+02
   1.6218101e-01   6.5543400e+00  -1.4151122e+02
   1.6330519e-01   6.1598492e+00  -1.4394276e+02
   1.6443717e-01   5.7997334e+00  -1.4611044e+02
   1.6557700e-01   5.4713168e+00  -1.4805036e+02
   1.6672472e-01   5.1717576e+00  -1.4979343e+02
   1.6788040e-01   4.8982616e+00  -1.5136597e+02
   1.6904409e-01   4.6481973e+00  -1.5279035e+02
   1.7021585e-01   4.4191482e+00  -1.5408555e+02
   1.7139573e-01   4.2089312e+00  -1.5526772e+02
   1.7258379e-01   4.0155932e+00  -1.5635065e+02
   1.7378008e-01   3.8373977e+00  -1.5734610e+02
   1.7498467e-01   3.6728059e+00  -1.5826418e+02
   1.7619760e-01   3.5204574e+00  -1.5911357e+02
   1.7741895e-01   3.3791495e+00  -1.5990178e+02
   1.7864876e-01   3.2478187e+00  -1.6063533e+02
   1.7988709e-01   3.1255241e+00  -1.6131989e+02
   1.8113401e-01   3.0114318e+00  -1.6196039e+02
   1.8238957e-01   2.9048016e+00  -1.6256120e+02
   1.8365383e-01   2.8049754e+00  -1.6312611e+02
   1.8492686e-01   2.7113668e+00  -1.6365850e+02
   1.8620871e-01   2.6234521e+00  -1.6416137e+02
   1.8749945e-01   2.5407629e+00  -1.6463735e+02
   1.8879913e-01   2.4628791e+00  -1.6508882e+02
   1.9010783e-01   2.3894234e+00  -1.6551789e+02
   1.9142559e-01   2.3200558e+00  -1.6592645e+02
   1.9275249e-01   2.2544698e+00  -1.6631622e+02
   1.9408859e-01   2.1923881e+00  -1.6668873e+02
   1.9543395e-01   2.1335597e+00  -1.6704537e+02
   1.9678863e-01   2.0777566e+00  -1.6738740e+02
   1.9815270e-01   2.0247715e+00  -1.6771597e+02
   1.9952623e-01   1.9744157e+00  -1.6803213e+02
   2.0090928e-01   1.9265169e+00  -1.6833683e+02
   2.0230192e-01   1.8809177e+00  -1.6863095e+02
   2.0370421e-01   1.8374738e+00  -1.6891528e+02
   2.0511622e-01   1.7960530e+00  -1.6919057e+02
   2.0653802e-01   1.7565339e+00  -1.6945750e+02
   2.0796967e-01   1.7188050e+00  -1.6971670e+02
   2.0941125e-01   1.6827632e+00  -1.6996876e+02
   2.1086281e-01   1.6483139e+00  -1.7021421e+02
   2.1232445e-01   1.6153695e+00  -1.7045358e+02
   2.1379621e-01   1.5838490e+00  -1.7068732e+02
   2.1527817e-01   1.5536776e+00  -1.7091588e+02
   2.1677041e-01   1.5247858e+00  -1.7113968e+02
   2.1827299e-01   1.4971093e+00  -1.7135910e+02
   2.1978599e-01   1.4705885e+00  -1.7157452e+02
   2.2130947e-01   1.4451677e+00  -1.7178628e+02
   2.2284351e-01   1.4207955e+00  -1.7199472e+02
   2.2438819e-01   1.3974239e+00  -1.7220014e+02
   2.2594358e-01   1.3750081e+00  -1.7240285e+02
   2.2750974e-01   1.3535066e+00  -1.7260313e+02
   2.2908677e-01   1.3328806e+00  -1.7280126e+02
   2.3067472e-01   1.3130939e+00  -1.7299750e+02
   2.3227368e-01   1.2941129e+00  -1.7319210e+02
   2.3388372e-01   1.2759061e+00  -1.7338531e+02
   2.3550493e-01   1.2584441e+00  -1.7357737e+02
   2.3713737e-01   1.2416997e+00  -1.7376852e+02
   2.3878113e-01   1.2256474e+00  -1.7395897e+02
   2.4043628e-01   1.2102634e+00  -1.7414895e+02
   2.4210290e-01   1.1955256e+00  -1.7433868e+02
   2.4378108e-01   1.1814135e+00  -1.7452837e+02
   2.4547089e-01   1.1679078e+00  -1.7471825e+02
   2.4717241e-01   1.1549909e+00  -1.7490851e+02
   2.4888573e-01   1.1426464e+00  -1.7509938e+02
   2.5061093e-01   1.1308590e+00  -1.7529106e+02
   2.5234808e-01   1.1196147e+00  -1.7548376e+02
   2.5409727e-01   1.1089006e+00  -1.7567771e+02
   2.5585859e-01   1.0987050e+00  -1.7587310e+02
   2.5763212e-01   1.0890172e+00  -1.7607017e+02
   2.5941794e-01   1.0798274e+00  -1.7626913e+02
   2.6121614e-01   1.0711269e+00  -1.7647022e+02
   2.6302680e-01   1.0629080e+00  -1.7667365e+02
   2.6485001e-01   1.0551639e+00  -1.7687967e+02
   2.6668587e-01   1.0478887e+00  -1.7708852e+02
   2.6853444e-01   1.0410774e+00  -1.7730046e+02
   2.7039584e-01   1.0347260e+00  -1.7751574e+02
   2.7227013e-01   1.0288314e+00  -1.7773463e+02
   2.7415742e-01   1.0233914e+00  -1.7795741e+02
   2.7605779e-01   1.0184048e+00  -1.7818438e+02
   2.7797133e-01   1.0138710e+00  -1.7841583e+02
   2.7989813e-01   1.0097909e+00  -1.7865209e+02
   2.8183829e-01   1.0061659e+00  -1.7889350e+02
   2.8379190e-01   1.0029986e+00  -1.7914040e+02
   2.8575905e-01   1.0002927e+00  -1.7939317e+02
   2.8773984e-01   9.9805281e-01  -1.7965220e+02
   2.8973436e-01   9.9628482e-01  -1.7991790e+02
   2.9174270e-01   9.9499568e-01   1.7980928e+02
   2.9376497e-01   9.9419363e-01   1.7952888e+02
   2.9580125e-01   9.9388819e-01   1.7924040e+02
   2.9785164e-01   9.9409028e-01   1.7894331e+02
   2.9991625e-01   9.9481228e-01   1.7863704e+02
   3.0199517e-01   9.9606814e-01   1.7832098e+02
   3.0408850e-01   9.9787351e-01   1.7799448e+02
   3.0619634e-01   1.0002458e+00   1.7765684e+02
   3.0831880e-01   1.0032045e+00   1.7730729e+02
   3.1045596e-01   1.0067710e+00   1.7694504e+02
   3.1260794e-01   1.0109691e+00   1.7656918e+02
   3.1477483e-01   1.0158251e+00   1.7617878e+02
   3.1695675e-01   1.0213679e+00   1.7577279e+02
   3.1915379e-01   1.0276294e+00   1.7535008e+02
   3.2136605e-01   1.0346448e+00   1.7490942e+02
   3.2359366e-01   1.0424525e+00   1.7444948e+02
   3.2583670e-01   1.0510952e+00   1.7396879e+02
   3.2809529e-01   1.0606195e+00   1.7346572e+02
   3.3036954e-01   1.0710766e+00   1.7293853e+02
   3.3265955e-01   1.0825231e+00   1.7238525e+02
   3.3496544e-01   1.0950209e+00   1.7180373e+02
   3.3728731e-01   1.1086383e+00   1.7119160e+02
   3.3962527e-01   1.1234501e+00   1.7054623e+02
   3.4197944e-01   1.1395386e+00   1.6986467e+02
   3.4434993e-01   1.1569944e+00   1.6914367e+02
   3.4673685e-01   1.1759167e+00   1.6837959e+02
   3.4914032e-01   1.1964143e+00   1.6756834e+02
   3.5156044e-01   1.2186064e+00   1.6670537e+02
   3.5399734e-01   1.2426232e+00   1.6578552e+02
   3.5645113e-01   1.2686064e+00   1.6480302e+02
   3.5892193e-01   1.2967095e+00   1.6375134e+02
   3.6140986e-01   1.3270980e+00   1.6262310e+02
   3.6391504e-01   1.3599487e+00   1.6140994e+02
   3.6643757e-01   1.3954477e+00   1.6010240e+02
   3.6897760e-01   1.4337880e+00   1.5868974e+02
   3.7153523e-01   1.4751646e+00   1.5715979e+02
   3.7411059e-01   1.5197660e+00   1.5549876e+02
   3.7670380e-01   1.5677630e+00   1.5369111e+02
   3.7931498e-01   1.6192903e+00   1.5171932e+02
   3.8194427e-01   1.6744212e+00   1.4956386e+02
   3.8459178e-01   1.7331314e+00   1.4720315e+02
   3.8725764e-01   1.7952493e+00   1.4461374e+02
   3.8994199e-01   1.8603908e+00   1.4177071e+02
   3.9264494e-01   1.9278771e+00   1.3864854e+02
   3.9536662e-01   1.9966379e+00   1.3522255e+02
   3.9810717e-01   2.0651094e+00   1.3147102e+02
   4.0086672e-01   2.1311497e+00   1.2737835e+02
   4.0364539e-01   2.1920057e+00   1.2293900e+02
   4.0644333e-01   2.2443822e+00   1.1816204e+02
   4.0926066e-01   2.2846655e+00   1.1307556e+02
   4.1209752e-01   2.3093256e+00   1.0772958e+02
   4.1495404e-01   2.3154589e+00   1.0219603e+02
   4.1783037e-01   2.3013502e+00   9.6564798e+01
   4.2072663e-01   2.2668724e+00   9.0935634e+01
   4.2364297e-01   2.2135672e+00   8.5407703e+01
   4.2657952e-01   2.1443655e+00   8.0069233e+01
   4.2953643e-01   2.0630496e+00   7.4989882e+01
   4.3251383e-01   1.9736448e+00   7.0217168e+01
   4.3551187e-01   1.8799097e+00   6.5776874e+01
   4.3853070e-01   1.7850162e+00   6.1676199e+01
   4.4157045e-01   1.6914211e+00   5.7908207e+01
   4.4463127e-01   1.6008791e+00   5.4456349e+01
   4.4771330e-01   1.5145374e+00   5.1298356e+01
   4.5081670e-01   1.4330609e+00   4.8409219e+01
   4.5394162e-01   1.3567553e+00   4.5763288e+01
   4.5708819e-01   1.2856741e+00   4.3335621e+01
   4.6025657e-01   1.2197025e+00   4.1102769e+01
   4.6344692e-01   1.1586213e+00   3.9043177e+01
   4.6665938e-01   1.1021514e+00   3.7137318e+01
   4.6989411e-01   1.0499858e+00   3.5367677e+01
   4.7315126e-01   1.0018095e+00   3.3718637e+01
   4.7643099e-01   9.5731370e-01   3.2176325e+01
   4.7973345e-01   9.1620309e-01   3.0728433e+01
   4.8305880e-01   8.7820087e-01   2.9364046e+01
   4.8640721e-01   8.4305058e-01   2.8073472e+01
   4.8977882e-01   8.1051685e-01   2.6848087e+01
   4.9317380e-01   7.8038490e-01   2.5680198e+01
   4.9659232e-01   7.5245971e-01   2.4562917e+01
   5.0003453e-01   7.2656468e-01   2.3490050e+01
   5.0350061e-01   7.0254030e-01   2.2456006e+01
   5.0699071e-01   6.8024270e-01   2.1455708e+01
   5.1050500e-01   6.5954227e-01   2.0484520e+01
   5.1404365e-01   6.4032232e-01   1.9538183e+01
   5.1760683e-01   6.2247790e-01   1.8612758e+01
   5.2119471e-01   6.0591466e-01   1.7704575e+01
   5.2480746e-01   5.9054786e-01   1.6810189e+01
   5.2844525e-01   5.7630142e-01   1.5926337e+01
   5.3210826e-01   5.6310717e-01   1.5049903e+01
   5.3579666e-01   5.5090408e-01   1.4177885e+01
   5.3951062e-01   5.3963765e-01   1.3307363e+01
   5.4325033e-01   5.2925935e-01   1.2435468e+01
   5.4701596e-01   5.1972610e-01   1.1559356e+01
   5.5080770e-01   5.1099987e-01   1.0676181e+01
   5.5462571e-01   5.0304731e-01   9.7830648e+00
   5.5847019e-01   4.9583936e-01   8.8770705e+00
   5.6234133e-01   4.8935106e-01   7.9551760e+00
   5.6623929e-01   4.8356121e-01   7.0142432e+00
   5.7016427e-01   4.7845222e-01   6.0509871e+00
   5.7411646e-01   4.7400988e-01   5.0619434e+00
   5.7809605e-01   4.7022322e-01   4.0434322e+00
   5.8210322e-01   4.6708433e-01   2.9915193e+00
   5.8613816e-01   4.6458822e-01   1.9019739e+00
   5.9020108e-01   4.6273267e-01   7.7022141e-01
   5.9429216e-01   4.6151801e-01  -4.0870820e-01
   5.9841160e-01   4.6094697e-01  -1.6402373e+00
   6.0255959e-01   4.6102435e-01  -2.9303038e+00
   6.0673633e-01   4.6175669e-01  -4.2854294e+00
   6.1094202e-01   4.6315176e-01  -5.7127953e+00
   6.1517687e-01   4.6521792e-01  -7.2203214e+00
   6.1944108e-01   4.6796319e-01  -8.8167509e+00
   6.2373484e-01   4.7139404e-01  -1.0511735e+01
   6.2805836e-01   4.7551369e-01  -1.2315915e+01
   6.3241185e-01   4.8031989e-01  -1.4240994e+01
   6.3679552e-01   4.8580191e-01  -1.6299784e+01
   6.4120958e-01   4.9193672e-01  -1.8506218e+01
   6.4565423e-01   4.9868394e-01  -2.0875302e+01
   6.5012969e-01   5.0597959e-01  -2.3422964e+01
   6.5463617e-01   5.1372854e-01  -2.6165773e+01
   6.5917390e-01   5.2179559e-01  -2.9120469e+01
   6.6374307e-01   5.2999599e-01  -3.2303224e+01
   6.6834392e-01   5.3808608e-01  -3.5728605e+01
   6.7297666e-01   5.4575615e-01  -3.9408152e+01
   6.7764151e-01   5.5262827e-01  -4.3348600e+01
   6.8233869e-01   5.5826263e-01  -4.7549802e+01
   6.8706844e-01   5.6217656e-01  -5.2002560e+01
   6.9183097e-01   5.6387870e-01  -5.6686733e+01
   6.9662651e-01   5.6291824e-01  -6.1570090e+01
   7.0145530e-01   5.5894339e-01  -6.6608447e+01
   7.0631755e-01   5.5175813e-01  -7.1747459e+01
   7.1121351e-01   5.4136270e-01  -7.6926090e+01
   7.1614341e-01   5.2796509e-01  -8.2081322e+01
   7.2110748e-01   5.1195856e-01  -8.7153264e+01
   7.2610596e-01   4.9387048e-01  -9.2089669e+01
   7.3113908e-01   4.7429597e-01  -9.6849106e+01
   7.3620710e-01   4.5383243e-01  -1.0140240e+02
   7.4131024e-01   4.3302736e-01  -1.0573251e+02
   7.4644876e-01   4.1234541e-01  -1.0983317e+02
   7.5162289e-01   3.9215436e-01  -1.1370694e+02
   7.5683290e-01   3.7272577e-01  -1.1736303e+02
   7.6207901e-01   3.5424500e-01  -1.2081531e+02
   7.6736149e-01   3.3682562e-01  -1.2408060e+02
   7.7268059e-01   3.2052490e-01  -1.2717734e+02
   7.7803655e-01   3.0535802e-01  -1.3012468e+02
   7.8342964e-01   2.9131033e-01  -1.3294179e+02
   7.8886012e-01   2.7834699e-01  -1.3564748e+02
   7.9432823e-01   2.6642052e-01  -1.3826000e+02
   7.9983426e-01   2.5547627e-01  -1.4079694e+02
   8.0537844e-01   2.4545633e-01  -1.4327526e+02
   8.1096106e-01   2.3630224e-01  -1.4571136e+02
   8.1658237e-01   2.2795670e-01  -1.4812119e+02
   8.2224265e-01   2.2036463e-01  -1.5052043e+02
   8.2794216e-01   2.1347365e-01  -1.5292460e+02
   8.3368118e-01   2.0723421e-01  -1.5534927e+02
   8.3945999e-01   2.0159939e-01  -1.5781022e+02
   8.4527885e-01   1.9652446e-01  -1.6032357e+02
   8.5113804e-01   1.9196618e-01  -1.6290599e+02
   8.5703785e-01   1.8788197e-01  -1.6557478e+02
   8.6297855e-01   1.8422876e-01  -1.6834802e+02
   8.6896043e-01   1.8096170e-01  -1.7124454e+02
   8.7498378e-01   1.7803253e-01  -1.7428391e+02
   8.8104887e-01   1.7538789e-01  -1.7748625e+02
   8.8715601e-01   1.7296728e-01   1.7912813e+02
   8.9330548e-01   1.7070116e-01   1.7553933e+02
   8.9949758e-01   1.6850928e-01   1.7172880e+02
   9.0573260e-01   1.6629964e-01   1.6768059e+02
   9.1201084e-01   1.6396888e-01   1.6338311e+02
   9.1833260e-01   1.6140484e-01   1.5883113e+02
   9.2469817e-01   1.5849195e-01   1.5402807e+02
   9.3110788e-01   1.5512018e-01   1.4898817e+02
   9.3756201e-01   1.5119701e-01   1.4373798e+02
   9.4406088e-01   1.4666093e-01   1.3831677e+02
   9.5060479e-01   1.4149368e-01   1.3277529e+02
   9.5719407e-01   1.3572759e-01   1.2717258e+02
   9.6382902e-01   1.2944521e-01   1.2157136e+02
   9.7050997e-01   1.2277039e-01   1.1603261e+02
   9.7723722e-01   1.1585268e-01   1.1061045e+02
   9.8401111e-01   1.0884898e-01   1.0534828e+02
   9.9083194e-01   1.0190673e-01   1.0027667e+02
   9.9770006e-01   9.5151733e-02   9.5413032e+01
   1.0046158e+00   8.8681741e-02   9.0762707e+01
   1.0115795e+00   8.2565193e-02   8.6320854e+01
   1.0185914e+00   7.6843657e-02   8.2074661e+01
   1.0256519e+00   7.1536248e-02   7.8005455e+01
   1.0327614e+00   6.6644684e-02   7.4090487e+01
   1.0399202e+00   6.2158083e-02   7.0304317e+01
   1.0471285e+00   5.8057036e-02   6.6619797e+01
   1.0543869e+00   5.4316801e-02   6.3008705e+01
   1.0616956e+00   5.0909658e-02   5.9442108e+01
   1.0690549e+00   4.7806526e-02   5.5890537e+01
   1.0764652e+00   4.4977992e-02   5.2324044e+01
   1.0839269e+00   4.2394888e-02   4.8712213e+01
   1.0914403e+00   4.0028533e-02   4.5024207e+01
   1.0990058e+00   3.7850744e-02   4.1228940e+01
   1.1066238e+00   3.5833714e-02   3.7295459e+01
   1.1142945e+00   3.3949846e-02   3.3193674e+01
   1.1220185e+00   3.2171652e-02   2.8895548e+01
   1.1297959e+00   3.0471848e-02   2.4376896e+01
   1.1376273e+00   2.8823805e-02   1.9619842e+01
   1.1455129e+00   2.7202494e-02   1.4615916e+01
   1.1534533e+00   2.5586029e-02   9.3695005e+00
   1.1614486e+00   2.3957732e-02   3.9010531e+00
   1.1694994e+00   2.2308401e-02  -1.7507813e+00
   1.1776060e+00   2.0638151e-02  -7.5292076e+00
   1.1857687e+00   1.8957071e-02  -1.3362234e+01
   1.1939881e+00   1.7284093e-02  -1.9168578e+01
   1.2022644e+00   1.5644055e-02  -2.4865574e+01
   1.2105981e+00   1.4063633e-02  -3.0377326e+01
   1.2189896e+00   1.2567250e-02  -3.5641272e+01
   1.2274392e+00   1.1174014e-02  -4.0611937e+01
   1.2359474e+00   9.8961948e-03  -4.5261664e+01
   1.2445146e+00   8.7391915e-03  -4.9578937e+01
   1.2531412e+00   7.7025211e-03  -5.3565319e+01
   1.2618275e+00   6.7812901e-03  -5.7231929e+01
   1.2705741e+00   5.9677109e-03  -6.0596166e+01
   1.2793813e+00   5.2524066e-03  -6.3678996e+01
   1.2882496e+00   4.6254062e-03  -6.6502907e+01
   1.2971793e+00   4.0768313e-03  -6.9090491e+01
   1.3061709e+00   3.5973256e-03  -7.1463525e+01
   1.3152248e+00   3.1782902e-03  -7.3642440e+01
   1.3243415e+00   2.8119858e-03  -7.5646048e+01
   1.3335214e+00   2.4915471e-03  -7.7491452e+01
   1.3427650e+00   2.2109459e-03  -7.9194067e+01
   1.3520726e+00   1.9649266e-03  -8.0767705e+01
   1.3614447e+00   1.7489286e-03  -8.2224699e+01
   1.3708818e+00   1.5590070e-03  -8.3576034e+01
   1.3803843e+00   1.3917552e-03  -8.4831488e+01
   1.3899526e+00   1.2442346e-03  -8.5999761e+01
   1.3995873e+00   1.1139102e-03  -8.7088599e+01
   1.4092888e+00   9.9859494e-04  -8.8104906e+01
   1.4190575e+00   8.9640001e-04  -8.9054842e+01
   1.4288940e+00   8.0569281e-04  -8.9943911e+01
   1.4387986e+00   7.2506029e-04  -9.0777045e+01
   1.4487719e+00   6.5327771e-04  -9.1558664e+01
   1.4588143e+00   5.8928195e-04  -9.2292744e+01
   1.4689263e+00   5.3214868e-04  -9.2982864e+01
   1.4791084e+00   4.8107294e-04  -9.3632255e+01
   1.4893611e+00   4.3535256e-04  -9.4243839e+01
   1.4996848e+00   3.9437400e-04  -9.4820264e+01
   1.5100802e+00   3.5760028e-04  -9.5363933e+01
   1.5205475e+00   3.2456064e-04  -9.5877035e+01
   1.5310875e+00   2.9484173e-04  -9.6361565e+01
   1.5417005e+00   2.6807999e-04  -9.6819345e+01
   1.5523870e+00   2.4395520e-04  -9.7252042e+01
   1.5631476e+00   2.2218482e-04  -9.7661185e+01
   1.5739829e+00   2.0251924e-04  -9.8048179e+01
   1.5848932e+00   1.8473761e-04  -9.8414315e+01
   1.5958791e+00   1.6864421e-04  -9.8760786e+01
   1.6069413e+00   1.5406540e-04  -9.9088690e+01
   1.6180800e+00   1.4084690e-04  -9.9399045e+01
   1.6292960e+00   1.2885145e-04  -9.9692793e+01
   1.6405898e+00   1.1795678e-04  -9.9970807e+01
   1.6519618e+00   1.0805387e-04  -1.0023390e+02
   1.6634127e+00   9.9045322e-05  -1.0048282e+02
   1.6749429e+00   9.0844113e-05  -1.0071829e+02
   1.6865530e+00   8.3372336e-05  -1.0094094e+02
   1.6982437e+00   7.6560196e-05  -1.0115141e+02
   1.7100153e+00   7.0345094e-05  -1.0135025e+02
   1.7218686e+00   6.4670826e-05  -1.0153801e+02
   1.7338040e+00   5.9486881e-05  -1.0171518e+02
   1.7458222e+00   5.4747820e-05  -1.0188226e+02
   1.7579236e+00   5.0412726e-05  -1.0203967e+02
   1.7701090e+00   4.6444723e-05  -1.0218783e+02
   1.7823788e+00   4.2810545e-05  -1.0232715e+02
   1.7947336e+00   3.9480157e-05  -1.0245798e+02
   1.8071741e+00   3.6426418e-05  -1.0258069e+02
   1.8197009e+00   3.3624785e-05  -1.0269560e+02
   1.8323144e+00   3.1053040e-05  -1.0280302e+02
   1.8450154e+00   2.8691062e-05  -1.0290326e+02
   1.8578045e+00   2.6520609e-05  -1.0299659e+02
   1.8706821e+00   2.4525133e-05  -1.0308327e+02
   1.8836491e+00   2.2689610e-05  -1.0316358e+02
   1.8967059e+00   2.1000395e-05  -1.0323773e+02
   1.9098533e+00   1.9445079e-05  -1.0330597e+02
   1.9230917e+00   1.8012378e-05  -1.0336850e+02
   1.9364220e+00   1.6692016e-05  -1.0342555e+02
   1.9498446e+00   1.5474636e-05  -1.0347730e+02
   1.9633603e+00   1.4351708e-05  -1.0352394e+02
   1.9769696e+00   1.3315454e-05  -1.0356565e+02
   1.9906733e+00   1.2358776e-05  -1.0360261e+02
   2.0044720e+00   1.1475192e-05  -1.0363498e+02
   2.0183664e+00   1.0658782e-05  -1.0366292e+02
   2.0323570e+00   9.9041323e-06  -1.0368658e+02
   2.0464446e+00   9.2062932e-06  -1.0370610e+02
   2.0606299e+00   8.5607349e-06  -1.0372162e+02
   2.0749135e+00   7.9633101e-06  -1.0373328e+02
   2.0892961e+00   7.4102198e-06  -1.0374120e+02
   2.1037784e+00   6.8979823e-06  -1.0374551e+02
   2.1183611e+00   6.4234052e-06  -1.0374632e+02
   2.1330449e+00   5.9835596e-06  -1.0374375e+02
   2.1478305e+00   5.5757578e-06  -1.0373790e+02
   2.1627185e+00   5.1975314e-06  -1.0372889e+02
   2.1777098e+00   4.8466133e-06  -1.0371682e+02
   2.1928049e+00   4.5209195e-06  -1.0370177e+02
   2.2080047e+00   4.2185341e-06  -1.0368386e+02
   2.2233099e+00   3.9376948e-06  -1.0366316e+02
   2.2387211e+00   3.6767798e-06  -1.0363977e+02
   2.2542392e+00   3.4342959e-06  -1.0361377e+02
   2.2698649e+00   3.2088682e-06  -1.0358524e+02
   2.2855988e+00   2.9992296e-06  -1.0355428e+02
   2.3014418e+00   2.8042125e-06  -1.0352094e+02
   2.3173946e+00   2.6227401e-06  -1.0348531e+02
   2.3334581e+00   2.4538192e-06  -1.0344747e+02
   2.3496328e+00   2.2965332e-06  -1.0340747e+02
   2.3659197e+00   2.1500362e-06  -1.0336540e+02
   2.3823195e+00   2.0135468e-06  -1.0332131e+02
   2.3988329e+00   1.8863435e-06  -1.0327527e+02
   2.4154608e+00   1.7677592e-06  -1.0322734e+02
   2.4322040e+00   1.6571775e-06  -1.0317759e+02
   2.4490632e+00   1.5540283e-06  -1.0312608e+02
   2.4660393e+00   1.4577841e-06  -1.0307286e+02
   2.4831331e+00   1.3679571e-06  -1.0301798e+02
   2.5003454e+00   1.2840955e-06  -1.0296151e+02
   2.5176769e+00   1.2057810e-06  -1.0290350e+02
   2.5351286e+00   1.1326263e-06  -1.0284400e+02
   2.5527013e+00   1.0642724e-06  -1.0278305e+02
   2.5703958e+00   1.0003867e-06  -1.0272072e+02
   2.5882129e+00   9.4066076e-07  -1.0265705e+02
   2.6061535e+00   8.8480854e-07  -1.0259208e+02
   2.6242185e+00   8.3256474e-07  -1.0252586e+02
   2.6424088e+00   7.8368317e-07  -1.0245844e+02
   2.6607251e+00   7.3793532e-07  -1.0238987e+02
   2.6791683e+00   6.9510903e-07  -1.0232017e+02
   2.6977394e+00   6.5500728e-07  -1.0224941e+02
   2.7164393e+00   6.1744701e-07  -1.0217762e+02
   2.7352687e+00   5.8225815e-07  -1.0210484e+02
   2.7542287e+00   5.4928261e-07  -1.0203110e+02
   2.7733201e+00   5.1837343e-07  -1.0195646e+02
   2.7925438e+00   4.8939392e-07  -1.0188095e+02
   2.8119008e+00   4.6221695e-07  -1.0180460e+02
   2.8313920e+00   4.3672422e-07  -1.0172746e+02
   2.8510183e+00   4.1280565e-07  -1.0164955e+02
   2.8707806e+00   3.9035876e-07  -1.0157093e+02
   2.8906799e+00   3.6928814e-07  -1.0149161e+02
   2.9107171e+00   3.4950493e-07  -1.0141164e+02
   2.9308932e+00   3.3092634e-07  -1.0133105e+02
   2.9512092e+00   3.1347526e-07  -1.0124988e+02
   2.9716660e+00   2.9707981e-07  -1.0116815e+02
   2.9922646e+00   2.8167301e-07  -1.0108591e+02
   3.0130060e+00   2.6719240e-07  -1.0100318e+02
   3.0338912e+00   2.5357976e-07  -1.0092000e+02
   3.0549211e+00   2.4078078e-07  -1.0083640e+02
   3.0760968e+00   2.2874481e-07  -1.0075241e+02
   3.0974193e+00   2.1742461e-07  -1.0066806e+02
   3.1188896e+00   2.0677610e-07  -1.0058338e+02
   3.1405087e+00   1.9675816e-07  -1.0049841e+02
   3.1622777e+00   1.8733243e-07  -1.0041318e+02
   3.1841975e+00   1.7846311e-07  -1.0032772e+02
   3.2062693e+00   1.7011680e-07  -1.0024205e+02
   3.2284941e+00   1.6226236e-07  -1.0015622e+02
   3.2508730e+00   1.5487074e-07  -1.0007024e+02
   3.2734069e+00   1.4791482e-07  -9.9984166e+01
   3.2960971e+00   1.4136937e-07  -9.9898013e+01
   3.3189446e+00   1.3521085e-07  -9.9811819e+01
   3.3419504e+00   1.2941736e-07  -9.9725616e+01
   3.3651157e+00   1.2396850e-07  -9.9639439e+01
   3.3884416e+00   1.1884534e-07  -9.9553322e+01
   3.4119291e+00   1.1403031e-07  -9.9467300e+01
   3.4355795e+00   1.0950710e-07  -9.9381411e+01
   3.4593938e+00   1.0526067e-07  -9.9295692e+01
   3.4833732e+00   1.0127713e-07  -9.9210183e+01
   3.5075187e+00   9.7543745e-08  -9.9124926e+01
   3.5318317e+00   9.4048868e-08  -9.9039965e+01
   3.5563132e+00   9.0781928e-08  -9.8955347e+01
   3.5809644e+00   8.7733411e-08  -9.8871123e+01
   3.6057864e+00   8.4894860e-08  -9.8787346e+01
   3.6307805e+00   8.2258883e-08  -9.8704077e+01
   3.6559479e+00   7.9819181e-08  -9.8621379e+01
   3.6812897e+00   7.7570595e-08  -9.8539323e+01
   3.7068072e+00   7.5509175e-08  -9.8457992e+01
   3.7325016e+00   7.3632281e-08  -9.8377473e+01
   3.7583740e+00   7.1938718e-08  -9.8297869e+01
   3.7844258e+00   7.0428930e-08  -9.8219299e+01
   3.8106582e+00   6.9105243e-08  -9.8141899e+01
   3.8370725e+00   6.7972210e-08  -9.8065830e+01
   3.8636698e+00   6.7037068e-08  -9.7991282e+01
   3.8904514e+00   6.6310351e-08  -9.7918486e+01
   3.9174188e+00   6.5806746e-08  -9.7847721e+01
   3.9445730e+00   6.5546272e-08  -9.7779333e+01
   3.9719155e+00   6.5555942e-08  -9.7713759e+01
   3.9994475e+00   6.5872155e-08  -9.7651553e+01
   4.0271703e+00   6.6544215e-08  -9.7593439e+01
   4.0550854e+00   6.7639619e-08  -9.7540377e+01
   4.0831939e+00   6.9252280e-08  -9.7493677e+01
   4.1114972e+00   7.1515726e-08  -9.7455168e+01
   4.1399967e+00   7.4625214e-08  -9.7427498e+01
   4.1686938e+00   7.8876623e-08  -9.7414645e+01
   4.1975898e+00   8.4739155e-08  -9.7422885e+01
   4.2266861e+00   9.3001883e-08  -9.7462737e+01
   4.2559841e+00   1.0509947e-07  -9.7553284e+01
   4.2854852e+00   1.2393794e-07  -9.7733138e+01
   4.3151908e+00   1.5642336e-07  -9.8094029e+01
   4.3451022e+00   2.2393002e-07  -9.8919983e+01
   4.3752211e+00   4.4142513e-07  -1.0174318e+02
   4.4055486e+00   2.8956837e-06   1.2628045e+02
   4.4360864e+00   3.2184681e-07   8.8534395e+01
   4.4668359e+00   1.5852630e-07   8.6434957e+01
   4.4977985e+00   1.0092265e-07   8.5740615e+01
   4.5289758e+00   7.1724014e-08   8.5423122e+01
   4.5603692e+00   5.4207683e-08   8.5260443e+01
   4.5919801e+00   4.2615343e-08   8.5176141e+01
   4.6238102e+00   3.4433540e-08   8.5136846e+01
   4.6558609e+00   2.8390736e-08   8.5125666e+01
   4.6881338e+00   2.3774870e-08   8.5133130e+01
   4.7206304e+00   2.0156334e-08   8.5153518e+01
   4.7533523e+00   1.7260700e-08   8.5183167e+01
   4.7863009e+00   1.4904567e-08   8.5219624e+01
   4.8194780e+00   1.2960796e-08   8.5261182e+01
   4.8528850e+00   1.1338536e-08   8.5306617e+01
   4.8865236e+00   9.9711972e-09   8.5355027e+01
   4.9203954e+00   8.8089018e-09   8.5405733e+01
   4.9545019e+00   7.8135857e-09   8.5458213e+01
   4.9888449e+00   6.9557260e-09   8.5512059e+01
   5.0234259e+00   6.2120969e-09   8.5566948e+01
   5.0582466e+00   5.5641955e-09   8.5622619e+01
   5.0933087e+00   4.9971161e-09   8.5678861e+01
   5.1286138e+00   4.4987312e-09   8.5735500e+01
   5.1641637e+00   4.0590841e-09   8.5792390e+01
   5.1999600e+00   3.6699349e-09   8.5849410e+01
   5.2360044e+00   3.3244138e-09   8.5906456e+01
   5.2722986e+00   3.0167552e-09   8.5963442e+01
   5.3088444e+00   2.7420910e-09   8.6020293e+01
   5.3456436e+00   2.4962873e-09   8.6076942e+01
   5.3826978e+00   2.2758163e-09   8.6133334e+01
   5.4200089e+00   2.0776527e-09   8.6189420e+01
   5.4575786e+00   1.8991912e-09   8.6245155e+01
   5.4954087e+00   1.7381789e-09   8.6300503e+01
   5.5335011e+00   1.5926601e-09   8.6355430e+01
   5.5718575e+00   1.4609318e-09   8.6409905e+01
   5.6104798e+00   1.3415056e-09   8.6463902e+01
   5.6493697e+00   1.2330768e-09   8.6517397e+01
   5.6885293e+00   1.1344988e-09   8.6570368e+01
   5.7279603e+00   1.0447610e-09   8.6622797e+01
   5.7676646e+00   9.6297036e-10   8.6674667e+01
   5.8076442e+00   8.8833601e-10   8.6725961e+01
   5.8479008e+00   8.2015597e-10   8.6776666e+01
   5.8884366e+00   7.5780579e-10   8.6826769e+01
   5.9292532e+00   7.0072894e-10   8.6876259e+01
   5.9703529e+00   6.4842846e-10   8.6925126e+01
   6.0117374e+00   6.0045979e-10   8.6973361e+01
   6.0534087e+00   5.5642457e-10   8.7020954e+01
   6.0953690e+00   5.1596527e-10   8.7067900e+01
   6.1376201e+00   4.7876052e-10   8.7114191e+01
   6.1801640e+00   4.4452099e-10   8.7159820e+01
   6.2230029e+00   4.1298589e-10   8.7204784e+01
   6.2661386e+00   3.8391978e-10   8.7249077e+01
   6.3095734e+00   3.5710988e-10   8.7292696e+01
   6.3533093e+00   3.3236364e-10   8.7335636e+01
   6.3973484e+00   3.0950660e-10   8.7377895e+01
   6.4416927e+00   2.8838052e-10   8.7419470e+01
   6.4863443e+00   2.6884173e-10   8.7460360e+01
   6.5313055e+00   2.5075963e-10   8.7500562e+01
   6.5765784e+00   2.3401539e-10   8.7540075e+01
   6.6221650e+00   2.1850080e-10   8.7578899e+01
   6.6680677e+00   2.0411721e-10   8.7617032e+01
   6.7142885e+00   1.9077462e-10   8.7654476e+01
   6.7608298e+00   1.7839082e-10   8.7691229e+01
   6.8076936e+00   1.6689071e-10   8.7727293e+01
   6.8548823e+00   1.5620557e-10   8.7762669e+01
   6.9023980e+00   1.4627250e-10   8.7797356e+01
   6.9502432e+00   1.3703387e-10   8.7831357e+01
   6.9984200e+00   1.2843685e-10   8.7864674e+01
   7.0469307e+00   1.2043299e-10   8.7897308e+01
   7.0957777e+00   1.1297778e-10   8.7929262e+01
   7.1449633e+00   1.0603035e-10   8.7960538e+01
   7.1944898e+00   9.9553109e-11   8.7991138e+01
   7.2443596e+00   9.3511495e-11   8.8021065e+01
   7.2945751e+00   8.7873686e-11   8.8050324e+01
   7.3451387e+00   8.2610377e-11   8.8078915e+01
   7.3960528e+00   7.7694560e-11   8.8106845e+01
   7.4473197e+00   7.3101329e-11   8.8134115e+01
   7.4989421e+00   6.8807710e-11   8.8160730e+01
   7.5509223e+00   6.4792490e-11   8.8186694e+01
   7.6032628e+00   6.1036081e-11   8.8212012e+01
   7.6559661e+00   5.7520378e-11   8.8236687e+01
   7.7090347e+00   5.4228643e-11   8.8260725e+01
   7.7624712e+00   5.1145392e-11   8.8284129e+01
   7.8162780e+00   4.8256297e-11   8.8306906e+01
   7.8704579e+00   4.5548086e-11   8.8329059e+01
   7.9250133e+00   4.3008469e-11   8.8350595e+01
   7.9799469e+00   4.0626052e-11   8.8371518e+01
   8.0352612e+00   3.8390272e-11   8.8391835e+01
   8.0909590e+00   3.6291329e-11   8.8411550e+01
   8.1470428e+00   3.4320128e-11   8.8430669e+01
   8.2035154e+00   3.2468225e-11   8.8449199e+01
   8.2603795e+00   3.0727777e-11   8.8467145e+01
   8.3176377e+00   2.9091495e-11   8.8484514e+01
   8.3752928e+00   2.7552603e-11   8.8501311e+01
   8.4333476e+00   2.6104799e-11   8.8517543e+01
   8.4918048e+00   2.4742221e-11   8.8533215e+01
   8.5506671e+00   2.3459412e-11   8.8548336e+01
   8.6099375e+00   2.2251291e-11   8.8562911e+01
   8.6696188e+00   2.1113126e-11   8.8576946e+01
   8.7297137e+00   2.0040505e-11   8.8590449e+01
   8.7902252e+00   1.9029319e-11   8.8603426e+01
   8.8511561e+00   1.8075733e-11   8.8615885e+01
   8.9125094e+00   1.7176172e-11   8.8627831e+01
   8.9742879e+00   1.6327299e-11   8.8639272e+01
   9.0364947e+00   1.5525999e-11   8.8650214e+01
   9.0991327e+00   1.4769362e-11   8.8660666e+01
   9.1622049e+00   1.4054670e-11   8.8670633e+01
   9.2257143e+00   1.3379385e-11   8.8680124e+01
   9.2896639e+00   1.2741133e-11   8.8689144e+01
   9.3540567e+00   1.2137693e-11   8.8697701e+01
   9.4188960e+00   1.1566989e-11   8.8705802e+01
   9.4841846e+00   1.1027078e-11   8.8713455e+01
   9.5499259e+00   1.0516141e-11   8.8720666e+01
   9.6161228e+00   1.0032476e-11   8.8727442e+01
   9.6827786e+00   9.5744862e-12   8.8733791e+01
   9.7498964e+00   9.1406783e-12   8.8739720e+01
   9.8174794e+00   8.7296513e-12   8.8745235e+01
   9.8855309e+00   8.3400920e-12   8.8750343e+01
   9.9540542e+00   7.9707688e-12   8.8755052e+01
   1.0023052e+01   7.6205265e-12   8.8759369e+01
   1.0092529e+01   7.2882808e-12   8.8763299e+01
   1.0162487e+01   6.9730141e-12   8.8766850e+01
   1.0232930e+01   6.6737707e-12   8.8770028e+01
   1.0303861e+01   6.3896531e-12   8.8772841e+01
   1.0375284e+01   6.1198178e-12   8.8775294e+01
   1.0447202e+01   5.8634723e-12   8.8777393e+01
   1.0519619e+01   5.6198714e-12   8.8779146e+01
   1.0592537e+01   5.3883142e-12   8.8780557e+01
   1.0665961e+01   5.1681414e-12   8.8781633e+01
   1.0739894e+01   4.9587326e-12   8.8782380e+01
   1.0814340e+01   4.7595037e-12   8.8782803e+01
   1.0889301e+01   4.5699047e-12   8.8782908e+01
   1.0964782e+01   4.3894174e-12   8.8782699e+01
   1.1040786e+01   4.2175537e-12   8.8782181e+01
   1.1117317e+01   4.0538532e-12   8.8781360e+01
   1.1194379e+01   3.8978819e-12   8.8780239e+01
   1.1271975e+01   3.7492303e-12   8.8778822e+01
   1.1350108e+01   3.6075118e-12   8.8777114e+01
   1.1428783e+01   3.4723614e-12   8.8775117e+01
   1.1508004e+01   3.3434344e-12   8.8772835e+01
   1.1587774e+01   3.2204047e-12   8.8770270e+01
   1.1668096e+01   3.1029641e-12   8.8767423e+01
   1.1748976e+01   2.9908207e-12   8.8764297e+01
   1.1830416e+01   2.8836981e-12   8.8760893e+01
   1.1912420e+01   2.7813344e-12   8.8757210e+01
   1.1994993e+01   2.6834810e-12   8.8753248e+01
   1.2078138e+01   2.5899017e-12   8.8749006e+01
   1.2161860e+01   2.5003720e-12   8.8744481e+01
   1.2246162e+01   2.4146779e-12   8.8739671e+01
   1.2331048e+01   2.3326154e-12   8.8734570e+01
   1.2416523e+01   2.2539894e-12   8.8729175e+01
   1.2502590e+01   2.1786129e-12   8.8723476e+01
   1.2589254e+01   2.1063062e-12   8.8717466e+01
   1.2676519e+01   2.0368962e-12   8.8711134e+01
   1.2764388e+01   1.9702151e-12   8.8704467e+01
   1.2852867e+01   1.9061000e-12   8.8697450e+01
   1.2941958e+01   1.8443913e-12   8.8690065e+01
   1.3031668e+01   1.7849322e-12   8.8682290e+01
   1.3121999e+01   1.7275668e-12   8.8674100e+01
   1.3212956e+01   1.6721395e-12   8.8665464e+01
   1.3304544e+01   1.6184926e-12   8.8656348e+01
   1.3396767e+01   1.5664647e-12   8.8646708e+01
   1.3489629e+01   1.5158886e-12   8.8636494e+01
   1.3583134e+01   1.4665880e-12   8.8625646e+01
   1.3677288e+01   1.4183743e-12   8.8614092e+01
   1.3772095e+01   1.3710418e-12   8.8601746e+01
   1.3867558e+01   1.3243623e-12   8.8588503e+01
   1.3963684e+01   1.2780772e-12   8.8574234e+01
   1.4060475e+01   1.2318875e-12   8.8558782e+01
   1.4157938e+01   1.1854402e-12   8.8541950e+01
   1.4256076e+01   1.1383097e-12   8.8523492e+01
   1.4354894e+01   1.0899715e-12   8.8503096e+01
   1.4454398e+01   1.0397641e-12   8.8480357e+01
   1.4554591e+01   9.8683432e-13   8.8454744e+01
   1.4655478e+01   9.3005327e-13   8.8425551e+01
   1.4757065e+01   8.6788670e-13   8.8391810e+01
   1.4859356e+01   7.9818539e-13   8.8352172e+01
   1.4962357e+01   7.1783282e-13   8.8304696e+01
   1.5066071e+01   6.2212166e-13   8.8246509e+01
   1.5170504e+01   5.0358026e-13   8.8173284e+01
   1.5275661e+01   3.4958595e-13   8.8078873e+01
   1.5381546e+01   1.3699809e-13   8.7967947e+01
   1.5488166e+01   1.8166979e-13  -9.2325504e+01
   1.5595525e+01   7.2163393e-13  -9.2655748e+01
   1.5703628e+01   1.8531929e-12  -9.3396748e+01
   1.5812480e+01   5.7759380e-12  -9.5976290e+01
   1.5922087e+01   2.9032106e-11   1.0723101e+02
   1.6032454e+01   6.1018923e-12   9.1811065e+01
   1.6143586e+01   3.9349883e-12   9.0377650e+01
   1.6255488e+01   3.1294418e-12   8.9837595e+01
   1.6368165e+01   2.7148330e-12   8.9552366e+01
   1.6481624e+01   2.4674068e-12   8.9374796e+01
   1.6595869e+01   2.3080181e-12   8.9252707e+01
   1.6710906e+01   2.2017435e-12   8.9162926e+01
   1.6826741e+01   2.1309665e-12   8.9093583e+01
   1.6943378e+01   2.0860350e-12   8.9037968e+01
   1.7060824e+01   2.0614335e-12   8.8991999e+01
   1.7179084e+01   2.0540324e-12   8.8953046e+01
   1.7298164e+01   2.0622304e-12   8.8919336e+01
   1.7418069e+01   2.0855320e-12   8.8889625e+01
   1.7538805e+01   2.1243644e-12   8.8863008e+01
   1.7660378e+01   2.1800569e-12   8.8838808e+01
   1.7782794e+01   2.2549590e-12   8.8816498e+01
   1.7906059e+01   2.3527204e-12   8.8795654e+01
   1.8030177e+01   2.4788049e-12   8.8775914e+01
   1.8155157e+01   2.6413916e-12   8.8756953e+01
   1.8281002e+01   2.8529831e-12   8.8738442e+01
   1.8407720e+01   3.1334113e-12   8.8720017e+01
   1.8535316e+01   3.5158518e-12   8.8701198e+01
   1.8663797e+01   4.0600220e-12   8.8681256e+01
   1.8793168e+01   4.8850138e-12   8.8658863e+01
   1.8923436e+01   6.2670273e-12   8.8631080e+01
   1.9054607e+01   9.0251273e-12   8.8589373e+01
   1.9186687e+01   1.7140963e-11   8.8492542e+01
   1.9319683e+01   4.7446329e-10   8.3749241e+01
   1.9453601e+01   1.7242258e-11  -9.1177783e+01
   1.9588447e+01   8.1946893e-12  -9.1283896e+01
   1.9724227e+01   5.2609694e-12  -9.1326830e+01
   1.9860949e+01   3.8135819e-12  -9.1354435e+01
   1.9998619e+01   2.9539449e-12  -9.1376034e+01
   2.0137242e+01   2.3861767e-12  -9.1394723e+01
   2.0276827e+01   1.9843637e-12  -9.1411843e+01
   2.0417379e+01   1.6858478e-12  -9.1428078e+01
   2.0558906e+01   1.4559415e-12  -9.1443824e+01
   2.0701413e+01   1.2738912e-12  -9.1459332e+01
   2.0844909e+01   1.1265216e-12  -9.1474777e+01
   2.0989399e+01   1.0050683e-12  -9.1490285e+01
   2.1134890e+01   9.0347571e-13  -9.1505960e+01
   2.1281390e+01   8.1742706e-13  -9.1521884e+01
   2.1428906e+01   7.4376275e-13  -9.1538131e+01
   2.1577444e+01   6.8011783e-13  -9.1554767e+01
   2.1727012e+01   6.2468747e-13  -9.1571856e+01
   2.1877616e+01   5.7607092e-13  -9.1589456e+01
   2.2029265e+01   5.3316478e-13  -9.1607626e+01
   2.2181964e+01   4.9508844e-13  -9.1626427e+01
   2.2335722e+01   4.6113078e-13  -9.1645916e+01
   2.2490546e+01   4.3071153e-13  -9.1666157e+01
   2.2646443e+01   4.0335269e-13  -9.1687211e+01
   2.2803421e+01   3.7865714e-13  -9.1709145e+01
   2.2961486e+01   3.5629235e-13  -9.1732028e+01
   2.3120648e+01   3.3597795e-13  -9.1755933e+01
   2.3280913e+01   3.1747596e-13  -9.1780936e+01
   2.3442288e+01   3.0058324e-13  -9.1807120e+01
   2.3604782e+01   2.8512539e-13  -9.1834570e+01
   2.3768403e+01   2.7095198e-13  -9.1863379e+01
   2.3933158e+01   2.5793264e-13  -9.1893646e+01
   2.4099054e+01   2.4595395e-13  -9.1925478e+01
   2.4266101e+01   2.3491680e-13  -9.1958987e+01
   2.4434306e+01   2.2473434e-13  -9.1994297e+01
   2.4603676e+01   2.1533020e-13  -9.2031540e+01
   2.4774221e+01   2.0663705e-13  -9.2070858e+01
   2.4945947e+01   1.9859538e-13  -9.2112408e+01
   2.5118864e+01   1.9115251e-13  -9.2156357e+01
   2.5292980e+01   1.8426171e-13  -9.2202887e+01
   2.5468303e+01   1.7788147e-13  -9.2252199e+01
   2.5644840e+01   1.7197495e-13  -9.2304511e+01
   2.5822602e+01   1.6650938e-13  -9.2360060e+01
   2.6001596e+01   1.6145570e-13  -9.2419108e+01
   2.6181830e+01   1.5678815e-13  -9.2481943e+01
   2.6363314e+01   1.5248397e-13  -9.2548882e+01
   2.6546056e+01   1.4852316e-13  -9.2620276e+01
   2.6730064e+01   1.4488822e-13  -9.2696512e+01
   2.6915348e+01   1.4156403e-13  -9.2778023e+01
   2.7101916e+01   1.3853770e-13  -9.2865289e+01
   2.7289778e+01   1.3579846e-13  -9.2958848e+01
   2.7478942e+01   1.3333760e-13  -9.3059302e+01
   2.7669416e+01   1.3114847e-13  -9.3167330e+01
   2.7861212e+01   1.2922644e-13  -9.3283699e+01
   2.8054336e+01   1.2756899e-13  -9.3409275e+01
   2.8248800e+01   1.2617582e-13  -9.3545048e+01
   2.8444611e+01   1.2504892e-13  -9.3692148e+01
   2.8641780e+01   1.2419286e-13  -9.3851873e+01
   2.8840315e+01   1.2361502e-13  -9.4025719e+01
   2.9040227e+01   1.2332595e-13  -9.4215425e+01
   2.9241524e+01   1.2333989e-13  -9.4423018e+01
   2.9444216e+01   1.2367536e-13  -9.4650878e+01
   2.9648314e+01   1.2435595e-13  -9.4901818e+01
   2.9853826e+01   1.2541141e-13  -9.5179186e+01
   3.0060763e+01   1.2687901e-13  -9.5486999e+01
   3.0269134e+01   1.2880531e-13  -9.5830114e+01
   3.0478950e+01   1.3124863e-13  -9.6214465e+01
   3.0690220e+01   1.3428221e-13  -9.6647373e+01
   3.0902954e+01   1.3799868e-13  -9.7137970e+01
   3.1117163e+01   1.4251610e-13  -9.7697796e+01
   3.1332857e+01   1.4798649e-13  -9.8341639e+01
   3.1550046e+01   1.5460806e-13  -9.9088743e+01
   3.1768741e+01   1.6264286e-13  -9.9964603e+01
   3.1988951e+01   1.7244310e-13  -1.0100367e+02
   3.2210688e+01   1.8449093e-13  -1.0225358e+02
   3.2433962e+01   1.9946007e-13  -1.0378193e+02
   3.2658783e+01   2.1831281e-13  -1.0568750e+02
   3.2885163e+01   2.4245428e-13  -1.0811967e+02
   3.3113112e+01   2.7397388e-13  -1.1131304e+02
   3.3342641e+01   3.1598853e-13  -1.1565099e+02
   3.3573761e+01   3.7293764e-13  -1.2178282e+02
   3.3806484e+01   4.4977133e-13  -1.3081654e+02
   3.4040819e+01   5.4526778e-13  -1.4446248e+02
   3.4276779e+01   6.2924966e-13  -1.6418045e+02
   3.4514374e+01   6.3422894e-13   1.7231507e+02
   3.4753616e+01   5.5248681e-13   1.5160739e+02
   3.4994517e+01   4.5199374e-13   1.3697123e+02
   3.5237087e+01   3.7006595e-13   1.2727764e+02
   3.5481339e+01   3.0992196e-13   1.2074028e+02
   3.5727284e+01   2.6647923e-13   1.1614943e+02
   3.5974934e+01   2.3493739e-13   1.1279218e+02
   3.6224300e+01   2.1196931e-13   1.1024934e+02
   3.6475395e+01   1.9544887e-13   1.0826610e+02
   3.6728230e+01   1.8409848e-13   1.0668115e+02
   3.6982818e+01   1.7727178e-13   1.0538827e+02
   3.7239171e+01   1.7488504e-13   1.0431483e+02
   3.7497300e+01   1.7752526e-13   1.0340929e+02
   3.7757219e+01   1.8687879e-13   1.0263334e+02
   3.8018940e+01   2.0700560e-13   1.0195610e+02
   3.8282474e+01   2.4863502e-13   1.0134712e+02
   3.8547836e+01   3.4938423e-13   1.0075549e+02
   3.8815037e+01   7.8657254e-13   9.9908670e+01
   3.9084090e+01   1.1649456e-12  -7.8644170e+01
   3.9355008e+01   2.7181372e-13  -7.9824466e+01
   3.9627803e+01   1.3468923e-13  -8.0257532e+01
   3.9902490e+01   8.0067714e-14  -8.0580751e+01
   4.0179081e+01   5.0931503e-14  -8.0851637e+01
   4.0457589e+01   3.2654024e-14  -8.1086940e+01
   4.0738028e+01   1.9621187e-14  -8.1293437e+01
   4.1020410e+01   8.8894123e-15  -8.1468508e+01
   4.1304750e+01   2.0546559e-15   9.8215715e+01
   4.1591061e+01   1.8171574e-14   9.8160281e+01
   4.1879357e+01   6.9725949e-14   9.8008786e+01
   4.2169650e+01   1.6706161e-13  -8.2003793e+01
   4.2461956e+01   4.6648865e-14  -8.2169388e+01
   4.2756289e+01   2.8075838e-14  -8.2278929e+01
   4.3052661e+01   2.0045166e-14  -8.2374691e+01
   4.3351088e+01   1.5401039e-14  -8.2460626e+01
   4.3651583e+01   1.2318325e-14  -8.2538223e+01
   4.3954162e+01   1.0105161e-14  -8.2608397e+01
   4.4258837e+01   8.4355119e-15  -8.2671838e+01
   4.4565625e+01   7.1326636e-15  -8.2729117e+01
   4.4874539e+01   6.0910340e-15  -8.2780722e+01
   4.5185594e+01   5.2428909e-15  -8.2827080e+01
   4.5498806e+01   4.5423869e-15  -8.2868572e+01
   4.5814189e+01   3.9571717e-15  -8.2905536e+01
   4.6131757e+01   3.4636563e-15  -8.2938276e+01
   4.6451528e+01   3.0441794e-15  -8.2967068e+01
   4.6773514e+01   2.6852285e-15  -8.2992160e+01
   4.7097733e+01   2.3762779e-15  -8.3013779e+01
   4.7424199e+01   2.1090038e-15  -8.3032130e+01
   4.7752927e+01   1.8767379e-15  -8.3047403e+01
   4.8083935e+01   1.6740789e-15  -8.3059769e+01
   4.8417237e+01   1.4966091e-15  -8.3069386e+01
   4.8752849e+01   1.3406848e-15  -8.3076400e+01
   4.9090788e+01   1.2032777e-15  -8.3080944e+01
   4.9431069e+01   1.0818542e-15  -8.3083141e+01
   4.9773708e+01   9.7428180e-16  -8.3083105e+01
   5.0118723e+01   8.7875586e-16  -8.3080942e+01
   5.0466130e+01   7.9374156e-16  -8.3076749e+01
   5.0815944e+01   7.1792768e-16  -8.3070617e+01
   5.1168184e+01   6.5018935e-16  -8.3062629e+01
   5.1522864e+01   5.8955791e-16  -8.3052863e+01
   5.1880004e+01   5.3519627e-16  -8.3041393e+01
   5.2239619e+01   4.8637862e-16  -8.3028286e+01
   5.2601727e+01   4.4247374e-16  -8.3013605e+01
   5.2966344e+01   4.0293111e-16  -8.2997409e+01
   5.3333490e+01   3.6726931e-16  -8.2979754e+01
   5.3703180e+01   3.3506625e-16  -8.2960691e+01
   5.4075432e+01   3.0595105e-16  -8.2940269e+01
   5.4450265e+01   2.7959703e-16  -8.2918533e+01
   5.4827696e+01   2.5571589e-16  -8.2895526e+01
   5.5207744e+01   2.3405265e-16  -8.2871286e+01
   5.5590426e+01   2.1438141e-16  -8.2845853e+01
   5.5975760e+01   1.9650166e-16  -8.2819261e+01
   5.6363766e+01   1.8023511e-16  -8.2791544e+01
   5.6754461e+01   1.6542297e-16  -8.2762732e+01
   5.7147864e+01   1.5192362e-16  -8.2732855e+01
   5.7543994e+01   1.3961054e-16  -8.2701942e+01
   5.7942870e+01   1.2837055e-16  -8.2670017e+01
   5.8344510e+01   1.1810228e-16  -8.2637106e+01
   5.8748935e+01   1.0871479e-16  -8.2603232e+01
   5.9156163e+01   1.0012640e-16  -8.2568418e+01
   5.9566214e+01   9.2263701e-17  -8.2532683e+01
   5.9979108e+01   8.5060574e-17  -8.2496047e+01
   6.0394863e+01   7.8457452e-17  -8.2458529e+01
   6.0813500e+01   7.2400590e-17  -8.2420147e+01
   6.1235039e+01   6.6841454e-17  -8.2380918e+01
   6.1659500e+01   6.1736167e-17  -8.2340856e+01
   6.2086903e+01   5.7045028e-17  -8.2299976e+01
   6.2517269e+01   5.2732080e-17  -8.2258294e+01
   6.2950618e+01   4.8764725e-17  -8.2215821e+01
   6.3386971e+01   4.5113390e-17  -8.2172571e+01
   6.3826349e+01   4.1751219e-17  -8.2128556e+01
   6.4268772e+01   3.8653807e-17  -8.2083787e+01
   6.4714262e+01   3.5798954e-17  -8.2038274e+01
   6.5162839e+01   3.3166458e-17  -8.1992028e+01
   6.5614527e+01   3.0737915e-17  -8.1945059e+01
   6.6069345e+01   2.8496548e-17  -8.1897374e+01
   6.6527316e+01   2.6427057e-17  -8.1848984e+01
   6.6988461e+01   2.4515474e-17  -8.1799896e+01
   6.7452803e+01   2.2749041e-17  -8.1750117e+01
   6.7920363e+01   2.1116099e-17  -8.1699655e+01
   6.8391165e+01   1.9605985e-17  -8.1648518e+01
   6.8865230e+01   1.8208941e-17  -8.1596710e+01
   6.9342581e+01   1.6916033e-17  -8.1544239e+01
   6.9823240e+01   1.5719076e-17  -8.1491110e+01
   7.0307232e+01   1.4610568e-17  -8.1437329e+01
   7.0794578e+01   1.3583627e-17  -8.1382900e+01
   7.1285303e+01   1.2631939e-17  -8.1327829e+01
   7.1779429e+01   1.1749708e-17  -8.1272120e+01
   7.2276980e+01   1.0931608e-17  -8.1215778e+01
   7.2777980e+01   1.0172746e-17  -8.1158806e+01
   7.3282453e+01   9.4686216e-18  -8.1101208e+01
   7.3790423e+01   8.8150971e-18  -8.1042987e+01
   7.4301914e+01   8.2083632e-18  -8.0984148e+01
   7.4816950e+01   7.6449129e-18  -8.0924693e+01
   7.5335556e+01   7.1215160e-18  -8.0864624e+01
   7.5857758e+01   6.6351960e-18  -8.0803945e+01
   7.6383578e+01   6.1832088e-18  -8.0742658e+01
   7.6913044e+01   5.7630237e-18  -8.0680765e+01
   7.7446180e+01   5.3723061e-18  -8.0618268e+01
   7.7983011e+01   5.0089010e-18  -8.0555169e+01
   7.8523563e+01   4.6708186e-18  -8.0491471e+01
   7.9067863e+01   4.3562214e-18  -8.0427173e+01
   7.9615935e+01   4.0634111e-18  -8.0362279e+01
   8.0167806e+01   3.7908183e-18  -8.0296789e+01
   8.0723503e+01   3.5369918e-18  -8.0230704e+01
   8.1283052e+01   3.3005892e-18  -8.0164026e+01
   8.1846479e+01   3.0803684e-18  -8.0096755e+01
   8.2413812e+01   2.8751801e-18  -8.0028892e+01
   8.2985077e+01   2.6839597e-18  -7.9960437e+01
   8.3560302e+01   2.5057218e-18  -7.9891392e+01
   8.4139514e+01   2.3395530e-18  -7.9821756e+01
   8.4722741e+01   2.1846071e-18  -7.9751530e+01
   8.5310011e+01   2.0400997e-18  -7.9680713e+01
   8.5901352e+01   1.9053034e-18  -7.9609307e+01
   8.6496792e+01   1.7795435e-18  -7.9537310e+01
   8.7096359e+01   1.6621942e-18  -7.9464724e+01
   8.7700082e+01   1.5526745e-18  -7.9391547e+01
   8.8307990e+01   1.4504452e-18  -7.9317779e+01
   8.8920112e+01   1.3550057e-18  -7.9243420e+01
   8.9536477e+01   1.2658910e-18  -7.9168469e+01
   9.0157114e+01   1.1826691e-18  -7.9092927e+01
   9.0782053e+01   1.1049386e-18  -7.9016791e+01
   9.1411324e+01   1.0323264e-18  -7.8940062e+01
   9.2044957e+01   9.6448576e-19  -7.8862739e+01
   9.2682982e+01   9.0109405e-19  -7.8784820e+01
   9.3325430e+01   8.4185131e-19  -7.8706305e+01
   9.3972331e+01   7.8647845e-19  -7.8627194e+01
   9.4623716e+01   7.3471577e-19  -7.8547483e+01
   9.5279616e+01   6.8632156e-19  -7.8467174e+01
   9.5940063e+01   6.4107077e-19  -7.8386264e+01
   9.6605088e+01   5.9875388e-19  -7.8304752e+01
   9.7274722e+01   5.5917575e-19  -7.8222638e+01
   9.7948999e+01   5.2215456e-19  -7.8139918e+01
   9.8627949e+01   4.8752095e-19  -7.8056593e+01
   9.9311605e+01   4.5511706e-19  -7.7972661e+01
   1.0000000e+02   4.2479573e-19  -7.7888120e+01
