   1.0000000e-01   1.2022865e+00  -1.6837004e+02
   1.0069317e-01   1.1793707e+00  -1.6850661e+02
   1.0139114e-01   1.1573150e+00  -1.6863861e+02
   1.0209395e-01   1.1360794e+00  -1.6876627e+02
   1.0280163e-01   1.1156267e+00  -1.6888982e+02
   1.0351422e-01   1.0959219e+00  -1.6900947e+02
   1.0423174e-01   1.0769322e+00  -1.6912539e+02
   1.0495424e-01   1.0586271e+00  -1.6923778e+02
   1.0568175e-01   1.0409777e+00  -1.6934679e+02
   1.0641430e-01   1.0239570e+00  -1.6945261e+02
   1.0715193e-01   1.0075398e+00  -1.6955536e+02
   1.0789467e-01   9.9170217e-01  -1.6965521e+02
   1.0864256e-01   9.7642175e-01  -1.6975228e+02
   1.0939564e-01   9.6167753e-01  -1.6984670e+02
   1.1015393e-01   9.4744972e-01  -1.6993860e+02
   1.1091748e-01   9.3371973e-01  -1.7002809e+02
   1.1168632e-01   9.2047007e-01  -1.7011528e+02
   1.1246050e-01   9.0768429e-01  -1.7020027e+02
   1.1324004e-01   8.9534691e-01  -1.7028318e+02
   1.1402498e-01   8.8344338e-01  -1.7036408e+02
   1.1481536e-01   8.7196003e-01  -1.7044307e+02
   1.1561122e-01   8.6088400e-01  -1.7052025e+02
   1.1641260e-01   8.5020324e-01  -1.7059569e+02
   1.1721954e-01   8.3990643e-01  -1.7066947e+02
   1.1803206e-01   8.2998295e-01  -1.7074168e+02
   1.1885022e-01   8.2042288e-01  -1.7081238e+02
   1.1967405e-01   8.1121693e-01  -1.7088165e+02
   1.2050359e-01   8.0235645e-01  -1.7094956e+02
   1.2133889e-01   7.9383338e-01  -1.7101617e+02
   1.2217997e-01   7.8564024e-01  -1.7108155e+02
   1.2302688e-01   7.7777011e-01  -1.7114576e+02
   1.2387966e-01   7.7021660e-01  -1.7120887e+02
   1.2473835e-01   7.6297388e-01  -1.7127093e+02
   1.2560300e-01   7.5603662e-01  -1.7133201e+02
   1.2647363e-01   7.4939998e-01  -1.7139215e+02
   1.2735031e-01   7.4305965e-01  -1.7145142e+02
   1.2823306e-01   7.3701180e-01  -1.7150988e+02
   1.2912193e-01   7.3125310e-01  -1.7156757e+02
   1.3001696e-01   7.2578069e-01  -1.7162456e+02
   1.3091819e-01   7.2059224e-01  -1.7168089e+02
   1.3182567e-01   7.1568587e-01  -1.7173662e+02
   1.3273945e-01   7.1106024e-01  -1.7179181e+02
   1.3365955e-01   7.0671451e-01  -1.7184650e+02
   1.3458604e-01   7.0264834e-01  -1.7190076e+02
   1.3551894e-01   6.9886195e-01  -1.7195463e+02
   1.3645831e-01   6.9535611e-01  -1.7200818e+02
   1.3740420e-01   6.9213215e-01  -1.7206146e+02
   1.3835664e-01   6.8919202e-01  -1.7211452e+02
   1.3931568e-01   6.8653826e-01  -1.7216743e+02
   1.4028137e-01   6.8417411e-01  -1.7222024e+02
   1.4125375e-01   6.8210347e-01  -1.7227302e+02
   1.4223288e-01   6.8033100e-01  -1.7232583e+02
   1.4321879e-01   6.7886213e-01  -1.7237874e+02
   1.4421154e-01   6.7770315e-01  -1.7243183e+02
   1.4521116e-01   6.7686124e-01  -1.7248515e+02
   1.4621772e-01   6.7634457e-01  -1.7253879e+02
   1.4723125e-01   6.7616234e-01  -1.7259282e+02
   1.4825181e-01   6.7632493e-01  -1.7264735e+02
   1.4927944e-01   6.7684396e-01  -1.7270244e+02
   1.5031420e-01   6.7773244e-01  -1.7275820e+02
   1.5135612e-01   6.7900485e-01  -1.7281474e+02
   1.5240528e-01   6.8067738e-01  -1.7287216e+02
   1.5346170e-01   6.8276804e-01  -1.7293058e+02
   1.5452544e-01   6.8529688e-01  -1.7299012e+02
   1.5559656e-01   6.8828625e-01  -1.7305094e+02
   1.5667511e-01   6.9176103e-01  -1.7311316e+02
   1.5776113e-01   6.9574898e-01  -1.7317697e+02
   1.5885467e-01   7.0028106e-01  -1.7324254e+02
   1.5995580e-01   7.0539187e-01  -1.7331006e+02
   1.6106456e-01   7.1112017e-01  -1.7337976e+02
   1.6218101e-01   7.1750938e-01  -1.7345187e+02
   1.6330519e-01   7.2460834e-01  -1.7352666e+02
   1.6443717e-01   7.3247202e-01  -1.7360442e+02
   1.6557700e-01   7.4116253e-01  -1.7368549e+02
   1.6672472e-01   7.5075022e-01  -1.7377024e+02
   1.6788040e-01   7.6131504e-01  -1.7385909e+02
   1.6904409e-01   7.7294814e-01  -1.7395252e+02
   1.7021585e-01   7.8575387e-01  -1.7405106e+02
   1.7139573e-01   7.9985217e-01  -1.7415535e+02
   1.7258379e-01   8.1538153e-01  -1.7426609e+02
   1.7378008e-01   8.3250263e-01  -1.7438410e+02
   1.7498467e-01   8.5140291e-01  -1.7451036e+02
   1.7619760e-01   8.7230229e-01  -1.7464597e+02
   1.7741895e-01   8.9546040e-01  -1.7479227e+02
   1.7864876e-01   9.2118595e-01  -1.7495083e+02
   1.7988709e-01   9.4984867e-01  -1.7512351e+02
   1.8113401e-01   9.8189516e-01  -1.7531260e+02
   1.8238957e-01   1.0178697e+00  -1.7552086e+02
   1.8365383e-01   1.0584426e+00  -1.7575168e+02
   1.8492686e-01   1.1044481e+00  -1.7600930e+02
   1.8620871e-01   1.1569382e+00  -1.7629906e+02
   1.8749945e-01   1.2172576e+00  -1.7662779e+02
   1.8879913e-01   1.2871529e+00  -1.7700439e+02
   1.9010783e-01   1.3689337e+00  -1.7744060e+02
   1.9142559e-01   1.4657178e+00  -1.7795237e+02
   1.9275249e-01   1.5818149e+00  -1.7856175e+02
   1.9408859e-01   1.7233514e+00  -1.7930025e+02
   1.9543395e-01   1.8993263e+00   1.7978561e+02
   1.9678863e-01   2.1234896e+00   1.7862426e+02
   1.9815270e-01   2.4178762e+00   1.7709970e+02
   1.9952623e-01   2.8199235e+00   1.7501170e+02
   2.0090928e-01   3.3979713e+00   1.7198472e+02
   2.0230192e-01   4.2878345e+00   1.6723461e+02
   2.0370421e-01   5.7812152e+00   1.5887955e+02
   2.0511622e-01   8.4340625e+00   1.4173586e+02
   2.0653802e-01   1.1388996e+01   1.0494741e+02
   2.0796967e-01   9.1968470e+00   6.2616498e+01
   2.0941125e-01   6.0422632e+00   4.1000073e+01
   2.1086281e-01   4.2466946e+00   3.0899082e+01
   2.1232445e-01   3.2094655e+00   2.5388109e+01
   2.1379621e-01   2.5531261e+00   2.1976287e+01
   2.1527817e-01   2.1053441e+00   1.9670514e+01
   2.1677041e-01   1.7820670e+00   1.8012406e+01
   2.1827299e-01   1.5384649e+00   1.6764255e+01
   2.1978599e-01   1.3487132e+00   1.5791341e+01
   2.2130947e-01   1.1969728e+00   1.5011885e+01
   2.2284351e-01   1.0730218e+00   1.4373471e+01
   2.2438819e-01   9.6998162e-01   1.3840997e+01
   2.2594358e-01   8.8305966e-01   1.3390089e+01
   2.2750974e-01   8.0881729e-01   1.3003305e+01
   2.2908677e-01   7.4472494e-01   1.2667836e+01
   2.3067472e-01   6.8888119e-01   1.2374066e+01
   2.3227368e-01   6.3982971e-01   1.2114639e+01
   2.3388372e-01   5.9643655e-01   1.1883829e+01
   2.3550493e-01   5.5780586e-01   1.1677113e+01
   2.3713737e-01   5.2322059e-01   1.1490874e+01
   2.3878113e-01   4.9210015e-01   1.1322179e+01
   2.4043628e-01   4.6396948e-01   1.1168630e+01
   2.4210290e-01   4.3843616e-01   1.1028241e+01
   2.4378108e-01   4.1517325e-01   1.0899359e+01
   2.4547089e-01   3.9390618e-01   1.0780594e+01
   2.4717241e-01   3.7440274e-01   1.0670766e+01
   2.4888573e-01   3.5646519e-01   1.0568870e+01
   2.5061093e-01   3.3992417e-01   1.0474043e+01
   2.5234808e-01   3.2463375e-01   1.0385541e+01
   2.5409727e-01   3.1046756e-01   1.0302714e+01
   2.5585859e-01   2.9731563e-01   1.0224998e+01
   2.5763212e-01   2.8508182e-01   1.0151896e+01
   2.5941794e-01   2.7368176e-01   1.0082970e+01
   2.6121614e-01   2.6304105e-01   1.0017834e+01
   2.6302680e-01   2.5309390e-01   9.9561412e+00
   2.6485001e-01   2.4378192e-01   9.8975843e+00
   2.6668587e-01   2.3505311e-01   9.8418868e+00
   2.6853444e-01   2.2686101e-01   9.7887998e+00
   2.7039584e-01   2.1916403e-01   9.7380985e+00
   2.7227013e-01   2.1192481e-01   9.6895791e+00
   2.7415742e-01   2.0510971e-01   9.6430559e+00
   2.7605779e-01   1.9868840e-01   9.5983595e+00
   2.7797133e-01   1.9263343e-01   9.5553347e+00
   2.7989813e-01   1.8691995e-01   9.5138388e+00
   2.8183829e-01   1.8152539e-01   9.4737403e+00
   2.8379190e-01   1.7642925e-01   9.4349174e+00
   2.8575905e-01   1.7161285e-01   9.3972573e+00
   2.8773984e-01   1.6705918e-01   9.3606549e+00
   2.8973436e-01   1.6275270e-01   9.3250120e+00
   2.9174270e-01   1.5867924e-01   9.2902368e+00
   2.9376497e-01   1.5482582e-01   9.2562430e+00
   2.9580125e-01   1.5118059e-01   9.2229492e+00
   2.9785164e-01   1.4773272e-01   9.1902785e+00
   2.9991625e-01   1.4447228e-01   9.1581580e+00
   3.0199517e-01   1.4139023e-01   9.1265185e+00
   3.0408850e-01   1.3847829e-01   9.0952935e+00
   3.0619634e-01   1.3572891e-01   9.0644199e+00
   3.0831880e-01   1.3313525e-01   9.0338365e+00
   3.1045596e-01   1.3069106e-01   9.0034847e+00
   3.1260794e-01   1.2839074e-01   8.9733074e+00
   3.1477483e-01   1.2622921e-01   8.9432492e+00
   3.1695675e-01   1.2420196e-01   8.9132562e+00
   3.1915379e-01   1.2230499e-01   8.8832752e+00
   3.2136605e-01   1.2053479e-01   8.8532539e+00
   3.2359366e-01   1.1888835e-01   8.8231406e+00
   3.2583670e-01   1.1736315e-01   8.7928837e+00
   3.2809529e-01   1.1595712e-01   8.7624315e+00
   3.3036954e-01   1.1466871e-01   8.7317320e+00
   3.3265955e-01   1.1349683e-01   8.7007325e+00
   3.3496544e-01   1.1244088e-01   8.6693791e+00
   3.3728731e-01   1.1150083e-01   8.6376166e+00
   3.3962527e-01   1.1067714e-01   8.6053878e+00
   3.4197944e-01   1.0997088e-01   8.5726331e+00
   3.4434993e-01   1.0938374e-01   8.5392899e+00
   3.4673685e-01   1.0891810e-01   8.5052919e+00
   3.4914032e-01   1.0857705e-01   8.4705687e+00
   3.5156044e-01   1.0836454e-01   8.4350444e+00
   3.5399734e-01   1.0828541e-01   8.3986369e+00
   3.5645113e-01   1.0834557e-01   8.3612565e+00
   3.5892193e-01   1.0855211e-01   8.3228045e+00
   3.6140986e-01   1.0891347e-01   8.2831717e+00
   3.6391504e-01   1.0943972e-01   8.2422358e+00
   3.6643757e-01   1.1014273e-01   8.1998593e+00
   3.6897760e-01   1.1103661e-01   8.1558859e+00
   3.7153523e-01   1.1213804e-01   8.1101369e+00
   3.7411059e-01   1.1346687e-01   8.0624063e+00
   3.7670380e-01   1.1504670e-01   8.0124544e+00
   3.7931498e-01   1.1690577e-01   7.9600003e+00
   3.8194427e-01   1.1907807e-01   7.9047114e+00
   3.8459178e-01   1.2160466e-01   7.8461908e+00
   3.8725764e-01   1.2453565e-01   7.7839599e+00
   3.8994199e-01   1.2793256e-01   7.7174355e+00
   3.9264494e-01   1.3187179e-01   7.6458985e+00
   3.9536662e-01   1.3644917e-01   7.5684517e+00
   3.9810717e-01   1.4178649e-01   7.4839598e+00
   4.0086672e-01   1.4804073e-01   7.3909638e+00
   4.0364539e-01   1.5541766e-01   7.2875561e+00
   4.0644333e-01   1.6419215e-01   7.1711932e+00
   4.0926066e-01   1.7473969e-01   7.0384050e+00
   4.1209752e-01   1.8758681e-01   6.8843298e+00
   4.1495404e-01   2.0349526e-01   6.7019384e+00
   4.1783037e-01   2.2360947e-01   6.4806734e+00
   4.2072663e-01   2.4973087e-01   6.2039172e+00
   4.2364297e-01   2.8486745e-01   5.8439163e+00
   4.2657952e-01   3.3444501e-01   5.3505816e+00
   4.2953643e-01   4.0934082e-01   4.6233909e+00
   4.3251383e-01   5.3499510e-01   3.4267400e+00
   4.3551187e-01   7.8776577e-01   1.0499251e+00
   4.3853070e-01   1.5420776e+00  -6.0594889e+00
   4.4157045e-01   6.1142560e+00  -9.2594908e+01
   4.4463127e-01   1.3591555e+00  -1.5918170e+02
   4.4771330e-01   6.9323554e-01  -1.6543671e+02
   4.5081670e-01   4.5802176e-01  -1.6764902e+02
   4.5394162e-01   3.3854080e-01  -1.6878923e+02
   4.5708819e-01   2.6644347e-01  -1.6949209e+02
   4.6025657e-01   2.1830956e-01  -1.6997421e+02
   4.6344692e-01   1.8396021e-01  -1.7032956e+02
   4.6665938e-01   1.5826265e-01  -1.7060547e+02
   4.6989411e-01   1.3834914e-01  -1.7082841e+02
   4.7315126e-01   1.2249212e-01  -1.7101428e+02
   4.7643099e-01   1.0958899e-01  -1.7117327e+02
   4.7973345e-01   9.8903030e-02  -1.7131217e+02
   4.8305880e-01   8.9923381e-02  -1.7143570e+02
   4.8640721e-01   8.2284688e-02  -1.7154724e+02
   4.8977882e-01   7.5718799e-02  -1.7164927e+02
   4.9317380e-01   7.0024501e-02  -1.7174367e+02
   4.9659232e-01   6.5047906e-02  -1.7183186e+02
   5.0003453e-01   6.0669348e-02  -1.7191497e+02
   5.0350061e-01   5.6794417e-02  -1.7199388e+02
   5.0699071e-01   5.3347668e-02  -1.7206931e+02
   5.1050500e-01   5.0268136e-02  -1.7214185e+02
   5.1404365e-01   4.7506067e-02  -1.7221198e+02
   5.1760683e-01   4.5020507e-02  -1.7228009e+02
   5.2119471e-01   4.2777501e-02  -1.7234653e+02
   5.2480746e-01   4.0748724e-02  -1.7241159e+02
   5.2844525e-01   3.8910450e-02  -1.7247551e+02
   5.3210826e-01   3.7242748e-02  -1.7253851e+02
   5.3579666e-01   3.5728884e-02  -1.7260078e+02
   5.3951062e-01   3.4354867e-02  -1.7266246e+02
   5.4325033e-01   3.3109129e-02  -1.7272371e+02
   5.4701596e-01   3.1982328e-02  -1.7278464e+02
   5.5080770e-01   3.0967286e-02  -1.7284535e+02
   5.5462571e-01   3.0059099e-02  -1.7290589e+02
   5.5847019e-01   2.9255491e-02  -1.7296631e+02
   5.6234133e-01   2.8557587e-02  -1.7302659e+02
   5.6623929e-01   2.7971470e-02  -1.7308666e+02
   5.7016427e-01   2.7511341e-02  -1.7314631e+02
   5.7411646e-01   2.7206388e-02  -1.7320513e+02
   5.7809605e-01   2.7117308e-02  -1.7326235e+02
   5.8210322e-01   2.7382834e-02  -1.7331644e+02
   5.8613816e-01   2.8386766e-02  -1.7336444e+02
   5.9020108e-01   3.1684670e-02  -1.7340359e+02
   5.9429216e-01   5.8327686e-02  -1.7367395e+02
   5.9841160e-01   5.6118707e-03  -1.7669525e+02
   6.0255959e-01   1.5287366e-02  -1.7410998e+02
   6.0673633e-01   1.7583258e-02  -1.7401623e+02
   6.1094202e-01   1.8551554e-02  -1.7403936e+02
   6.1517687e-01   1.9073536e-02  -1.7409533e+02
   6.1944108e-01   1.9410732e-02  -1.7416669e+02
   6.2373484e-01   1.9669176e-02  -1.7424787e+02
   6.2805836e-01   1.9901053e-02  -1.7433679e+02
   6.3241185e-01   2.0136162e-02  -1.7443273e+02
   6.3679552e-01   2.0393961e-02  -1.7453563e+02
   6.4120958e-01   2.0688956e-02  -1.7464584e+02
   6.4565423e-01   2.1033446e-02  -1.7476400e+02
   6.5012969e-01   2.1439142e-02  -1.7489102e+02
   6.5463617e-01   2.1918285e-02  -1.7502810e+02
   6.5917390e-01   2.2484587e-02  -1.7517676e+02
   6.6374307e-01   2.3154184e-02  -1.7533893e+02
   6.6834392e-01   2.3946751e-02  -1.7551704e+02
   6.7297666e-01   2.4886951e-02  -1.7571422e+02
   6.7764151e-01   2.6006426e-02  -1.7593454e+02
   6.8233869e-01   2.7346684e-02  -1.7618332e+02
   6.8706844e-01   2.8963422e-02  -1.7646776e+02
   6.9183097e-01   3.0933255e-02  -1.7679772e+02
   6.9662651e-01   3.3364599e-02  -1.7718720e+02
   7.0145530e-01   3.6416053e-02  -1.7765662e+02
   7.0631755e-01   4.0329118e-02  -1.7823715e+02
   7.1121351e-01   4.5490154e-02  -1.7897867e+02
   7.1614341e-01   5.2557247e-02  -1.7996635e+02
   7.2110748e-01   6.2747193e-02   1.7864158e+02
   7.2610596e-01   7.8576538e-02   1.7651504e+02
   7.3113908e-01   1.0616022e-01   1.7283751e+02
   7.3620710e-01   1.6446371e-01   1.6495197e+02
   7.4131024e-01   3.2997942e-01   1.3910339e+02
   7.4644876e-01   3.6218786e-01   5.9895582e+01
   7.5162289e-01   1.7096218e-01   2.8487573e+01
   7.5683290e-01   1.0513367e-01   1.9567249e+01
   7.6207901e-01   7.5074109e-02   1.5559784e+01
   7.6736149e-01   5.8169413e-02   1.3282000e+01
   7.7268059e-01   4.7425057e-02   1.1800886e+01
   7.7803655e-01   4.0039515e-02   1.0749581e+01
   7.8342964e-01   3.4682851e-02   9.9553001e+00
   7.8886012e-01   3.0645388e-02   9.3261079e+00
   7.9432823e-01   2.7514914e-02   8.8085615e+00
   7.9983426e-01   2.5036188e-02   8.3694203e+00
   8.0537844e-01   2.3043158e-02   7.9868572e+00
   8.1096106e-01   2.1423537e-02   7.6458756e+00
   8.1658237e-01   2.0099076e-02   7.3357555e+00
   8.2224265e-01   1.9014011e-02   7.0485506e+00
   8.2794216e-01   1.8128008e-02   6.7781606e+00
   8.3368118e-01   1.7411722e-02   6.5197332e+00
   8.3945999e-01   1.6843944e-02   6.2692623e+00
   8.4527885e-01   1.6409760e-02   6.0233043e+00
   8.5113804e-01   1.6099382e-02   5.7787670e+00
   8.5703785e-01   1.5907483e-02   5.5327403e+00
   8.6297855e-01   1.5832916e-02   5.2823483e+00
   8.6896043e-01   1.5878805e-02   5.0246039e+00
   8.7498378e-01   1.6053023e-02   4.7562513e+00
   8.8104887e-01   1.6369169e-02   4.4735732e+00
   8.8715601e-01   1.6848238e-02   4.1721360e+00
   8.9330548e-01   1.7521357e-02   3.8464266e+00
   8.9949758e-01   1.8434280e-02   3.4893020e+00
   9.0573260e-01   1.9654927e-02   3.0911095e+00
   9.1201084e-01   2.1286527e-02   2.6381963e+00
   9.1833260e-01   2.3491773e-02   2.1102238e+00
   9.2469817e-01   2.6540290e-02   1.4749539e+00
   9.3110788e-01   3.0910476e-02   6.7714990e-01
   9.3756201e-01   3.7535026e-02  -3.8807064e-01
   9.4406088e-01   4.8497507e-02  -1.9508177e+00
   9.5060479e-01   6.9559783e-02  -4.6421227e+00
   9.5719407e-01   1.2421526e-01  -1.1060095e+01
   9.6382902e-01   4.3101128e-01  -5.1740763e+01
   9.7050997e-01   1.8824762e-01  -1.5822502e+02
   9.7723722e-01   8.9038235e-02  -1.6993113e+02
   9.8401111e-01   5.9307800e-02  -1.7397008e+02
   9.9083194e-01   4.5635266e-02  -1.7643619e+02
   9.9770006e-01   3.8224339e-02  -1.7846082e+02
   1.0046158e+00   3.4041262e-02   1.7952753e+02
   1.0115795e+00   3.1932447e-02   1.7723707e+02
   1.0185914e+00   3.1509031e-02   1.7432693e+02
   1.0256519e+00   3.2879408e-02   1.7022398e+02
   1.0327614e+00   3.6747296e-02   1.6371782e+02
   1.0399202e+00   4.4773146e-02   1.5174778e+02
   1.0471285e+00   5.7543492e-02   1.2616415e+02
   1.0543869e+00   5.4899511e-02   8.2009815e+01
   1.0616956e+00   3.3769258e-02   4.9835685e+01
   1.0690549e+00   2.0563663e-02   3.4914626e+01
   1.0764652e+00   1.3610761e-02   2.7276380e+01
   1.0839269e+00   9.6249970e-03   2.2737365e+01
   1.0914403e+00   7.1372651e-03   1.9728651e+01
   1.0990058e+00   5.4809522e-03   1.7571979e+01
   1.1066238e+00   4.3234962e-03   1.5932853e+01
   1.1142945e+00   3.4840578e-03   1.4628417e+01
   1.1220185e+00   2.8571951e-03   1.3550288e+01
   1.1297959e+00   2.3778956e-03   1.2629825e+01
   1.1376273e+00   2.0042202e-03   1.1820998e+01
   1.1455129e+00   1.7080908e-03   1.1091253e+01
   1.1534533e+00   1.4701164e-03   1.0416311e+01
   1.1614486e+00   1.2765475e-03   9.7769977e+00
   1.1694994e+00   1.1174086e-03   9.1571737e+00
   1.1776060e+00   9.8531294e-04   8.5422437e+00
   1.1857687e+00   8.7468515e-04   7.9179482e+00
   1.1939881e+00   7.8123552e-04   7.2692130e+00
   1.2022644e+00   7.0159168e-04   6.5788607e+00
   1.2105981e+00   6.3302755e-04   5.8259455e+00
   1.2189896e+00   5.7324735e-04   4.9833501e+00
   1.2274392e+00   5.2018783e-04   4.0140303e+00
   1.2359474e+00   4.7179530e-04   2.8647512e+00
   1.2445146e+00   4.2570504e-04   1.4549999e+00
   1.2531412e+00   3.7867059e-04  -3.4382550e-01
   1.2618275e+00   3.2536926e-04  -2.7496910e+00
   1.2705741e+00   2.5554855e-04  -6.1521572e+00
   1.2793813e+00   1.4630347e-04  -1.1165070e+01
   1.2882496e+00   6.1351578e-05   1.5483996e+02
   1.2971793e+00   5.2276908e-04   1.3776889e+02
   1.3061709e+00   1.3484446e-03   9.9821764e+01
   1.3152248e+00   1.8608225e-03   6.2190435e+01
   1.3243415e+00   2.3111471e-03   4.2843450e+01
   1.3335214e+00   4.0313562e-03   3.2856888e+01
   1.3427650e+00   2.4759257e-02  -1.4486381e+02
   1.3520726e+00   2.2957073e-03  -1.5432394e+02
   1.3614447e+00   1.0620567e-03  -1.5703672e+02
   1.3708818e+00   6.4006944e-04  -1.5889461e+02
   1.3803843e+00   4.3430125e-04  -1.6028445e+02
   1.3899526e+00   3.1580467e-04  -1.6137205e+02
   1.3995873e+00   2.4054028e-04  -1.6225000e+02
   1.4092888e+00   1.8953907e-04  -1.6297570e+02
   1.4190575e+00   1.5336228e-04  -1.6358706e+02
   1.4288940e+00   1.2682348e-04  -1.6411022e+02
   1.4387986e+00   1.0685906e-04  -1.6456386e+02
   1.4487719e+00   9.1558056e-05  -1.6496169e+02
   1.4588143e+00   7.9678437e-05  -1.6531405e+02
   1.4689263e+00   7.0388853e-05  -1.6562888e+02
   1.4791084e+00   6.3123754e-05  -1.6591243e+02
   1.4893611e+00   5.7500069e-05  -1.6616972e+02
   1.4996848e+00   5.3270632e-05  -1.6640489e+02
   1.5100802e+00   5.0303526e-05  -1.6662146e+02
   1.5205475e+00   4.8586476e-05  -1.6682264e+02
   1.5310875e+00   4.8268624e-05  -1.6701159e+02
   1.5417005e+00   4.9783591e-05  -1.6719208e+02
   1.5523870e+00   5.4205209e-05  -1.6736981e+02
   1.5631476e+00   6.4477613e-05  -1.6755696e+02
   1.5739829e+00   9.1591027e-05  -1.6779458e+02
   1.5848932e+00   2.3499987e-04  -1.6844362e+02
   1.5958791e+00   2.0082188e-04   1.3011385e+01
   1.6069413e+00   5.7554621e-05   1.2378857e+01
   1.6180800e+00   2.9737181e-05   1.2170900e+01
   1.6292960e+00   1.8329810e-05   1.2028568e+01
   1.6405898e+00   1.2328227e-05   1.1911504e+01
   1.6519618e+00   8.7398533e-06   1.1808404e+01
   1.6634127e+00   6.4200591e-06   1.1714702e+01
   1.6749429e+00   4.8392289e-06   1.1628108e+01
   1.6865530e+00   3.7202636e-06   1.1547283e+01
   1.6982437e+00   2.9051465e-06   1.1471356e+01
   1.7100153e+00   2.2978500e-06   1.1399712e+01
   1.7218686e+00   1.8370964e-06   1.1331886e+01
   1.7338040e+00   1.4822443e-06   1.1267514e+01
   1.7458222e+00   1.2054835e-06   1.1206297e+01
   1.7579236e+00   9.8728779e-07   1.1147988e+01
   1.7701090e+00   8.1364822e-07   1.1092371e+01
   1.7823788e+00   6.7432827e-07   1.1039262e+01
   1.7947336e+00   5.6172915e-07   1.0988499e+01
   1.8071741e+00   4.7013240e-07   1.0939937e+01
   1.8197009e+00   3.9518260e-07   1.0893448e+01
   1.8323144e+00   3.3352711e-07   1.0848917e+01
   1.8450154e+00   2.8256070e-07   1.0806238e+01
   1.8578045e+00   2.4024168e-07   1.0765319e+01
   1.8706821e+00   2.0495778e-07   1.0726073e+01
   1.8836491e+00   1.7542697e-07   1.0688424e+01
   1.8967059e+00   1.5062342e-07   1.0652303e+01
   1.9098533e+00   1.2972163e-07   1.0617648e+01
   1.9230917e+00   1.1205387e-07   1.0584406e+01
   1.9364220e+00   9.7077627e-08   1.0552533e+01
   1.9498446e+00   8.4350539e-08   1.0521998e+01
   1.9633603e+00   7.3511176e-08   1.0492784e+01
   1.9769696e+00   6.4264806e-08   1.0464909e+01
   1.9906733e+00   5.6374399e-08   1.0438444e+01
   2.0044720e+00   4.9661155e-08   1.0413593e+01
   2.0183664e+00   4.4041499e-08   1.0390880e+01
   2.0323570e+00   3.9909120e-08   1.0369980e+01
   2.0464446e+00   2.7852244e-08   9.9997841e+00
   2.0606299e+00   2.8983365e-08   1.0288297e+01
   2.0749135e+00   2.6182709e-08   1.0279261e+01
   2.0892961e+00   2.3515755e-08   1.0262710e+01
   2.1037784e+00   2.1136687e-08   1.0244985e+01
   2.1183611e+00   1.9044791e-08   1.0227307e+01
   2.1330449e+00   1.7215048e-08   1.0210057e+01
   2.1478305e+00   1.5619240e-08   1.0193382e+01
   2.1627185e+00   1.4231020e-08   1.0177348e+01
   2.1777098e+00   1.3027254e-08   1.0161980e+01
   2.1928049e+00   1.1988326e-08   1.0147287e+01
   2.2080047e+00   1.1098154e-08   1.0133267e+01
   2.2233099e+00   1.0344211e-08   1.0119913e+01
   2.2387211e+00   9.7177118e-09   1.0107216e+01
   2.2542392e+00   9.2141094e-09   1.0095158e+01
   2.2698649e+00   8.8341615e-09   1.0083723e+01
   2.2855988e+00   8.5860453e-09   1.0072885e+01
   2.3014418e+00   8.4895698e-09   1.0062610e+01
   2.3173946e+00   8.5849791e-09   1.0052844e+01
   2.3334581e+00   8.9530136e-09   1.0043497e+01
   2.3496328e+00   9.7669570e-09   1.0034390e+01
   2.3659197e+00   1.1456791e-08   1.0025102e+01
   2.3823195e+00   1.5423130e-08   1.0014277e+01
   2.3988329e+00   3.0155596e-08   9.9937666e+00
   2.4154608e+00   9.9749518e-08  -1.6988740e+02
   2.4322040e+00   1.4820610e-08  -1.6997398e+02
   2.4490632e+00   7.0177282e-09  -1.6998597e+02
   2.4660393e+00   4.1828827e-09  -1.6999259e+02
   2.4831331e+00   2.7627568e-09  -1.6999724e+02
   2.5003454e+00   1.9347798e-09  -1.7000072e+02
   2.5176769e+00   1.4073447e-09  -1.7000331e+02
   2.5351286e+00   1.0513442e-09  -1.7000515e+02
   2.5527013e+00   8.0108948e-10  -1.7000628e+02
   2.5703958e+00   6.1980744e-10  -1.7000676e+02
   2.5882129e+00   4.8542756e-10  -1.7000660e+02
   2.6061535e+00   3.8398450e-10  -1.7000582e+02
   2.6242185e+00   3.0626854e-10  -1.7000442e+02
   2.6424088e+00   2.4600167e-10  -1.7000242e+02
   2.6607251e+00   1.9878717e-10  -1.6999981e+02
   2.6791683e+00   1.6147613e-10  -1.6999660e+02
   2.6977394e+00   1.3177048e-10  -1.6999278e+02
   2.7164393e+00   1.0796607e-10  -1.6998836e+02
   2.7352687e+00   8.8781773e-11  -1.6998333e+02
   2.7542287e+00   7.3242911e-11  -1.6997770e+02
   2.7733201e+00   6.0600279e-11  -1.6997146e+02
   2.7925438e+00   5.0272694e-11  -1.6996460e+02
   2.8119008e+00   4.1805672e-11  -1.6995712e+02
   2.8313920e+00   3.4841252e-11  -1.6994902e+02
   2.8510183e+00   2.9095679e-11  -1.6994029e+02
   2.8707806e+00   2.4342723e-11  -1.6993092e+02
   2.8906799e+00   2.0401071e-11  -1.6992092e+02
   2.9107171e+00   1.7124724e-11  -1.6991026e+02
   2.9308932e+00   1.4395612e-11  -1.6989895e+02
   2.9512092e+00   1.2117870e-11  -1.6988698e+02
   2.9716660e+00   1.0213388e-11  -1.6987433e+02
   2.9922646e+00   8.6183045e-12  -1.6986101e+02
   3.0130060e+00   7.2802512e-12  -1.6984699e+02
   3.0338912e+00   6.1561609e-12  -1.6983227e+02
   3.0549211e+00   5.2105230e-12  -1.6981685e+02
   3.0760968e+00   4.4139859e-12  -1.6980070e+02
   3.0974193e+00   3.7422332e-12  -1.6978381e+02
   3.1188896e+00   3.1750776e-12  -1.6976618e+02
   3.1405087e+00   2.6957257e-12  -1.6974780e+02
   3.1622777e+00   2.2901820e-12  -1.6972863e+02
   3.1841975e+00   1.9467621e-12  -1.6970869e+02
   3.2062693e+00   1.6556947e-12  -1.6968794e+02
   3.2284941e+00   1.4087963e-12  -1.6966637e+02
   3.2508730e+00   1.1992027e-12  -1.6964396e+02
   3.2734069e+00   1.0211487e-12  -1.6962071e+02
   3.2960971e+00   8.6978543e-13  -1.6959658e+02
   3.3189446e+00   7.4103018e-13  -1.6957157e+02
   3.3419504e+00   6.3144101e-13  -1.6954565e+02
   3.3651157e+00   5.3811305e-13  -1.6951880e+02
   3.3884416e+00   4.5859212e-13  -1.6949100e+02
   3.4119291e+00   3.9080277e-13  -1.6946222e+02
   3.4355795e+00   3.3298812e-13  -1.6943244e+02
   3.4593938e+00   2.8365964e-13  -1.6940164e+02
   3.4833732e+00   2.4155505e-13  -1.6936979e+02
   3.5075187e+00   2.0560307e-13  -1.6933686e+02
   3.5318317e+00   1.7489375e-13  -1.6930282e+02
   3.5563132e+00   1.4865358e-13  -1.6926764e+02
   3.5809644e+00   1.2622453e-13  -1.6923128e+02
   3.6057864e+00   1.0704635e-13  -1.6919370e+02
   3.6307805e+00   9.0641682e-14  -1.6915488e+02
   3.6559479e+00   7.6603399e-14  -1.6911475e+02
   3.6812897e+00   6.4583961e-14  -1.6907328e+02
   3.7068072e+00   5.4286321e-14  -1.6903041e+02
   3.7325016e+00   4.5456205e-14  -1.6898607e+02
   3.7583740e+00   3.7875493e-14  -1.6894017e+02
   3.7844258e+00   3.1356512e-14  -1.6889263e+02
   3.8106582e+00   2.5737034e-14  -1.6884330e+02
   3.8370725e+00   2.0875795e-14  -1.6879198e+02
   3.8636698e+00   1.6648302e-14  -1.6873834e+02
   3.8904514e+00   1.2942625e-14  -1.6868182e+02
   3.9174188e+00   9.6546767e-15  -1.6862119e+02
   3.9445730e+00   6.6820983e-15  -1.6855328e+02
   3.9719155e+00   3.9148553e-15  -1.6846617e+02
   3.9994475e+00   1.2181836e-15  -1.6823988e+02
   4.0271703e+00   1.6037926e-15   1.1383647e+01
   4.0550854e+00   4.8996074e-15   1.1567212e+01
   4.0831939e+00   9.4570397e-15   1.1653151e+01
   4.1114972e+00   1.7747010e-14   1.1718399e+01
   4.1399967e+00   4.4627692e-14   1.1743902e+01
   4.1686938e+00   1.7558180e-13  -1.6774587e+02
   4.1975898e+00   3.1307200e-14  -1.6795026e+02
   4.2266861e+00   1.7110463e-14  -1.6789778e+02
   4.2559841e+00   1.1550111e-14  -1.6782643e+02
   4.2854852e+00   8.5165426e-15  -1.6774792e+02
   4.3151908e+00   6.5825023e-15  -1.6766483e+02
   4.3451022e+00   5.2350545e-15  -1.6757797e+02
   4.3752211e+00   4.2424115e-15  -1.6748761e+02
   4.4055486e+00   3.4832931e-15  -1.6739382e+02
   4.4360864e+00   2.8873491e-15  -1.6729658e+02
   4.4668359e+00   2.4105229e-15  -1.6719580e+02
   4.4977985e+00   2.0235517e-15  -1.6709136e+02
   4.5289758e+00   1.7060791e-15  -1.6698314e+02
   4.5603692e+00   1.4434141e-15  -1.6687097e+02
   4.5919801e+00   1.2246351e-15  -1.6675469e+02
   4.6238102e+00   1.0414265e-15  -1.6663411e+02
   4.6558609e+00   8.8733102e-16  -1.6650902e+02
   4.6881338e+00   7.5725387e-16  -1.6637921e+02
   4.7206304e+00   6.4712139e-16  -1.6624446e+02
   4.7533523e+00   5.5364053e-16  -1.6610451e+02
   4.7863009e+00   4.7412479e-16  -1.6595910e+02
   4.8194780e+00   4.0636559e-16  -1.6580794e+02
   4.8528850e+00   3.4853547e-16  -1.6565072e+02
   4.8865236e+00   2.9911402e-16  -1.6548713e+02
   4.9203954e+00   2.5683036e-16  -1.6531680e+02
   4.9545019e+00   2.2061794e-16  -1.6513936e+02
   4.9888449e+00   1.8957860e-16  -1.6495439e+02
   5.0234259e+00   1.6295377e-16  -1.6476147e+02
   5.0582466e+00   1.4010106e-16  -1.6456011e+02
   5.0933087e+00   1.2047530e-16  -1.6434979e+02
   5.1286138e+00   1.0361291e-16  -1.6412998e+02
   5.1641637e+00   8.9118989e-17  -1.6390005e+02
   5.1999600e+00   7.6656664e-17  -1.6365935e+02
   5.2360044e+00   6.5938153e-17  -1.6340719e+02
   5.2722986e+00   5.6717337e-17  -1.6314277e+02
   5.3088444e+00   4.8783506e-17  -1.6286525e+02
   5.3456436e+00   4.1956097e-17  -1.6257372e+02
   5.3826978e+00   3.6080256e-17  -1.6226715e+02
   5.4200089e+00   3.1023081e-17  -1.6194444e+02
   5.4575786e+00   2.6670437e-17  -1.6160438e+02
   5.4954087e+00   2.2924252e-17  -1.6124561e+02
   5.5335011e+00   1.9700210e-17  -1.6086666e+02
   5.5718575e+00   1.6925797e-17  -1.6046589e+02
   5.6104798e+00   1.4538618e-17  -1.6004148e+02
   5.6493697e+00   1.2484974e-17  -1.5959143e+02
   5.6885293e+00   1.0718635e-17  -1.5911350e+02
   5.7279603e+00   9.1997918e-18  -1.5860517e+02
   5.7676646e+00   7.8941608e-18  -1.5806366e+02
   5.8076442e+00   6.7722143e-18  -1.5748583e+02
   5.8479008e+00   5.8085199e-18  -1.5686818e+02
   5.8884366e+00   4.9811758e-18  -1.5620673e+02
   5.9292532e+00   4.2713248e-18  -1.5549704e+02
   5.9703529e+00   3.6627398e-18  -1.5473405e+02
   6.0117374e+00   3.1414689e-18  -1.5391210e+02
   6.0534087e+00   2.6955356e-18  -1.5302473e+02
   6.0953690e+00   2.3146873e-18  -1.5206471e+02
   6.1376201e+00   1.9901927e-18  -1.5102391e+02
   6.1801640e+00   1.7146901e-18  -1.4989332e+02
   6.2230029e+00   1.4821030e-18  -1.4866320e+02
   6.2661386e+00   1.2876629e-18  -1.4732361e+02
   6.3095734e+00   1.1281464e-18  -1.4586590e+02
   6.3533093e+00   1.0026454e-18  -1.4428710e+02
   6.3973484e+00   9.1497886e-19  -1.4260396e+02
   6.4416927e+00   8.8281264e-19  -1.4090962e+02
   6.4863443e+00   9.9102114e-19  -1.3973069e+02
   6.5313055e+00   2.6862130e-18  -1.4952114e+02
   6.5765784e+00   3.4677205e-19   5.7397441e+01
   6.6221650e+00   1.9888860e-20  -1.5826847e+02
   6.6680677e+00   8.5209026e-20  -1.2817376e+02
   6.7142885e+00   9.9086496e-20  -1.2290771e+02
   6.7608298e+00   9.6753252e-20  -1.1815461e+02
   6.8076936e+00   8.9059055e-20  -1.1317102e+02
   6.8548823e+00   8.0015526e-20  -1.0781783e+02
   6.9023980e+00   7.1250286e-20  -1.0208513e+02
   6.9502432e+00   6.3407297e-20  -9.6027782e+01
   6.9984200e+00   5.6680435e-20  -8.9748810e+01
   7.0469307e+00   5.1046952e-20  -8.3385346e+01
   7.0957777e+00   4.6382229e-20  -7.7089157e+01
   7.1449633e+00   4.2522136e-20  -7.1004170e+01
   7.1944898e+00   3.9298908e-20  -6.5247391e+01
   7.2443596e+00   3.6561164e-20  -5.9898387e+01
   7.2945751e+00   3.4183211e-20  -5.4998325e+01
   7.3451387e+00   3.2067154e-20  -5.0555945e+01
   7.3960528e+00   3.0140715e-20  -4.6556535e+01
   7.4473197e+00   2.8352996e-20  -4.2970836e+01
   7.4989421e+00   2.6669770e-20  -3.9762209e+01
   7.5509223e+00   2.5069114e-20  -3.6891691e+01
   7.6032628e+00   2.3537785e-20  -3.4321152e+01
   7.6559661e+00   2.2068397e-20  -3.2015058e+01
   7.7090347e+00   2.0657329e-20  -2.9941278e+01
   7.7624712e+00   1.9303221e-20  -2.8071311e+01
   7.8162780e+00   1.8005947e-20  -2.6380180e+01
   7.8704579e+00   1.6765917e-20  -2.4846153e+01
   7.9250133e+00   1.5583637e-20  -2.3450406e+01
   7.9799469e+00   1.4459441e-20  -2.2176658e+01
   8.0352612e+00   1.3393335e-20  -2.1010838e+01
   8.0909590e+00   1.2384932e-20  -1.9940771e+01
   8.1470428e+00   1.1433429e-20  -1.8955910e+01
   8.2035154e+00   1.0537618e-20  -1.8047099e+01
   8.2603795e+00   9.6959042e-21  -1.7206368e+01
   8.3176377e+00   8.9063384e-21  -1.6426763e+01
   8.3752928e+00   8.1666296e-21  -1.5702200e+01
   8.4333476e+00   7.4741429e-21  -1.5027337e+01
   8.4918048e+00   6.8258570e-21  -1.4397472e+01
   8.5506671e+00   6.2182506e-21  -1.3808454e+01
   8.6099375e+00   5.6470502e-21  -1.3256601e+01
   8.6696188e+00   5.1066851e-21  -1.2738635e+01
   8.7297137e+00   4.5890504e-21  -1.2251610e+01
   8.7902252e+00   4.0803932e-21  -1.1792828e+01
   8.8511561e+00   3.5520288e-21  -1.1359615e+01
   8.9125094e+00   2.9238698e-21  -1.0948249e+01
   8.9742879e+00   1.8201049e-21  -1.0536949e+01
   9.0364947e+00   2.8198587e-20   1.6905775e+02
   9.0991327e+00   4.5772305e-21  -9.8415463e+00
   9.1622049e+00   3.4158479e-21  -9.5222811e+00
   9.2257143e+00   2.8900308e-21  -9.2118481e+00
   9.2896639e+00   2.5315357e-21  -8.9153123e+00
   9.3540567e+00   2.2495139e-21  -8.6325414e+00
   9.4188960e+00   2.0132802e-21  -8.3628321e+00
   9.4841846e+00   1.8090765e-21  -8.1054076e+00
   9.5499259e+00   1.6294774e-21  -7.8595141e+00
   9.6161228e+00   1.4698988e-21  -7.6244436e+00
   9.6827786e+00   1.3272091e-21  -7.3995381e+00
   9.7498964e+00   1.1991006e-21  -7.1841882e+00
   9.8174794e+00   1.0837734e-21  -6.9778304e+00
   9.8855309e+00   9.7976408e-22  -6.7799430e+00
   9.9540542e+00   8.8584664e-22  -6.5900428e+00
   1.0023052e+01   8.0097114e-22  -6.4076822e+00
   1.0092529e+01   7.2422417e-22  -6.2324455e+00
   1.0162487e+01   6.5480200e-22  -6.0639466e+00
   1.0232930e+01   5.9199149e-22  -5.9018265e+00
   1.0303861e+01   5.3515606e-22  -5.7457507e+00
   1.0375284e+01   4.8372491e-22  -5.5954074e+00
   1.0447202e+01   4.3718464e-22  -5.4505056e+00
   1.0519619e+01   3.9507227e-22  -5.3107735e+00
   1.0592537e+01   3.5696966e-22  -5.1759567e+00
   1.0665961e+01   3.2249862e-22  -5.0458172e+00
   1.0739894e+01   2.9131680e-22  -4.9201317e+00
   1.0814340e+01   2.6311412e-22  -4.7986908e+00
   1.0889301e+01   2.3760958e-22  -4.6812980e+00
   1.0964782e+01   2.1454845e-22  -4.5677683e+00
   1.1040786e+01   1.9369982e-22  -4.4579279e+00
   1.1117317e+01   1.7485431e-22  -4.3516130e+00
   1.1194379e+01   1.5782209e-22  -4.2486693e+00
   1.1271975e+01   1.4243106e-22  -4.1489512e+00
   1.1350108e+01   1.2852520e-22  -4.0523213e+00
   1.1428783e+01   1.1596311e-22  -3.9586498e+00
   1.1508004e+01   1.0461662e-22  -3.8678139e+00
   1.1587774e+01   9.4369596e-23  -3.7796975e+00
   1.1668096e+01   8.5116835e-23  -3.6941906e+00
   1.1748976e+01   7.6763034e-23  -3.6111889e+00
   1.1830416e+01   6.9221889e-23  -3.5305936e+00
   1.1912420e+01   6.2415256e-23  -3.4523110e+00
   1.1994993e+01   5.6272395e-23  -3.3762521e+00
   1.2078138e+01   5.0729278e-23  -3.3023321e+00
   1.2161860e+01   4.5727969e-23  -3.2304708e+00
   1.2246162e+01   4.1216051e-23  -3.1605916e+00
   1.2331048e+01   3.7146110e-23  -3.0926216e+00
   1.2416523e+01   3.3475266e-23  -3.0264915e+00
   1.2502590e+01   3.0164746e-23  -2.9621352e+00
   1.2589254e+01   2.7179500e-23  -2.8994896e+00
   1.2676519e+01   2.4487845e-23  -2.8384947e+00
   1.2764388e+01   2.2061150e-23  -2.7790930e+00
   1.2852867e+01   1.9873543e-23  -2.7212296e+00
   1.2941958e+01   1.7901654e-23  -2.6648523e+00
   1.3031668e+01   1.6124371e-23  -2.6099108e+00
   1.3121999e+01   1.4522629e-23  -2.5563574e+00
   1.3212956e+01   1.3079211e-23  -2.5041462e+00
   1.3304544e+01   1.1778575e-23  -2.4532332e+00
   1.3396767e+01   1.0606689e-23  -2.4035765e+00
   1.3489629e+01   9.5508879e-24  -2.3551357e+00
   1.3583134e+01   8.5997429e-24  -2.3078722e+00
   1.3677288e+01   7.7429404e-24  -2.2617490e+00
   1.3772095e+01   6.9711755e-24  -2.2167306e+00
   1.3867558e+01   6.2760538e-24  -2.1727828e+00
   1.3963684e+01   5.6500037e-24  -2.1298728e+00
   1.4060475e+01   5.0861960e-24  -2.0879693e+00
   1.4157938e+01   4.5784724e-24  -2.0470418e+00
   1.4256076e+01   4.1212795e-24  -2.0070614e+00
   1.4354894e+01   3.7096107e-24  -1.9680000e+00
   1.4454398e+01   3.3389522e-24  -1.9298308e+00
   1.4554591e+01   3.0052350e-24  -1.8925278e+00
   1.4655478e+01   2.7047918e-24  -1.8560661e+00
   1.4757065e+01   2.4343172e-24  -1.8204216e+00
   1.4859356e+01   2.1908324e-24  -1.7855712e+00
   1.4962357e+01   1.9716534e-24  -1.7514927e+00
   1.5066071e+01   1.7743616e-24  -1.7181644e+00
   1.5170504e+01   1.5967781e-24  -1.6855656e+00
   1.5275661e+01   1.4369398e-24  -1.6536763e+00
   1.5381546e+01   1.2930783e-24  -1.6224771e+00
   1.5488166e+01   1.1636009e-24  -1.5919495e+00
   1.5595525e+01   1.0470729e-24  -1.5620754e+00
   1.5703628e+01   9.4220224e-25  -1.5328374e+00
   1.5812480e+01   8.4782518e-25  -1.5042186e+00
   1.5922087e+01   7.6289387e-25  -1.4762029e+00
   1.6032454e+01   6.8646474e-25  -1.4487745e+00
   1.6143586e+01   6.1768816e-25  -1.4219182e+00
   1.6255488e+01   5.5579918e-25  -1.3956193e+00
   1.6368165e+01   5.0010907e-25  -1.3698636e+00
   1.6481624e+01   4.4999780e-25  -1.3446373e+00
   1.6595869e+01   4.0490721e-25  -1.3199271e+00
   1.6710906e+01   3.6433484e-25  -1.2957201e+00
   1.6826741e+01   3.2782841e-25  -1.2720037e+00
   1.6943378e+01   2.9498081e-25  -1.2487658e+00
   1.7060824e+01   2.6542563e-25  -1.2259948e+00
   1.7179084e+01   2.3883306e-25  -1.2036791e+00
   1.7298164e+01   2.1490629e-25  -1.1818078e+00
   1.7418069e+01   1.9337821e-25  -1.1603702e+00
   1.7538805e+01   1.7400840e-25  -1.1393558e+00
   1.7660378e+01   1.5658054e-25  -1.1187547e+00
   1.7782794e+01   1.4089994e-25  -1.0985569e+00
   1.7906059e+01   1.2679144e-25  -1.0787530e+00
   1.8030177e+01   1.1409738e-25  -1.0593338e+00
   1.8155157e+01   1.0267593e-25  -1.0402902e+00
   1.8281002e+01   9.2399467e-26  -1.0216137e+00
   1.8407720e+01   8.3153143e-26  -1.0032957e+00
   1.8535316e+01   7.4833637e-26  -9.8532801e-01
   1.8663797e+01   6.7347984e-26  -9.6770260e-01
   1.8793168e+01   6.0612542e-26  -9.5041171e-01
   1.8923436e+01   5.4552056e-26  -9.3344775e-01
   1.9054607e+01   4.9098820e-26  -9.1680335e-01
   1.9186687e+01   4.4191921e-26  -9.0047135e-01
   1.9319683e+01   3.9776557e-26  -8.8444475e-01
   1.9453601e+01   3.5803423e-26  -8.6871674e-01
   1.9588447e+01   3.2228163e-26  -8.5328068e-01
   1.9724227e+01   2.9010872e-26  -8.3813012e-01
   1.9860949e+01   2.6115650e-26  -8.2325874e-01
   1.9998619e+01   2.3510197e-26  -8.0866037e-01
   2.0137242e+01   2.1165460e-26  -7.9432902e-01
   2.0276827e+01   1.9055296e-26  -7.8025880e-01
   2.0417379e+01   1.7156190e-26  -7.6644397e-01
   2.0558906e+01   1.5446986e-26  -7.5287892e-01
   2.0701413e+01   1.3908650e-26  -7.3955816e-01
   2.0844909e+01   1.2524060e-26  -7.2647629e-01
   2.0989399e+01   1.1277811e-26  -7.1362802e-01
   2.1134890e+01   1.0156044e-26  -7.0100816e-01
   2.1281390e+01   9.1462907e-27  -6.8861161e-01
   2.1428906e+01   8.2373344e-27  -6.7643333e-01
   2.1577444e+01   7.4190830e-27  -6.6446835e-01
   2.1727012e+01   6.6824571e-27  -6.5271174e-01
   2.1877616e+01   6.0192879e-27  -6.4115862e-01
   2.2029265e+01   5.4222258e-27  -6.2980412e-01
   2.2181964e+01   4.8846584e-27  -6.1864338e-01
   2.2335722e+01   4.4006361e-27  -6.0767148e-01
   2.2490546e+01   3.9648058e-27  -5.9688347e-01
   2.2646443e+01   3.5723509e-27  -5.8627430e-01
   2.2803421e+01   3.2189374e-27  -5.7583877e-01
   2.2961486e+01   2.9006658e-27  -5.6557148e-01
   2.3120648e+01   2.6140270e-27  -5.5546676e-01
   2.3280913e+01   2.3558633e-27  -5.4551853e-01
   2.3442288e+01   2.1233333e-27  -5.3572022e-01
   2.3604782e+01   1.9138802e-27  -5.2606453e-01
   2.3768403e+01   1.7252026e-27  -5.1654322e-01
   2.3933158e+01   1.5552299e-27  -5.0714673e-01
   2.4099054e+01   1.4020982e-27  -4.9786370e-01
   2.4266101e+01   1.2641303e-27  -4.8868019e-01
   2.4434306e+01   1.1398164e-27  -4.7957869e-01
   2.4603676e+01   1.0277980e-27  -4.7053639e-01
   2.4774221e+01   9.2685202e-28  -4.6152281e-01
   2.4945947e+01   8.3587780e-28  -4.5249599e-01
   2.5118864e+01   7.5388476e-28  -4.4339699e-01
   2.5292980e+01   6.7998157e-28  -4.3414280e-01
   2.5468303e+01   6.1336670e-28  -4.2462339e-01
   2.5644840e+01   5.5332040e-28  -4.1473762e-01
   2.5822602e+01   4.9919866e-28  -4.0465798e-01
   2.6001596e+01   4.5042680e-28  -3.9623497e-01
   2.6181830e+01   4.0646302e-28  -3.9675149e-01
   2.6363314e+01   3.6672853e-28  -4.0721810e-01
   2.6546056e+01   3.3082347e-28  -4.0791324e-01
   2.6730064e+01   2.9845610e-28  -4.0051746e-01
   2.6915348e+01   2.6927506e-28  -3.9164898e-01
   2.7101916e+01   2.4295305e-28  -3.8305329e-01
   2.7289778e+01   2.1920102e-28  -3.7495629e-01
   2.7478942e+01   1.9776154e-28  -3.6730280e-01
   2.7669416e+01   1.7840374e-28  -3.6001034e-01
   2.7861212e+01   1.6091981e-28  -3.5301185e-01
   2.8054336e+01   1.4512227e-28  -3.4625789e-01
   2.8248800e+01   1.3084166e-28  -3.3971243e-01
   2.8444611e+01   1.1792441e-28  -3.3334879e-01
   2.8641780e+01   1.0623094e-28  -3.2714666e-01
   2.8840315e+01   9.5633682e-29  -3.2108993e-01
   2.9040227e+01   8.6015074e-29  -3.1516509e-01
   2.9241524e+01   7.7265259e-29  -3.0935988e-01
   2.9444216e+01   6.9279105e-29  -3.0366176e-01
   2.9648314e+01   6.1951820e-29  -2.9805561e-01
   2.9853826e+01   5.5171464e-29  -2.9251932e-01
   3.0060763e+01   4.8804236e-29  -2.8701306e-01
   3.0269134e+01   4.2660943e-29  -2.8144819e-01
   3.0478950e+01   3.6405938e-29  -2.7557296e-01
   3.0690220e+01   2.9241956e-29  -2.6836239e-01
   3.0902954e+01   1.8265572e-29  -2.5072756e-01
   3.1117163e+01   2.6670984e-29   1.7961853e+02
   3.1332857e+01   7.1885352e-29  -2.3660643e-01
   3.1550046e+01   4.2093096e-29  -2.4862896e-01
   3.1768741e+01   3.3501719e-29  -2.4657675e-01
   3.1988951e+01   2.8543585e-29  -2.4292201e-01
   3.2210688e+01   2.4973473e-29  -2.3888437e-01
   3.2433962e+01   2.2141169e-29  -2.3474643e-01
   3.2658783e+01   1.9780990e-29  -2.3060149e-01
   3.2885163e+01   1.7759287e-29  -2.2648714e-01
   3.3113112e+01   1.5998403e-29  -2.2242041e-01
   3.3342641e+01   1.4448157e-29  -2.1840961e-01
   3.3573761e+01   1.3073422e-29  -2.1445889e-01
   3.3806484e+01   1.1848076e-29  -2.1057025e-01
   3.4040819e+01   1.0751794e-29  -2.0674454e-01
   3.4276779e+01   9.7682066e-30  -2.0298191e-01
   3.4514374e+01   8.8837921e-30  -1.9928216e-01
   3.4753616e+01   8.0871605e-30  -1.9564482e-01
   3.4994517e+01   7.3685768e-30  -1.9206929e-01
   3.5237087e+01   6.7196271e-30  -1.8855490e-01
   3.5481339e+01   6.1329759e-30  -1.8510092e-01
   3.5727284e+01   5.6021856e-30  -1.8170660e-01
   3.5974934e+01   5.1215762e-30  -1.7837120e-01
   3.6224300e+01   4.6861153e-30  -1.7509396e-01
   3.6475395e+01   4.2913295e-30  -1.7187416e-01
   3.6728230e+01   3.9332314e-30  -1.6871111e-01
   3.6982818e+01   3.6082589e-30  -1.6560413e-01
   3.7239171e+01   3.3132243e-30  -1.6255260e-01
   3.7497300e+01   3.0452709e-30  -1.5955592e-01
   3.7757219e+01   2.8018353e-30  -1.5661355e-01
   3.8018940e+01   2.5806152e-30  -1.5372501e-01
   3.8282474e+01   2.3795418e-30  -1.5088987e-01
   3.8547836e+01   2.1967545e-30  -1.4810778e-01
   3.8815037e+01   2.0305803e-30  -1.4537846e-01
   3.9084090e+01   1.8795142e-30  -1.4270172e-01
   3.9355008e+01   1.7422033e-30  -1.4007751e-01
   3.9627803e+01   1.6174319e-30  -1.3750586e-01
   3.9902490e+01   1.5041093e-30  -1.3498699e-01
   4.0179081e+01   1.4012586e-30  -1.3252128e-01
   4.0457589e+01   1.3080074e-30  -1.3010933e-01
   4.0738028e+01   1.2235800e-30  -1.2775201e-01
   4.1020410e+01   1.1472913e-30  -1.2545051e-01
   4.1304750e+01   1.0785420e-30  -1.2320646e-01
   4.1591061e+01   1.0168161e-30  -1.2102199e-01
   4.1879357e+01   9.6168001e-31  -1.1889992e-01
   4.2169650e+01   9.1278501e-31  -1.1684397e-01
   4.2461956e+01   8.6987305e-31  -1.1485904e-01
   4.2756289e+01   8.3278795e-31  -1.1295162e-01
   4.3052661e+01   8.0149431e-31  -1.1113046e-01
   4.3351088e+01   7.7610855e-31  -1.0940747e-01
   4.3651583e+01   7.5694949e-31  -1.0779919e-01
   4.3954162e+01   7.4462205e-31  -1.0632913e-01
   4.4258837e+01   7.4016021e-31  -1.0503170e-01
   4.4565625e+01   7.4528157e-31  -1.0395918e-01
   4.4874539e+01   7.6286754e-31  -1.0319474e-01
   4.5185594e+01   7.9793926e-31  -1.0287890e-01
   4.5498806e+01   8.5984559e-31  -1.0326873e-01
   4.5814189e+01   9.6787125e-31  -1.0488952e-01
   4.6131757e+01   1.1686900e-30  -1.0900672e-01
   4.6451528e+01   1.6106848e-30  -1.1963544e-01
   4.6773514e+01   3.1480995e-30  -1.5987555e-01
   4.7097733e+01   1.4944697e-29  -1.7966935e+02
   4.7424199e+01   1.8251026e-30   1.7997726e+02
   4.7752927e+01   8.7499275e-31   1.7995290e+02
   4.8083935e+01   5.3416620e-31   1.7994502e+02
   4.8417237e+01   3.6244156e-31   1.7994170e+02
   4.8752849e+01   2.6102543e-31   1.7994028e+02
   4.9090788e+01   1.9533322e-31   1.7993982e+02
   4.9431069e+01   1.5013664e-31   1.7993991e+02
   4.9773708e+01   1.1769789e-31   1.7994033e+02
   5.0118723e+01   9.3677966e-32   1.7994097e+02
   5.0466130e+01   7.5461850e-32   1.7994176e+02
   5.0815944e+01   6.1384516e-32   1.7994264e+02
   5.1168184e+01   5.0339004e-32   1.7994360e+02
   5.1522864e+01   4.1563348e-32   1.7994461e+02
   5.1880004e+01   3.4517892e-32   1.7994565e+02
   5.2239619e+01   2.8811256e-32   1.7994671e+02
   5.2601727e+01   2.4153862e-32   1.7994778e+02
   5.2966344e+01   2.0327772e-32   1.7994887e+02
   5.3333490e+01   1.7166545e-32   1.7994996e+02
   5.3703180e+01   1.4541441e-32   1.7995105e+02
   5.4075432e+01   1.2351767e-32   1.7995213e+02
   5.4450265e+01   1.0517998e-32   1.7995321e+02
   5.4827696e+01   8.9767789e-33   1.7995429e+02
   5.5207744e+01   7.6772503e-33   1.7995535e+02
   5.5590426e+01   6.5783003e-33   1.7995640e+02
   5.5975760e+01   5.6464924e-33   1.7995745e+02
   5.6363766e+01   4.8544809e-33   1.7995848e+02
   5.6754461e+01   4.1797883e-33   1.7995950e+02
   5.7147864e+01   3.6038548e-33   1.7996051e+02
   5.7543994e+01   3.1112912e-33   1.7996151e+02
   5.7942870e+01   2.6892887e-33   1.7996249e+02
   5.8344510e+01   2.3271492e-33   1.7996346e+02
   5.8748935e+01   2.0159089e-33   1.7996441e+02
   5.9156163e+01   1.7480344e-33   1.7996535e+02
   5.9566214e+01   1.5171778e-33   1.7996628e+02
   5.9979108e+01   1.3179764e-33   1.7996720e+02
   6.0394863e+01   1.1458888e-33   1.7996810e+02
   6.0813500e+01   9.9706130e-34   1.7996898e+02
   6.1235039e+01   8.6821659e-34   1.7996986e+02
   6.1659500e+01   7.5656257e-34   1.7997072e+02
   6.2086903e+01   6.5971611e-34   1.7997156e+02
   6.2517269e+01   5.7563982e-34   1.7997239e+02
   6.2950618e+01   5.0258915e-34   1.7997321e+02
   6.3386971e+01   4.3906809e-34   1.7997402e+02
   6.3826349e+01   3.8379197e-34   1.7997481e+02
   6.4268772e+01   3.3565618e-34   1.7997559e+02
   6.4714262e+01   2.9370976e-34   1.7997636e+02
   6.5162839e+01   2.5713303e-34   1.7997712e+02
   6.5614527e+01   2.2521875e-34   1.7997786e+02
   6.6069345e+01   1.9735598e-34   1.7997859e+02
   6.6527316e+01   1.7301650e-34   1.7997930e+02
   6.6988461e+01   1.5174314e-34   1.7998001e+02
   6.7452803e+01   1.3313989e-34   1.7998070e+02
   6.7920363e+01   1.1686339e-34   1.7998138e+02
   6.8391165e+01   1.0261573e-34   1.7998205e+02
   6.8865230e+01   9.0138197e-35   1.7998271e+02
   6.9342581e+01   7.9205951e-35   1.7998336e+02
   6.9823240e+01   6.9623471e-35   1.7998399e+02
   7.0307232e+01   6.1220596e-35   1.7998462e+02
   7.0794578e+01   5.3849146e-35   1.7998523e+02
   7.1285303e+01   4.7380001e-35   1.7998584e+02
   7.1779429e+01   4.1700577e-35   1.7998643e+02
   7.2276980e+01   3.6712656e-35   1.7998701e+02
   7.2777980e+01   3.2330502e-35   1.7998758e+02
   7.3282453e+01   2.8479235e-35   1.7998814e+02
   7.3790423e+01   2.5093423e-35   1.7998869e+02
   7.4301914e+01   2.2115860e-35   1.7998924e+02
   7.4816950e+01   1.9496509e-35   1.7998977e+02
   7.5335556e+01   1.7191583e-35   1.7999029e+02
   7.5857758e+01   1.5162747e-35   1.7999080e+02
   7.6383578e+01   1.3376425e-35   1.7999131e+02
   7.6913044e+01   1.1803194e-35   1.7999180e+02
   7.7446180e+01   1.0417265e-35   1.7999229e+02
   7.7983011e+01   9.1960205e-36   1.7999276e+02
   7.8523563e+01   8.1196204e-36   1.7999323e+02
   7.9067863e+01   7.1706520e-36   1.7999369e+02
   7.9615935e+01   6.3338290e-36   1.7999414e+02
   8.0167806e+01   5.5957268e-36   1.7999458e+02
   8.0723503e+01   4.9445515e-36   1.7999502e+02
   8.1283052e+01   4.3699388e-36   1.7999544e+02
   8.1846479e+01   3.8627779e-36   1.7999586e+02
   8.2413812e+01   3.4150571e-36   1.7999627e+02
   8.2985077e+01   3.0197291e-36   1.7999667e+02
   8.3560302e+01   2.6705936e-36   1.7999707e+02
   8.4139514e+01   2.3621932e-36   1.7999745e+02
   8.4722741e+01   2.0897238e-36   1.7999783e+02
   8.5310011e+01   1.8489548e-36   1.7999820e+02
   8.5901352e+01   1.6361597e-36   1.7999857e+02
   8.6496792e+01   1.4480555e-36   1.7999893e+02
   8.7096359e+01   1.2817488e-36   1.7999928e+02
   8.7700082e+01   1.1346893e-36   1.7999962e+02
   8.8307990e+01   1.0046282e-36   1.7999996e+02
   8.8920112e+01   8.8958255e-37  -1.7999971e+02
   8.9536477e+01   7.8780309e-37  -1.7999938e+02
   9.0157114e+01   6.9774653e-37  -1.7999907e+02
   9.0782053e+01   6.1805091e-37  -1.7999875e+02
   9.1411324e+01   5.4751415e-37  -1.7999845e+02
   9.2044957e+01   4.8507497e-37  -1.7999815e+02
   9.2682982e+01   4.2979627e-37  -1.7999785e+02
   9.3325430e+01   3.8085043e-37  -1.7999757e+02
   9.3972331e+01   3.3750635e-37  -1.7999728e+02
   9.4623716e+01   2.9911811e-37  -1.7999701e+02
   9.5279616e+01   2.6511492e-37  -1.7999674e+02
   9.5940063e+01   2.3499231e-37  -1.7999647e+02
   9.6605088e+01   2.0830432e-37  -1.7999621e+02
   9.7274722e+01   1.8465667e-37  -1.7999596e+02
   9.7948999e+01   1.6370071e-37  -1.7999571e+02
   9.8627949e+01   1.4512807e-37  -1.7999546e+02
   9.9311605e+01   1.2866599e-37  -1.7999522e+02
   1.0000000e+02   1.1407315e-37  -1.7999499e+02
