1220681344 1220685440 0.06
1220685440 1220689536 0.07
1220689536 1220693632 0.07
1220693632 1220697728 0.06
1220697728 1220701824 0.05
1220705920 1220710016 0.07
1220710016 1220714112 0.06
1220714112 1220718208 0.06
1220722304 1220726400 0.09
1220726400 1220730496 0.07
1228910208 1228914304 0.00
1231818368 1231822464 0.04
1231892096 1231896192 0.09
1234837120 1234841216 0.00
1234841216 1234845312 0.00
1232064128 1232068224 0.08
1232068224 1232072320 0.08
1232088704 1232092800 0.08
1232092800 1232096896 0.07
1232100992 1232105088 0.08
1232105088 1232109184 0.08
1232109184 1232113280 0.08
1232113280 1232117376 0.08
1232117376 1232121472 0.09
1232121472 1232125568 0.09
1232129664 1232133760 0.08
1232133760 1232137856 0.07
1232137856 1232141952 0.07
1232141952 1232146048 0.08
1232146048 1232150144 0.07
1232150144 1232154240 0.07
1232166528 1232170624 0.08
1232178816 1232182912 0.07
1232182912 1232187008 0.07
1232191104 1232195200 0.08
1232195200 1232199296 0.07
1232199296 1232203392 0.08
1232207488 1232211584 0.08
1232211584 1232215680 0.07
1232215680 1232219776 0.07
1232219776 1232223872 0.09
1232223872 1232227968 0.09
1232227968 1232232064 0.08
1232236160 1232240256 0.07
1220730496 1220734592 0.08
1220734592 1220738688 0.07
1220738688 1220742784 0.07
1220742784 1220746880 0.07
1220746880 1220750976 0.08
1220755072 1220759168 0.09
1220763264 1220767360 0.08
1220771456 1220775552 0.08
1220775552 1220779648 0.07
1220804224 1220808320 0.09
1220808320 1220812416 0.09
1220816512 1220820608 0.09
1220824704 1220828800 0.08
1220828800 1220832896 0.08
1220836992 1220841088 0.09
1220841088 1220845184 0.08
1220849280 1220853376 0.09
1220853376 1220857472 0.08
1220857472 1220861568 0.08
1220861568 1220865664 0.08
1220865664 1220869760 0.09
1220873856 1220877952 0.07
1220882048 1220886144 0.07
1220886144 1220890240 0.07
1220890240 1220894336 0.08
1220894336 1220898432 0.08
1220898432 1220902528 0.07
1220902528 1220906624 0.08
1220906624 1220910720 0.08
1220910720 1220914816 0.07
1220918912 1220923008 0.08
1220927104 1220931200 0.09
1220931200 1220935296 0.09
1220935296 1220939392 0.08
1220939392 1220943488 0.07
1220943488 1220947584 0.07
1220947584 1220951680 0.09
1220951680 1220955776 0.08
1220955776 1220959872 0.09
1220959872 1220963968 0.07
1220963968 1220968064 0.09
1220968064 1220972160 0.08
1220972160 1220976256 0.08
1220976256 1220980352 0.08
1220984448 1220988544 0.09
1220988544 1220992640 0.07
1220316800 1220320896 0.09
1220320896 1220324992 0.08
1220324992 1220329088 0.07
1220329088 1220333184 0.08
1221258880 1221262976 0.08
1221267072 1221271168 0.09
1221275264 1221279360 0.08
1220996736 1221000832 0.09
1221000832 1221004928 0.09
1221013120 1221017216 0.09
1221017216 1221021312 0.07
1221021312 1221025408 0.07
1221025408 1221029504 0.09
1221029504 1221033600 0.07
1221033600 1221037696 0.08
1221037696 1221041792 0.08
1221045888 1221049984 0.08
1221049984 1221054080 0.07
1221054080 1221058176 0.09
1221058176 1221062272 0.08
1221062272 1221066368 0.07
1221066368 1221070464 0.08
1221070464 1221074560 0.08
1221078656 1221082752 0.08
1221082752 1221086848 0.07
1221095040 1221099136 0.08
1221099136 1221103232 0.08
1221103232 1221107328 0.08
1221107328 1221111424 0.08
1221115520 1221119616 0.08
1221119616 1221123712 0.08
1221123712 1221127808 0.07
1221127808 1221131904 0.08
1221131904 1221136000 0.08
1221136000 1221140096 0.08
1221140096 1221144192 0.07
1221144192 1221148288 0.07
1221148288 1221152384 0.07
1221152384 1221156480 0.08
1221160576 1221164672 0.08
1221164672 1221168768 0.08
1221168768 1221172864 0.08
1221176960 1221181056 0.07
1221181056 1221185152 0.07
1221185152 1221189248 0.07
1221189248 1221193344 0.07
1221197440 1221201536 0.07
1221201536 1221205632 0.07
1221205632 1221209728 0.07
1221209728 1221213824 0.07
1221217920 1221222016 0.09
1221226112 1221230208 0.08
1221230208 1221234304 0.08
1221238400 1221242496 0.07
1221242496 1221246592 0.07
1221246592 1221250688 0.09
1221250688 1221254784 0.08
