# seg	start	stop	duration
0	1211863170	1211867266	4096
1	1211875458	1211879554	4096
2	1211945090	1211949186	4096
3	1211953282	1211957378	4096
4	1211965570	1211969666	4096
5	1211973762	1211977858	4096
6	1211977858	1211981954	4096
7	1211990146	1211994242	4096
8	1211994242	1211998338	4096
9	1212002434	1212006530	4096
10	1212018818	1212022914	4096
11	1212035202	1212039298	4096
12	1212039298	1212043394	4096
13	1212100738	1212104834	4096
14	1212108930	1212113026	4096
15	1212113026	1212117122	4096
16	1212121218	1212125314	4096
17	1212141698	1212145794	4096
18	1212145794	1212149890	4096
19	1212166274	1212170370	4096
20	1212170370	1212174466	4096
21	1212178562	1212182658	4096
22	1212207234	1212211330	4096
23	1212211330	1212215426	4096
24	1212215426	1212219522	4096
25	1212219522	1212223618	4096
26	1212231810	1212235906	4096
27	1212240002	1212244098	4096
28	1212248194	1212252290	4096
29	1212252290	1212256386	4096
30	1212260482	1212264578	4096
31	1212264578	1212268674	4096
32	1212293250	1212297346	4096
33	1212297346	1212301442	4096
34	1212317826	1212321922	4096
35	1212326018	1212330114	4096
36	1212346498	1212350594	4096
37	1212371074	1212375170	4096
38	1212379266	1212383362	4096
39	1212383362	1212387458	4096
40	1212391554	1212395650	4096
41	1212395650	1212399746	4096
42	1212407938	1212412034	4096
43	1212412034	1212416130	4096
44	1212420226	1212424322	4096
45	1212424322	1212428418	4096
46	1212440706	1212444802	4096
47	1212457090	1212461186	4096
48	1212493954	1212498050	4096
49	1212514434	1212518530	4096
50	1212534914	1212539010	4096
51	1212555394	1212559490	4096
52	1212584066	1212588162	4096
53	1212715138	1212719234	4096
54	1212780674	1212784770	4096
55	1212817538	1212821634	4096
56	1212878978	1212883074	4096
57	1212903554	1212907650	4096
58	1212907650	1212911746	4096
59	1212936322	1212940418	4096
60	1213005954	1213010050	4096
61	1213018242	1213022338	4096
62	1213055106	1213059202	4096
63	1213059202	1213063298	4096
64	1213149314	1213153410	4096
65	1213173890	1213177986	4096
66	1213227138	1213231234	4096
67	1213251714	1213255810	4096
68	1213325442	1213329538	4096
69	1213341826	1213345922	4096
70	1213370498	1213374594	4096
71	1213382786	1213386882	4096
72	1213386882	1213390978	4096
73	1213390978	1213395074	4096
74	1213395074	1213399170	4096
75	1213415554	1213419650	4096
76	1213419650	1213423746	4096
77	1213468802	1213472898	4096
78	1213595778	1213599874	4096
79	1213628546	1213632642	4096
80	1213632642	1213636738	4096
81	1213640834	1213644930	4096
82	1213649026	1213653122	4096
83	1213653122	1213657218	4096
84	1213665410	1213669506	4096
85	1213735042	1213739138	4096
86	1213747330	1213751426	4096
87	1213751426	1213755522	4096
88	1213939842	1213943938	4096
89	1213943938	1213948034	4096
90	1213948034	1213952130	4096
91	1213964418	1213968514	4096
92	1214017666	1214021762	4096
93	1214025858	1214029954	4096
94	1214034050	1214038146	4096
95	1214042242	1214046338	4096
96	1214046338	1214050434	4096
97	1214054530	1214058626	4096
98	1214075010	1214079106	4096
99	1214210178	1214214274	4096
100	1214214274	1214218370	4096
101	1214275714	1214279810	4096
102	1214283906	1214288002	4096
103	1214328962	1214333058	4096
104	1214333058	1214337154	4096
105	1214341250	1214345346	4096
106	1214353538	1214357634	4096
107	1214357634	1214361730	4096
108	1214365826	1214369922	4096
109	1214374018	1214378114	4096
110	1214439554	1214443650	4096
111	1214447746	1214451842	4096
112	1214460034	1214464130	4096
113	1214480514	1214484610	4096
114	1214488706	1214492802	4096
115	1214500994	1214505090	4096
116	1214513282	1214517378	4096
117	1214521474	1214525570	4096
118	1214529666	1214533762	4096
119	1214537858	1214541954	4096
120	1214566530	1214570626	4096
121	1214570626	1214574722	4096
122	1214623874	1214627970	4096
123	1214627970	1214632066	4096
124	1214734466	1214738562	4096
125	1214869634	1214873730	4096
126	1214873730	1214877826	4096
127	1214910594	1214914690	4096
128	1214976130	1214980226	4096
129	1214988418	1214992514	4096
130	1214992514	1214996610	4096
131	1214996610	1215000706	4096
132	1215066242	1215070338	4096
133	1215070338	1215074434	4096
134	1215099010	1215103106	4096
135	1215111298	1215115394	4096
136	1215119490	1215123586	4096
137	1215123586	1215127682	4096
138	1215127682	1215131778	4096
139	1215135874	1215139970	4096
140	1215152258	1215156354	4096
141	1215176834	1215180930	4096
142	1215230082	1215234178	4096
143	1215234178	1215238274	4096
144	1215303810	1215307906	4096
145	1215389826	1215393922	4096
146	1215398018	1215402114	4096
147	1215410306	1215414402	4096
148	1215418498	1215422594	4096
149	1215484034	1215488130	4096
150	1215488130	1215492226	4096
151	1215500418	1215504514	4096
152	1215504514	1215508610	4096
153	1215508610	1215512706	4096
154	1215512706	1215516802	4096
155	1215578242	1215582338	4096
156	1215586434	1215590530	4096
157	1215590530	1215594626	4096
158	1215619202	1215623298	4096
159	1215651970	1215656066	4096
160	1215664258	1215668354	4096
161	1215680642	1215684738	4096
162	1215692930	1215697026	4096
163	1215705218	1215709314	4096
164	1215709314	1215713410	4096
165	1215729794	1215733890	4096
166	1215742082	1215746178	4096
167	1215750274	1215754370	4096
168	1215758466	1215762562	4096
169	1215783042	1215787138	4096
170	1215791234	1215795330	4096
171	1215795330	1215799426	4096
172	1215803522	1215807618	4096
173	1215807618	1215811714	4096
174	1215811714	1215815810	4096
175	1215824002	1215828098	4096
176	1215844482	1215848578	4096
177	1215881346	1215885442	4096
178	1215885442	1215889538	4096
179	1215889538	1215893634	4096
180	1215897730	1215901826	4096
181	1215934594	1215938690	4096
182	1215946882	1215950978	4096
183	1215975554	1215979650	4096
184	1215996034	1216000130	4096
185	1216028802	1216032898	4096
186	1216032898	1216036994	4096
187	1216036994	1216041090	4096
188	1216045186	1216049282	4096
189	1216057474	1216061570	4096
190	1216061570	1216065666	4096
191	1216086146	1216090242	4096
192	1216118914	1216123010	4096
193	1216163970	1216168066	4096
194	1216327810	1216331906	4096
195	1216413826	1216417922	4096
196	1216430210	1216434306	4096
197	1216471170	1216475266	4096
198	1216483458	1216487554	4096
199	1216503938	1216508034	4096
200	1216524418	1216528514	4096
201	1216528514	1216532610	4096
202	1216573570	1216577666	4096
203	1216602242	1216606338	4096
204	1216700546	1216704642	4096
205	1216745602	1216749698	4096
206	1216753794	1216757890	4096
207	1216774274	1216778370	4096
208	1216860290	1216864386	4096
209	1216888962	1216893058	4096
210	1216942210	1216946306	4096
211	1216958594	1216962690	4096
212	1216970882	1216974978	4096
213	1216974978	1216979074	4096
214	1217048706	1217052802	4096
215	1217060994	1217065090	4096
216	1217065090	1217069186	4096
217	1217097858	1217101954	4096
218	1217114242	1217118338	4096
219	1217130626	1217134722	4096
220	1217138818	1217142914	4096
221	1217208450	1217212546	4096
222	1217233026	1217237122	4096
223	1217257602	1217261698	4096
224	1217282178	1217286274	4096
225	1217294466	1217298562	4096
226	1217306754	1217310850	4096
227	1217310850	1217314946	4096
228	1217331330	1217335426	4096
229	1217335426	1217339522	4096
230	1217339522	1217343618	4096
231	1217376386	1217380482	4096
232	1217388674	1217392770	4096
233	1217486978	1217491074	4096
234	1217491074	1217495170	4096
235	1217503362	1217507458	4096
236	1217507458	1217511554	4096
237	1217544322	1217548418	4096
238	1217548418	1217552514	4096
239	1217585282	1217589378	4096
240	1217618050	1217622146	4096
241	1217687682	1217691778	4096
242	1217753218	1217757314	4096
243	1217826946	1217831042	4096
244	1217835138	1217839234	4096
245	1217908866	1217912962	4096
246	1217937538	1217941634	4096
247	1217958018	1217962114	4096
248	1217970306	1217974402	4096
249	1217998978	1218003074	4096
250	1218023554	1218027650	4096
251	1218105474	1218109570	4096
252	1218117762	1218121858	4096
253	1218121858	1218125954	4096
254	1218142338	1218146434	4096
255	1218146434	1218150530	4096
256	1218252930	1218257026	4096
257	1218281602	1218285698	4096
258	1218297986	1218302082	4096
259	1218306178	1218310274	4096
260	1218404482	1218408578	4096
261	1218478210	1218482306	4096
262	1218551938	1218556034	4096
263	1218556034	1218560130	4096
264	1218576514	1218580610	4096
265	1218609282	1218613378	4096
266	1218613378	1218617474	4096
267	1218670722	1218674818	4096
268	1218674818	1218678914	4096
269	1218687106	1218691202	4096
270	1218715778	1218719874	4096
271	1218723970	1218728066	4096
272	1218728066	1218732162	4096
273	1218736258	1218740354	4096
274	1218756738	1218760834	4096
275	1218764930	1218769026	4096
276	1218920578	1218924674	4096
277	1218924674	1218928770	4096
278	1218932866	1218936962	4096
279	1218936962	1218941058	4096
280	1218957442	1218961538	4096
281	1218965634	1218969730	4096
282	1219031170	1219035266	4096
283	1219137666	1219141762	4096
284	1219154050	1219158146	4096
285	1219166338	1219170434	4096
286	1219248258	1219252354	4096
287	1219272834	1219276930	4096
288	1219297410	1219301506	4096
289	1219301506	1219305602	4096
290	1219461250	1219465346	4096
291	1219473538	1219477634	4096
292	1219485826	1219489922	4096
293	1219502210	1219506306	4096
294	1219514498	1219518594	4096
295	1219530882	1219534978	4096
296	1219543170	1219547266	4096
297	1219547266	1219551362	4096
298	1219555458	1219559554	4096
299	1219612802	1219616898	4096
300	1219678338	1219682434	4096
301	1219760258	1219764354	4096
302	1219764354	1219768450	4096
303	1219780738	1219784834	4096
304	1219842178	1219846274	4096
305	1219850370	1219854466	4096
306	1219956866	1219960962	4096
307	1219969154	1219973250	4096
308	1220046978	1220051074	4096
309	1220059266	1220063362	4096
310	1220124802	1220128898	4096
311	1220202626	1220206722	4096
312	1220206722	1220210818	4096
313	1220214914	1220219010	4096
314	1220284546	1220288642	4096
315	1220288642	1220292738	4096
316	1220313218	1220317314	4096
317	1220317314	1220321410	4096
318	1220321410	1220325506	4096
319	1220325506	1220329602	4096
320	1220329602	1220333698	4096
321	1220677762	1220681858	4096
322	1220681858	1220685954	4096
323	1220685954	1220690050	4096
324	1220690050	1220694146	4096
325	1220694146	1220698242	4096
326	1220698242	1220702338	4096
327	1220702338	1220706434	4096
328	1220706434	1220710530	4096
329	1220710530	1220714626	4096
330	1220714626	1220718722	4096
331	1220718722	1220722818	4096
332	1220722818	1220726914	4096
333	1220726914	1220731010	4096
334	1220731010	1220735106	4096
335	1220735106	1220739202	4096
336	1220739202	1220743298	4096
337	1220743298	1220747394	4096
338	1220747394	1220751490	4096
339	1220751490	1220755586	4096
340	1220755586	1220759682	4096
341	1220759682	1220763778	4096
342	1220763778	1220767874	4096
343	1220767874	1220771970	4096
344	1220771970	1220776066	4096
345	1220776066	1220780162	4096
346	1220780162	1220784258	4096
347	1220784258	1220788354	4096
348	1220788354	1220792450	4096
349	1220792450	1220796546	4096
350	1220796546	1220800642	4096
351	1220800642	1220804738	4096
352	1220804738	1220808834	4096
353	1220808834	1220812930	4096
354	1220812930	1220817026	4096
355	1220817026	1220821122	4096
356	1220821122	1220825218	4096
357	1220825218	1220829314	4096
358	1220829314	1220833410	4096
359	1220833410	1220837506	4096
360	1220837506	1220841602	4096
361	1220841602	1220845698	4096
362	1220845698	1220849794	4096
363	1220849794	1220853890	4096
364	1220853890	1220857986	4096
365	1220857986	1220862082	4096
366	1220862082	1220866178	4096
367	1220866178	1220870274	4096
368	1220870274	1220874370	4096
369	1220874370	1220878466	4096
370	1220878466	1220882562	4096
371	1220882562	1220886658	4096
372	1220886658	1220890754	4096
373	1220890754	1220894850	4096
374	1220894850	1220898946	4096
375	1220898946	1220903042	4096
376	1220903042	1220907138	4096
377	1220907138	1220911234	4096
378	1220911234	1220915330	4096
379	1220915330	1220919426	4096
380	1220919426	1220923522	4096
381	1220923522	1220927618	4096
382	1220927618	1220931714	4096
383	1220931714	1220935810	4096
384	1220935810	1220939906	4096
385	1220939906	1220944002	4096
386	1220944002	1220948098	4096
387	1220948098	1220952194	4096
388	1220952194	1220956290	4096
389	1220956290	1220960386	4096
390	1220960386	1220964482	4096
391	1220964482	1220968578	4096
392	1220968578	1220972674	4096
393	1220972674	1220976770	4096
394	1220976770	1220980866	4096
395	1220980866	1220984962	4096
396	1220984962	1220989058	4096
397	1220989058	1220993154	4096
398	1220993154	1220997250	4096
399	1220997250	1221001346	4096
400	1221001346	1221005442	4096
401	1221005442	1221009538	4096
402	1221009538	1221013634	4096
403	1221013634	1221017730	4096
404	1221017730	1221021826	4096
405	1221021826	1221025922	4096
406	1221025922	1221030018	4096
407	1221030018	1221034114	4096
408	1221034114	1221038210	4096
409	1221038210	1221042306	4096
410	1221042306	1221046402	4096
411	1221046402	1221050498	4096
412	1221050498	1221054594	4096
413	1221054594	1221058690	4096
414	1221058690	1221062786	4096
415	1221062786	1221066882	4096
416	1221066882	1221070978	4096
417	1221070978	1221075074	4096
418	1221075074	1221079170	4096
419	1221079170	1221083266	4096
420	1221083266	1221087362	4096
421	1221087362	1221091458	4096
422	1221091458	1221095554	4096
423	1221095554	1221099650	4096
424	1221099650	1221103746	4096
425	1221103746	1221107842	4096
426	1221107842	1221111938	4096
427	1221111938	1221116034	4096
428	1221116034	1221120130	4096
429	1221120130	1221124226	4096
430	1221124226	1221128322	4096
431	1221128322	1221132418	4096
432	1221132418	1221136514	4096
433	1221136514	1221140610	4096
434	1221140610	1221144706	4096
435	1221144706	1221148802	4096
436	1221148802	1221152898	4096
437	1221152898	1221156994	4096
438	1221156994	1221161090	4096
439	1221161090	1221165186	4096
440	1221165186	1221169282	4096
441	1221169282	1221173378	4096
442	1221173378	1221177474	4096
443	1221177474	1221181570	4096
444	1221181570	1221185666	4096
445	1221185666	1221189762	4096
446	1221189762	1221193858	4096
447	1221193858	1221197954	4096
448	1221197954	1221202050	4096
449	1221202050	1221206146	4096
450	1221206146	1221210242	4096
451	1221210242	1221214338	4096
452	1221214338	1221218434	4096
453	1221218434	1221222530	4096
454	1221222530	1221226626	4096
455	1221226626	1221230722	4096
456	1221230722	1221234818	4096
457	1221234818	1221238914	4096
458	1221238914	1221243010	4096
459	1221243010	1221247106	4096
460	1221247106	1221251202	4096
461	1221251202	1221255298	4096
462	1221255298	1221259394	4096
463	1221259394	1221263490	4096
464	1221263490	1221267586	4096
465	1221267586	1221271682	4096
466	1221271682	1221275778	4096
467	1221275778	1221279874	4096
468	1221279874	1221283970	4096
469	1221288066	1221292162	4096
470	1221292162	1221296258	4096
471	1221304450	1221308546	4096
472	1221308546	1221312642	4096
473	1221320834	1221324930	4096
474	1221324930	1221329026	4096
475	1221329026	1221333122	4096
476	1221349506	1221353602	4096
477	1221464194	1221468290	4096
478	1221468290	1221472386	4096
479	1221521538	1221525634	4096
480	1221525634	1221529730	4096
481	1221529730	1221533826	4096
482	1221533826	1221537922	4096
483	1221537922	1221542018	4096
484	1221648514	1221652610	4096
485	1221714050	1221718146	4096
486	1221718146	1221722242	4096
487	1221869698	1221873794	4096
488	1221873794	1221877890	4096
489	1221877890	1221881986	4096
490	1221898370	1221902466	4096
491	1221976194	1221980290	4096
492	1222037634	1222041730	4096
493	1222054018	1222058114	4096
494	1222140034	1222144130	4096
495	1222152322	1222156418	4096
496	1222164610	1222168706	4096
497	1222336642	1222340738	4096
498	1222340738	1222344834	4096
499	1222414466	1222418562	4096
500	1222451330	1222455426	4096
501	1222529154	1222533250	4096
502	1222611074	1222615170	4096
503	1222721666	1222725762	4096
504	1222729858	1222733954	4096
505	1222910082	1222914178	4096
506	1222959234	1222963330	4096
507	1223061634	1223065730	4096
508	1223069826	1223073922	4096
509	1223102594	1223106690	4096
510	1223106690	1223110786	4096
511	1223172226	1223176322	4096
512	1223229570	1223233666	4096
513	1223233666	1223237762	4096
514	1223237762	1223241858	4096
515	1223241858	1223245954	4096
516	1223245954	1223250050	4096
517	1223250050	1223254146	4096
518	1223254146	1223258242	4096
519	1223258242	1223262338	4096
520	1223262338	1223266434	4096
521	1223270530	1223274626	4096
522	1223274626	1223278722	4096
523	1223352450	1223356546	4096
524	1223413890	1223417986	4096
525	1223422082	1223426178	4096
526	1223463042	1223467138	4096
527	1223557250	1223561346	4096
528	1223594114	1223598210	4096
529	1223602306	1223606402	4096
530	1223610498	1223614594	4096
531	1223618690	1223622786	4096
532	1223622786	1223626882	4096
533	1223655554	1223659650	4096
534	1223676034	1223680130	4096
535	1223684226	1223688322	4096
536	1223700610	1223704706	4096
537	1223704706	1223708802	4096
538	1223712898	1223716994	4096
539	1223729282	1223733378	4096
540	1223741570	1223745666	4096
541	1223770242	1223774338	4096
542	1223774338	1223778434	4096
543	1223786626	1223790722	4096
544	1223815298	1223819394	4096
545	1223856258	1223860354	4096
546	1223860354	1223864450	4096
547	1223872642	1223876738	4096
548	1223893122	1223897218	4096
549	1223901314	1223905410	4096
550	1223958658	1223962754	4096
551	1223962754	1223966850	4096
552	1224032386	1224036482	4096
553	1224061058	1224065154	4096
554	1224077442	1224081538	4096
555	1224089730	1224093826	4096
556	1224093826	1224097922	4096
557	1224097922	1224102018	4096
558	1224142978	1224147074	4096
559	1224151170	1224155266	4096
560	1224159362	1224163458	4096
561	1224204418	1224208514	4096
562	1224208514	1224212610	4096
563	1224220802	1224224898	4096
564	1224224898	1224228994	4096
565	1224228994	1224233090	4096
566	1224233090	1224237186	4096
567	1224237186	1224241282	4096
568	1224302722	1224306818	4096
569	1224327298	1224331394	4096
570	1224343682	1224347778	4096
571	1224401026	1224405122	4096
572	1224519810	1224523906	4096
573	1224523906	1224528002	4096
574	1224528002	1224532098	4096
575	1224540290	1224544386	4096
576	1224544386	1224548482	4096
577	1224548482	1224552578	4096
578	1224556674	1224560770	4096
579	1224577154	1224581250	4096
580	1224581250	1224585346	4096
581	1224630402	1224634498	4096
582	1224675458	1224679554	4096
583	1224736898	1224740994	4096
584	1224806530	1224810626	4096
585	1224810626	1224814722	4096
586	1224859778	1224863874	4096
587	1224900738	1224904834	4096
588	1224904834	1224908930	4096
589	1224941698	1224945794	4096
590	1224949890	1224953986	4096
591	1225146498	1225150594	4096
592	1225166978	1225171074	4096
593	1225179266	1225183362	4096
594	1225183362	1225187458	4096
595	1225191554	1225195650	4096
596	1225199746	1225203842	4096
597	1225216130	1225220226	4096
598	1225293954	1225298050	4096
599	1225298050	1225302146	4096
600	1225351298	1225355394	4096
601	1225388162	1225392258	4096
602	1225392258	1225396354	4096
603	1225408642	1225412738	4096
604	1225453698	1225457794	4096
605	1225461890	1225465986	4096
606	1225482370	1225486466	4096
607	1225547906	1225552002	4096
608	1225556098	1225560194	4096
609	1225748610	1225752706	4096
610	1225760898	1225764994	4096
611	1225764994	1225769090	4096
612	1225769090	1225773186	4096
613	1225773186	1225777282	4096
614	1225810050	1225814146	4096
615	1225814146	1225818242	4096
616	1225871490	1225875586	4096
617	1225904258	1225908354	4096
618	1225957506	1225961602	4096
619	1225977986	1225982082	4096
620	1225994370	1225998466	4096
621	1226039426	1226043522	4096
622	1226064002	1226068098	4096
623	1226244226	1226248322	4096
624	1226264706	1226268802	4096
625	1226285186	1226289282	4096
626	1226309762	1226313858	4096
627	1226338434	1226342530	4096
628	1226346626	1226350722	4096
629	1226358914	1226363010	4096
630	1226371202	1226375298	4096
631	1226375298	1226379394	4096
632	1226502274	1226506370	4096
633	1226604674	1226608770	4096
634	1226608770	1226612866	4096
635	1226616962	1226621058	4096
636	1226772610	1226776706	4096
637	1226776706	1226780802	4096
638	1226858626	1226862722	4096
639	1227001986	1227006082	4096
640	1227006082	1227010178	4096
641	1227010178	1227014274	4096
642	1227014274	1227018370	4096
643	1227018370	1227022466	4096
644	1227026562	1227030658	4096
645	1227030658	1227034754	4096
646	1227034754	1227038850	4096
647	1227038850	1227042946	4096
648	1227042946	1227047042	4096
649	1227047042	1227051138	4096
650	1227051138	1227055234	4096
651	1227055234	1227059330	4096
652	1227059330	1227063426	4096
653	1227063426	1227067522	4096
654	1227067522	1227071618	4096
655	1227071618	1227075714	4096
656	1227075714	1227079810	4096
657	1227079810	1227083906	4096
658	1227083906	1227088002	4096
659	1227088002	1227092098	4096
660	1227092098	1227096194	4096
661	1227096194	1227100290	4096
662	1227100290	1227104386	4096
663	1227104386	1227108482	4096
664	1227108482	1227112578	4096
665	1227112578	1227116674	4096
666	1227116674	1227120770	4096
667	1227120770	1227124866	4096
668	1227124866	1227128962	4096
669	1227128962	1227133058	4096
670	1227133058	1227137154	4096
671	1227137154	1227141250	4096
672	1227591810	1227595906	4096
673	1227632770	1227636866	4096
674	1227636866	1227640962	4096
675	1227677826	1227681922	4096
676	1227706498	1227710594	4096
677	1227780226	1227784322	4096
678	1227833474	1227837570	4096
679	1227858050	1227862146	4096
680	1227899010	1227903106	4096
681	1227923586	1227927682	4096
682	1227935874	1227939970	4096
683	1227956354	1227960450	4096
684	1227964546	1227968642	4096
685	1228005506	1228009602	4096
686	1228017794	1228021890	4096
687	1228046466	1228050562	4096
688	1228267650	1228271746	4096
689	1228402818	1228406914	4096
690	1228472450	1228476546	4096
691	1228521602	1228525698	4096
692	1228525698	1228529794	4096
693	1228529794	1228533890	4096
694	1228537986	1228542082	4096
695	1228542082	1228546178	4096
696	1228546178	1228550274	4096
697	1228628098	1228632194	4096
698	1228677250	1228681346	4096
699	1228808322	1228812418	4096
700	1228988546	1228992642	4096
701	1229004930	1229009026	4096
702	1229250690	1229254786	4096
703	1229303938	1229308034	4096
704	1229320322	1229324418	4096
705	1229324418	1229328514	4096
706	1229357186	1229361282	4096
707	1229361282	1229365378	4096
708	1229377666	1229381762	4096
709	1229406338	1229410434	4096
710	1229410434	1229414530	4096
711	1229414530	1229418626	4096
712	1229430914	1229435010	4096
713	1229443202	1229447298	4096
714	1229451394	1229455490	4096
715	1229512834	1229516930	4096
716	1229516930	1229521026	4096
717	1229521026	1229525122	4096
718	1229566082	1229570178	4096
719	1229574274	1229578370	4096
720	1229643906	1229648002	4096
721	1229648002	1229652098	4096
722	1229688962	1229693058	4096
723	1229729922	1229734018	4096
724	1229762690	1229766786	4096
725	1229766786	1229770882	4096
726	1229803650	1229807746	4096
727	1229807746	1229811842	4096
728	1229877378	1229881474	4096
729	1229906050	1229910146	4096
730	1229996162	1230000258	4096
731	1230086274	1230090370	4096
732	1230090370	1230094466	4096
733	1230213250	1230217346	4096
734	1230299266	1230303362	4096
735	1230540930	1230545026	4096
736	1230622850	1230626946	4096
737	1230749826	1230753922	4096
738	1230753922	1230758018	4096
739	1230762114	1230766210	4096
740	1230794882	1230798978	4096
741	1230798978	1230803074	4096
742	1230827650	1230831746	4096
743	1230831746	1230835842	4096
744	1230856322	1230860418	4096
745	1230864514	1230868610	4096
746	1230872706	1230876802	4096
747	1230913666	1230917762	4096
748	1230983298	1230987394	4096
749	1230987394	1230991490	4096
750	1231028354	1231032450	4096
751	1231032450	1231036546	4096
752	1231036546	1231040642	4096
753	1231044738	1231048834	4096
754	1231048834	1231052930	4096
755	1231057026	1231061122	4096
756	1231151234	1231155330	4096
757	1231204482	1231208578	4096
758	1231327362	1231331458	4096
759	1231409282	1231413378	4096
760	1231413378	1231417474	4096
761	1231417474	1231421570	4096
762	1231442050	1231446146	4096
763	1231474818	1231478914	4096
764	1231487106	1231491202	4096
765	1231515778	1231519874	4096
766	1231548546	1231552642	4096
767	1231560834	1231564930	4096
768	1231818882	1231822978	4096
769	1231822978	1231827074	4096
770	1231831170	1231835266	4096
771	1231835266	1231839362	4096
772	1231839362	1231843458	4096
773	1231843458	1231847554	4096
774	1231847554	1231851650	4096
775	1231851650	1231855746	4096
776	1231855746	1231859842	4096
777	1231859842	1231863938	4096
778	1231863938	1231868034	4096
779	1231868034	1231872130	4096
780	1231872130	1231876226	4096
781	1231876226	1231880322	4096
782	1231880322	1231884418	4096
783	1231884418	1231888514	4096
784	1231888514	1231892610	4096
785	1231892610	1231896706	4096
786	1231896706	1231900802	4096
787	1231900802	1231904898	4096
788	1231904898	1231908994	4096
789	1231913090	1231917186	4096
790	1231917186	1231921282	4096
791	1231921282	1231925378	4096
792	1231925378	1231929474	4096
793	1231929474	1231933570	4096
794	1231933570	1231937666	4096
795	1231937666	1231941762	4096
796	1231941762	1231945858	4096
797	1231945858	1231949954	4096
798	1231949954	1231954050	4096
799	1231974530	1231978626	4096
800	1231978626	1231982722	4096
801	1231982722	1231986818	4096
802	1231986818	1231990914	4096
803	1231990914	1231995010	4096
804	1231995010	1231999106	4096
805	1231999106	1232003202	4096
806	1232003202	1232007298	4096
807	1232007298	1232011394	4096
808	1232011394	1232015490	4096
809	1232015490	1232019586	4096
810	1232019586	1232023682	4096
811	1232023682	1232027778	4096
812	1232027778	1232031874	4096
813	1232031874	1232035970	4096
814	1232035970	1232040066	4096
815	1232040066	1232044162	4096
816	1232044162	1232048258	4096
817	1232048258	1232052354	4096
818	1232052354	1232056450	4096
819	1232056450	1232060546	4096
820	1232060546	1232064642	4096
821	1232064642	1232068738	4096
822	1232089218	1232093314	4096
823	1232093314	1232097410	4096
824	1232097410	1232101506	4096
825	1232101506	1232105602	4096
826	1232105602	1232109698	4096
827	1232109698	1232113794	4096
828	1232113794	1232117890	4096
829	1232117890	1232121986	4096
830	1232121986	1232126082	4096
831	1232126082	1232130178	4096
832	1232130178	1232134274	4096
833	1232134274	1232138370	4096
834	1232138370	1232142466	4096
835	1232142466	1232146562	4096
836	1232146562	1232150658	4096
837	1232150658	1232154754	4096
838	1232154754	1232158850	4096
839	1232158850	1232162946	4096
840	1232162946	1232167042	4096
841	1232167042	1232171138	4096
842	1232175234	1232179330	4096
843	1232179330	1232183426	4096
844	1232183426	1232187522	4096
845	1232191618	1232195714	4096
846	1232195714	1232199810	4096
847	1232199810	1232203906	4096
848	1232203906	1232208002	4096
849	1232208002	1232212098	4096
850	1232212098	1232216194	4096
851	1232216194	1232220290	4096
852	1232220290	1232224386	4096
853	1232224386	1232228482	4096
854	1232228482	1232232578	4096
855	1232232578	1232236674	4096
856	1232236674	1232240770	4096
857	1232240770	1232244866	4096
858	1232244866	1232248962	4096
859	1232425090	1232429186	4096
860	1232429186	1232433282	4096
861	1232449666	1232453762	4096
862	1232507010	1232511106	4096
863	1232519298	1232523394	4096
864	1232523394	1232527490	4096
865	1232580738	1232584834	4096
866	1232765058	1232769154	4096
867	1232806018	1232810114	4096
868	1232838786	1232842882	4096
869	1232855170	1232859266	4096
870	1232859266	1232863362	4096
871	1232896130	1232900226	4096
872	1233072258	1233076354	4096
873	1233113218	1233117314	4096
874	1233133698	1233137794	4096
875	1233141890	1233145986	4096
876	1233166466	1233170562	4096
877	1233182850	1233186946	4096
878	1233387650	1233391746	4096
879	1233424514	1233428610	4096
880	1233432706	1233436802	4096
881	1233465474	1233469570	4096
882	1233481858	1233485954	4096
883	1233510530	1233514626	4096
884	1233608834	1233612930	4096
885	1233637506	1233641602	4096
886	1233662082	1233666178	4096
887	1233698946	1233703042	4096
888	1234141314	1234145410	4096
889	1234440322	1234444418	4096
890	1234448514	1234452610	4096
891	1234464898	1234468994	4096
892	1234481282	1234485378	4096
893	1234550914	1234555010	4096
894	1234600066	1234604162	4096
895	1234612354	1234616450	4096
896	1234616450	1234620546	4096
897	1234620546	1234624642	4096
898	1234624642	1234628738	4096
899	1234628738	1234632834	4096
900	1234641026	1234645122	4096
901	1234645122	1234649218	4096
902	1234649218	1234653314	4096
903	1234653314	1234657410	4096
904	1234657410	1234661506	4096
905	1234669698	1234673794	4096
906	1234698370	1234702466	4096
907	1234710658	1234714754	4096
908	1234747522	1234751618	4096
909	1234784386	1234788482	4096
910	1234833538	1234837634	4096
911	1234862210	1234866306	4096
912	1234866306	1234870402	4096
913	1234886786	1234890882	4096
914	1234890882	1234894978	4096
915	1234911362	1234915458	4096
916	1234931842	1234935938	4096
917	1234935938	1234940034	4096
918	1234964610	1234968706	4096
919	1234976898	1234980994	4096
920	1234985090	1234989186	4096
921	1235001474	1235005570	4096
922	1235009666	1235013762	4096
923	1235013762	1235017858	4096
924	1235054722	1235058818	4096
925	1235058818	1235062914	4096
926	1235091586	1235095682	4096
927	1235103874	1235107970	4096
928	1235107970	1235112066	4096
929	1235218562	1235222658	4096
930	1235226754	1235230850	4096
931	1235259522	1235263618	4096
932	1235263618	1235267714	4096
933	1235284098	1235288194	4096
934	1235312770	1235316866	4096
935	1235366018	1235370114	4096
936	1235394690	1235398786	4096
937	1235452034	1235456130	4096
938	1235464322	1235468418	4096
939	1235468418	1235472514	4096
940	1235529858	1235533954	4096
941	1235533954	1235538050	4096
942	1235538050	1235542146	4096
943	1235546242	1235550338	4096
944	1235574914	1235579010	4096
945	1235591298	1235595394	4096
946	1235599490	1235603586	4096
947	1235619970	1235624066	4096
948	1235624066	1235628162	4096
949	1235628162	1235632258	4096
950	1235632258	1235636354	4096
951	1235644546	1235648642	4096
952	1235726466	1235730562	4096
953	1235865730	1235869826	4096
954	1235882114	1235886210	4096
955	1235931266	1235935362	4096
956	1235935362	1235939458	4096
957	1235951746	1235955842	4096
958	1235964034	1235968130	4096
959	1236045954	1236050050	4096
960	1236091010	1236095106	4096
961	1236095106	1236099202	4096
962	1236136066	1236140162	4096
963	1236217986	1236222082	4096
964	1236238466	1236242562	4096
965	1236242562	1236246658	4096
966	1236254850	1236258946	4096
967	1236258946	1236263042	4096
968	1236271234	1236275330	4096
969	1236275330	1236279426	4096
970	1236320386	1236324482	4096
971	1236328578	1236332674	4096
972	1236332674	1236336770	4096
973	1236357250	1236361346	4096
974	1236394114	1236398210	4096
975	1236406402	1236410498	4096
976	1236410498	1236414594	4096
977	1236484226	1236488322	4096
978	1236496514	1236500610	4096
979	1236566146	1236570242	4096
980	1236570242	1236574338	4096
981	1236578434	1236582530	4096
982	1236652162	1236656258	4096
983	1236656258	1236660354	4096
984	1236672642	1236676738	4096
985	1236840578	1236844674	4096
986	1236865154	1236869250	4096
987	1236934786	1236938882	4096
988	1236996226	1237000322	4096
989	1237090434	1237094530	4096
990	1237127298	1237131394	4096
991	1237131394	1237135490	4096
992	1237328002	1237332098	4096
993	1237434498	1237438594	4096
994	1237438594	1237442690	4096
995	1237528706	1237532802	4096
996	1237540994	1237545090	4096
997	1237573762	1237577858	4096
998	1237594242	1237598338	4096
999	1237680258	1237684354	4096
1000	1237700738	1237704834	4096
1001	1237819522	1237823618	4096
1002	1237827714	1237831810	4096
1003	1237835906	1237840002	4096
1004	1237840002	1237844098	4096
1005	1237844098	1237848194	4096
1006	1237848194	1237852290	4096
1007	1237864578	1237868674	4096
1008	1237880962	1237885058	4096
1009	1237926018	1237930114	4096
1010	1237979266	1237983362	4096
1011	1237999746	1238003842	4096
1012	1238143106	1238147202	4096
1013	1238274178	1238278274	4096
1014	1238290562	1238294658	4096
1015	1238491266	1238495362	4096
1016	1238593666	1238597762	4096
1017	1238630530	1238634626	4096
1018	1238728834	1238732930	4096
1019	1238732930	1238737026	4096
1020	1238741122	1238745218	4096
1021	1238749314	1238753410	4096
1022	1238868098	1238872194	4096
1023	1238909058	1238913154	4096
1024	1239003266	1239007362	4096
1025	1239007362	1239011458	4096
1026	1239052418	1239056514	4096
1027	1239101570	1239105666	4096
1028	1239105666	1239109762	4096
1029	1239113858	1239117954	4096
1030	1239117954	1239122050	4096
1031	1239150722	1239154818	4096
1032	1239154818	1239158914	4096
1033	1239158914	1239163010	4096
1034	1239171202	1239175298	4096
1035	1239273602	1239277698	4096
1036	1239339138	1239343234	4096
1037	1239412866	1239416962	4096
1038	1239445634	1239449730	4096
1039	1239482498	1239486594	4096
1040	1239511170	1239515266	4096
1041	1239515266	1239519362	4096
1042	1239597186	1239601282	4096
1043	1239601282	1239605378	4096
1044	1239609474	1239613570	4096
1045	1239621762	1239625858	4096
1046	1239634050	1239638146	4096
1047	1239806082	1239810178	4096
1048	1239826562	1239830658	4096
1049	1239851138	1239855234	4096
1050	1239863426	1239867522	4096
1051	1239916674	1239920770	4096
1052	1239945346	1239949442	4096
1053	1239957634	1239961730	4096
1054	1239961730	1239965826	4096
1055	1239978114	1239982210	4096
1056	1239982210	1239986306	4096
1057	1239990402	1239994498	4096
1058	1239998594	1240002690	4096
1059	1240002690	1240006786	4096
1060	1240006786	1240010882	4096
1061	1240031362	1240035458	4096
1062	1240035458	1240039554	4096
1063	1240055938	1240060034	4096
1064	1240064130	1240068226	4096
1065	1240084610	1240088706	4096
1066	1240100994	1240105090	4096
1067	1240109186	1240113282	4096
1068	1240121474	1240125570	4096
1069	1240162434	1240166530	4096
1070	1240187010	1240191106	4096
1071	1240199298	1240203394	4096
1072	1240256642	1240260738	4096
1073	1240707202	1240711298	4096
1074	1240903810	1240907906	4096
1075	1240944770	1240948866	4096
1076	1240961154	1240965250	4096
1077	1240965250	1240969346	4096
1078	1240969346	1240973442	4096
1079	1241022594	1241026690	4096
1080	1241030786	1241034882	4096
1081	1241034882	1241038978	4096
1082	1241038978	1241043074	4096
1083	1241059458	1241063554	4096
1084	1241075842	1241079938	4096
1085	1241079938	1241084034	4096
1086	1241137282	1241141378	4096
1087	1241145474	1241149570	4096
1088	1241211010	1241215106	4096
1089	1241239682	1241243778	4096
1090	1241243778	1241247874	4096
1091	1241272450	1241276546	4096
1092	1241288834	1241292930	4096
1093	1241329794	1241333890	4096
1094	1241407618	1241411714	4096
1095	1241411714	1241415810	4096
1096	1241473154	1241477250	4096
1097	1241477250	1241481346	4096
1098	1241481346	1241485442	4096
1099	1241493634	1241497730	4096
1100	1241497730	1241501826	4096
1101	1241501826	1241505922	4096
1102	1241510018	1241514114	4096
1103	1241514114	1241518210	4096
1104	1241518210	1241522306	4096
1105	1241522306	1241526402	4096
1106	1241534594	1241538690	4096
1107	1241538690	1241542786	4096
1108	1241567362	1241571458	4096
1109	1241571458	1241575554	4096
1110	1241575554	1241579650	4096
1111	1241587842	1241591938	4096
1112	1241591938	1241596034	4096
1113	1241596034	1241600130	4096
1114	1241604226	1241608322	4096
1115	1241624706	1241628802	4096
1116	1241628802	1241632898	4096
1117	1241632898	1241636994	4096
1118	1241636994	1241641090	4096
1119	1241649282	1241653378	4096
1120	1241657474	1241661570	4096
1121	1241661570	1241665666	4096
1122	1241673858	1241677954	4096
1123	1241677954	1241682050	4096
1124	1241686146	1241690242	4096
1125	1241723010	1241727106	4096
1126	1241755778	1241759874	4096
1127	1241768066	1241772162	4096
1128	1241776258	1241780354	4096
1129	1241788546	1241792642	4096
1130	1241792642	1241796738	4096
1131	1241796738	1241800834	4096
1132	1241800834	1241804930	4096
1133	1241804930	1241809026	4096
1134	1241813122	1241817218	4096
1135	1241817218	1241821314	4096
1136	1241821314	1241825410	4096
1137	1241825410	1241829506	4096
1138	1241829506	1241833602	4096
1139	1241833602	1241837698	4096
1140	1241837698	1241841794	4096
1141	1241841794	1241845890	4096
1142	1241845890	1241849986	4096
1143	1241849986	1241854082	4096
1144	1241854082	1241858178	4096
1145	1241870466	1241874562	4096
1146	1241874562	1241878658	4096
1147	1241886850	1241890946	4096
1148	1241899138	1241903234	4096
1149	1241915522	1241919618	4096
1150	1241931906	1241936002	4096
1151	1241944194	1241948290	4096
1152	1242136706	1242140802	4096
1153	1242165378	1242169474	4096
1154	1242173570	1242177666	4096
1155	1242177666	1242181762	4096
1156	1242263682	1242267778	4096
1157	1242292354	1242296450	4096
1158	1242308738	1242312834	4096
1159	1242337410	1242341506	4096
1160	1242357890	1242361986	4096
1161	1242423426	1242427522	4096
1162	1242517634	1242521730	4096
1163	1242521730	1242525826	4096
1164	1242628226	1242632322	4096
1165	1242636418	1242640514	4096
1166	1242673282	1242677378	4096
1167	1242701954	1242706050	4096
1168	1242706050	1242710146	4096
1169	1242800258	1242804354	4096
1170	1242812546	1242816642	4096
1171	1242824834	1242828930	4096
1172	1242861698	1242865794	4096
1173	1242865794	1242869890	4096
1174	1242873986	1242878082	4096
1175	1242890370	1242894466	4096
1176	1242894466	1242898562	4096
1177	1242931330	1242935426	4096
1178	1242955906	1242960002	4096
1179	1242960002	1242964098	4096
1180	1242964098	1242968194	4096
1181	1242972290	1242976386	4096
1182	1242984578	1242988674	4096
1183	1243000962	1243005058	4096
1184	1243152514	1243156610	4096
1185	1243242626	1243246722	4096
1186	1243246722	1243250818	4096
1187	1243254914	1243259010	4096
1188	1243263106	1243267202	4096
1189	1243267202	1243271298	4096
1190	1243287682	1243291778	4096
1191	1243312258	1243316354	4096
1192	1243320450	1243324546	4096
1193	1243332738	1243336834	4096
1194	1243361410	1243365506	4096
1195	1243377794	1243381890	4096
1196	1243414658	1243418754	4096
1197	1243418754	1243422850	4096
